T(K)  p(mbar)  mu(amu)  mean cp(kJ/kg/K)
       75.000000    0.0010000000       2.3488789       12.902114
       75.000000    0.0030000000       2.3488795       12.902114
       75.000000     0.010000000       2.3488789       12.902114
       75.000000     0.030000000       2.3488795       12.902114
       75.000000      0.10000000       2.3488789       12.902114
       75.000000      0.30000000       2.3488795       12.902114
       75.000000       1.0000000       2.3488789       12.902114
       75.000000       3.0000000       2.3488795       12.902114
       75.000000       10.000000       2.3488789       12.902114
       75.000000       30.000000       2.3488795       12.902114
       75.000000       100.00000       2.3488789       12.902114
       75.000000       300.00000       2.3488795       12.902114
       75.000000       1000.0000       2.3488789       12.902114
       75.000000       3000.0000       2.3488795       12.902114
       75.000000       10000.000       2.3488789       12.902114
       100.00000    0.0010000000       2.3508966       12.418455
       100.00000    0.0030000000       2.3508959       12.418455
       100.00000     0.010000000       2.3504185       12.418455
       100.00000     0.030000000       2.3493919       12.418455
       100.00000      0.10000000       2.3490334       12.418455
       100.00000      0.30000000       2.3489302       12.418455
       100.00000       1.0000000       2.3488949       12.418455
       100.00000       3.0000000       2.3488840       12.418455
       100.00000       10.000000       2.3488810       12.418455
       100.00000       30.000000       2.3488794       12.418455
       100.00000       100.00000       2.3488797       12.418455
       100.00000       300.00000       2.3488789       12.418455
       100.00000       1000.0000       2.3488795       12.418455
       100.00000       3000.0000       2.3488789       12.418455
       100.00000       10000.000       2.3488795       12.418455
       100.00000       30000.000       2.3488789       12.418455
       110.00000    0.0010000000       2.3508961       12.358075
       110.00000    0.0030000000       2.3508960       12.358075
       110.00000     0.010000000       2.3508959       12.358075
       110.00000     0.030000000       2.3508959       12.358075
       110.00000      0.10000000       2.3508959       12.358075
       110.00000      0.30000000       2.3503037       12.358075
       110.00000       1.0000000       2.3493063       12.358075
       110.00000       3.0000000       2.3490214       12.358075
       110.00000       10.000000       2.3489216       12.358075
       110.00000       30.000000       2.3488931       12.358075
       110.00000       100.00000       2.3488831       12.358075
       110.00000       300.00000       2.3488803       12.358075
       110.00000       1000.0000       2.3488793       12.358075
       110.00000       3000.0000       2.3488790       12.358075
       110.00000       10000.000       2.3488789       12.358075
       110.00000       30000.000       2.3488789       12.358075
       110.00000       100000.00       2.3488789       12.358075
       120.00000    0.0010000000       2.3509062       12.359483
       120.00000    0.0030000000       2.3509000       12.359483
       120.00000     0.010000000       2.3508970       12.359483
       120.00000     0.030000000       2.3508969       12.359483
       120.00000      0.10000000       2.3508960       12.359483
       120.00000      0.30000000       2.3508966       12.359483
       120.00000       1.0000000       2.3508959       12.359483
       120.00000       3.0000000       2.3508966       12.359483
       120.00000       10.000000       2.3495611       12.359483
       120.00000       30.000000       2.3491069       12.359483
       120.00000       100.00000       2.3489471       12.359483
       120.00000       300.00000       2.3489022       12.359483
       120.00000       1000.0000       2.3488857       12.359483
       120.00000       3000.0000       2.3488818       12.359483
       120.00000       10000.000       2.3488795       12.359483
       120.00000       30000.000       2.3488797       12.359483
       120.00000       100000.00       2.3488789       12.359483
       130.00000    0.0010000000       2.3512557       12.413164
       130.00000    0.0030000000       2.3510165       12.413171
       130.00000     0.010000000       2.3509319       12.413174
       130.00000     0.030000000       2.3509086       12.413174
       130.00000      0.10000000       2.3508995       12.413175
       130.00000      0.30000000       2.3508978       12.413174
       130.00000       1.0000000       2.3508963       12.413175
       130.00000       3.0000000       2.3508967       12.413174
       130.00000       10.000000       2.3508960       12.413175
       130.00000       30.000000       2.3508966       12.413174
       130.00000       100.00000       2.3495899       12.413175
       130.00000       300.00000       2.3491165       12.413174
       130.00000       1000.0000       2.3489500       12.413175
       130.00000       3000.0000       2.3489032       12.413174
       130.00000       10000.000       2.3488860       12.413175
       130.00000       30000.000       2.3488819       12.413174
       130.00000       100000.00       2.3488796       12.413175
       140.00000    0.0010000000       2.3517485       12.509318
       140.00000    0.0030000000       2.3517178       12.509534
       140.00000     0.010000000       2.3516580       12.509610
       140.00000     0.030000000       2.3511498       12.509632
       140.00000      0.10000000       2.3509727       12.509639
       140.00000      0.30000000       2.3509213       12.509641
       140.00000       1.0000000       2.3509042       12.509642
       140.00000       3.0000000       2.3508985       12.509642
       140.00000       10.000000       2.3508973       12.509642
       140.00000       30.000000       2.3508962       12.509642
       140.00000       100.00000       2.3508966       12.509642
       140.00000       300.00000       2.3506460       12.509642
       140.00000       1000.0000       2.3494097       12.509642
       140.00000       3000.0000       2.3490556       12.509642
       140.00000       10000.000       2.3489325       12.509642
       140.00000       30000.000       2.3488965       12.509642
       140.00000       100000.00       2.3488848       12.509642
       150.00000    0.0010000000       2.3525554       12.633173
       150.00000    0.0030000000       2.3519876       12.637311
       150.00000     0.010000000       2.3517880       12.638760
       150.00000     0.030000000       2.3517318       12.639173
       150.00000      0.10000000       2.3517113       12.639319
       150.00000      0.30000000       2.3512543       12.639360
       150.00000       1.0000000       2.3510033       12.639374
       150.00000       3.0000000       2.3509323       12.639378
       150.00000       10.000000       2.3509067       12.639380
       150.00000       30.000000       2.3509001       12.639380
       150.00000       100.00000       2.3508970       12.639381
       150.00000       300.00000       2.3508969       12.639380
       150.00000       1000.0000       2.3508960       12.639381
       150.00000       3000.0000       2.3498876       12.639380
       150.00000       10000.000       2.3491813       12.639381
       150.00000       30000.000       2.3489803       12.639380
       150.00000       100000.00       2.3489091       12.639381
       160.00000    0.0010000000       2.3628556       12.711005
       160.00000    0.0030000000       2.3554175       12.765456
       160.00000     0.010000000       2.3528159       12.784641
       160.00000     0.030000000       2.3520716       12.790136
       160.00000      0.10000000       2.3518151       12.792058
       160.00000      0.30000000       2.3517400       12.792608
       160.00000       1.0000000       2.3517146       12.792801
       160.00000       3.0000000       2.3512584       12.792856
       160.00000       10.000000       2.3510053       12.792875
       160.00000       30.000000       2.3509322       12.792881
       160.00000       100.00000       2.3509075       12.792882
       160.00000       300.00000       2.3508996       12.792883
       160.00000       1000.0000       2.3508977       12.792883
       160.00000       3000.0000       2.3508963       12.792883
       160.00000       10000.000       2.3502672       12.792883
       160.00000       30000.000       2.3493415       12.792883
       160.00000       100000.00       2.3490183       12.792883
       170.00000    0.0010000000       2.3645322       12.865113
       170.00000    0.0030000000       2.3645322       12.865113
       170.00000     0.010000000       2.3624950       12.880175
       170.00000     0.030000000       2.3552973       12.933693
       170.00000      0.10000000       2.3527764       12.952548
       170.00000      0.30000000       2.3520562       12.957946
       170.00000       1.0000000       2.3518075       12.959836
       170.00000       3.0000000       2.3517388       12.960374
       170.00000       10.000000       2.3517142       12.960563
       170.00000       30.000000       2.3511758       12.960617
       170.00000       100.00000       2.3509805       12.960636
       170.00000       300.00000       2.3509239       12.960642
       170.00000       1000.0000       2.3509050       12.960644
       170.00000       3000.0000       2.3508987       12.960644
       170.00000       10000.000       2.3508974       12.960644
       170.00000       30000.000       2.3506531       12.960644
       170.00000       100000.00       2.3494118       12.960644
       180.00000    0.0010000000       2.3645355       13.036136
       180.00000    0.0030000000       2.3645355       13.036136
       180.00000     0.010000000       2.3645355       13.036136
       180.00000     0.030000000       2.3645355       13.036136
       180.00000      0.10000000       2.3598213       13.071592
       180.00000      0.30000000       2.3544075       13.112562
       180.00000       1.0000000       2.3525117       13.126974
       180.00000       3.0000000       2.3519733       13.131096
       180.00000       10.000000       2.3517839       13.132540
       180.00000       30.000000       2.3517331       13.132951
       180.00000       100.00000       2.3514191       13.133094
       180.00000       300.00000       2.3510746       13.133136
       180.00000       1000.0000       2.3509541       13.133150
       180.00000       3000.0000       2.3509196       13.133155
       180.00000       10000.000       2.3509076       13.133156
       180.00000       30000.000       2.3509041       13.133156
       180.00000       100000.00       2.3506438       13.133156
       190.00000    0.0010000000       2.3645424       13.202443
       190.00000    0.0030000000       2.3645424       13.202442
       190.00000     0.010000000       2.3645423       13.202444
       190.00000     0.030000000       2.3645423       13.202444
       190.00000      0.10000000       2.3645424       13.202443
       190.00000      0.30000000       2.3645422       13.202445
       190.00000       1.0000000       2.3566457       13.262838
       190.00000       3.0000000       2.3533527       13.288197
       190.00000       10.000000       2.3522038       13.297098
       190.00000       30.000000       2.3518739       13.299643
       190.00000       100.00000       2.3517625       13.300533
       190.00000       300.00000       2.3517297       13.300787
       190.00000       1000.0000       2.3511691       13.300878
       190.00000       3000.0000       2.3509939       13.300905
       190.00000       10000.000       2.3509325       13.300912
       190.00000       30000.000       2.3509150       13.300914
       190.00000       100000.00       2.3509089       13.300915
       200.00000    0.0010000000       2.3645431       13.354617
       200.00000    0.0030000000       2.3645430       13.354619
       200.00000     0.010000000       2.3645429       13.354619
       200.00000     0.030000000       2.3645431       13.354618
       200.00000      0.10000000       2.3645431       13.354618
       200.00000      0.30000000       2.3645429       13.354620
       200.00000       1.0000000       2.3645431       13.354620
       200.00000       3.0000000       2.3600642       13.389266
       200.00000       10.000000       2.3542146       13.434796
       200.00000       30.000000       2.3525459       13.447873
       200.00000       100.00000       2.3519640       13.452452
       200.00000       300.00000       2.3517969       13.453761
       200.00000       1000.0000       2.3517382       13.454222
       200.00000       3000.0000       2.3512852       13.454362
       200.00000       10000.000       2.3510199       13.454399
       200.00000       30000.000       2.3509441       13.454410
       200.00000       100000.00       2.3509176       13.454413
       210.00000    0.0010000000       2.3645422       13.485722
       210.00000    0.0030000000       2.3645430       13.485724
       210.00000     0.010000000       2.3645423       13.485725
       210.00000     0.030000000       2.3645430       13.485723
       210.00000      0.10000000       2.3645422       13.485725
       210.00000      0.30000000       2.3645430       13.485724
       210.00000       1.0000000       2.3645422       13.485727
       210.00000       3.0000000       2.3645429       13.485732
       210.00000       10.000000       2.3626082       13.500845
       210.00000       30.000000       2.3553456       13.557933
       210.00000       100.00000       2.3528034       13.578034
       210.00000       300.00000       2.3520769       13.583792
       210.00000       1000.0000       2.3518216       13.585816
       210.00000       3000.0000       2.3517495       13.586428
       210.00000       10000.000       2.3513334       13.586593
       210.00000       30000.000       2.3510489       13.586639
       210.00000       100000.00       2.3509484       13.586655
       220.00000    0.0010000000       2.3645416       13.598764
       220.00000    0.0030000000       2.3645423       13.598790
       220.00000     0.010000000       2.3645423       13.598793
       220.00000     0.030000000       2.3645425       13.598791
       220.00000      0.10000000       2.3645423       13.598793
       220.00000      0.30000000       2.3645425       13.598792
       220.00000       1.0000000       2.3645422       13.598795
       220.00000       3.0000000       2.3645422       13.598800
       220.00000       10.000000       2.3645424       13.598807
       220.00000       30.000000       2.3645462       13.598860
       220.00000       100.00000       2.3558633       13.667633
       220.00000       300.00000       2.3530969       13.689698
       220.00000       1000.0000       2.3521282       13.697462
       220.00000       3000.0000       2.3518515       13.699814
       220.00000       10000.000       2.3517546       13.700447
       220.00000       30000.000       2.3513823       13.700625
       220.00000       100000.00       2.3510491       13.700687
       230.00000    0.0010000000       2.3645419       13.698963
       230.00000    0.0030000000       2.3645417       13.699177
       230.00000     0.010000000       2.3645429       13.699201
       230.00000     0.030000000       2.3645423       13.699203
       230.00000      0.10000000       2.3645429       13.699203
       230.00000      0.30000000       2.3645424       13.699203
       230.00000       1.0000000       2.3645429       13.699205
       230.00000       3.0000000       2.3645423       13.699211
       230.00000       10.000000       2.3645431       13.699217
       230.00000       30.000000       2.3645467       13.699272
       230.00000       100.00000       2.3645504       13.699339
       230.00000       300.00000       2.3563992       13.764447
       230.00000       1000.0000       2.3531192       13.790894
       230.00000       3000.0000       2.3521819       13.798918
       230.00000       10000.000       2.3518537       13.801085
       230.00000       30000.000       2.3517600       13.801694
       230.00000       100000.00       2.3513357       13.801907
       240.00000    0.0010000000       2.3645038       13.787653
       240.00000    0.0030000000       2.3645427       13.788869
       240.00000     0.010000000       2.3645454       13.789039
       240.00000     0.030000000       2.3645427       13.789057
       240.00000      0.10000000       2.3645423       13.789058
       240.00000      0.30000000       2.3645429       13.789059
       240.00000       1.0000000       2.3645423       13.789060
       240.00000       3.0000000       2.3645429       13.789065
       240.00000       10.000000       2.3645424       13.789072
       240.00000       30.000000       2.3645467       13.789126
       240.00000       100.00000       2.3645497       13.789193
       240.00000       300.00000       2.3645507       13.789491
       240.00000       1000.0000       2.3560143       13.858459
       240.00000       3000.0000       2.3531473       13.883126
       240.00000       10000.000       2.3521428       13.889814
       240.00000       30000.000       2.3518566       13.891694
       240.00000       100000.00       2.3517555       13.892353
       250.00000    0.0010000000       2.3644391       13.862480
       250.00000    0.0030000000       2.3645312       13.866172
       250.00000     0.010000000       2.3645475       13.867074
       250.00000     0.030000000       2.3645460       13.867166
       250.00000      0.10000000       2.3645429       13.867178
       250.00000      0.30000000       2.3645429       13.867179
       250.00000       1.0000000       2.3645429       13.867181
       250.00000       3.0000000       2.3645431       13.867185
       250.00000       10.000000       2.3645430       13.867192
       250.00000       30.000000       2.3645467       13.867247
       250.00000       100.00000       2.3645504       13.867314
       250.00000       300.00000       2.3645507       13.867612
       250.00000       1000.0000       2.3637443       13.875665
       250.00000       3000.0000       2.3557255       13.944661
       250.00000       10000.000       2.3529170       13.963480
       250.00000       30000.000       2.3521145       13.968782
       250.00000       100000.00       2.3518335       13.970639
       260.00000    0.0010000000       2.3643281       13.924497
       260.00000    0.0030000000       2.3644644       13.929544
       260.00000     0.010000000       2.3645399       13.932537
       260.00000     0.030000000       2.3645482       13.932992
       260.00000      0.10000000       2.3645455       13.933048
       260.00000      0.30000000       2.3645429       13.933055
       260.00000       1.0000000       2.3645423       13.933057
       260.00000       3.0000000       2.3645429       13.933063
       260.00000       10.000000       2.3645426       13.933068
       260.00000       30.000000       2.3645465       13.933123
       260.00000       100.00000       2.3645504       13.933190
       260.00000       300.00000       2.3645506       13.933488
       260.00000       1000.0000       2.3645505       13.935173
       260.00000       3000.0000       2.3620817       13.968498
       260.00000       10000.000       2.3548251       14.017205
       260.00000       30000.000       2.3527506       14.030982
       260.00000       100000.00       2.3520244       14.035810
       260.00000       300000.00       2.3518169       14.037191
       270.00000    0.0010000000       2.3641698       13.978816
       270.00000    0.0030000000       2.3643637       13.982261
       270.00000     0.010000000       2.3644968       13.987458
       270.00000     0.030000000       2.3645476       13.989131
       270.00000      0.10000000       2.3645488       13.989386
       270.00000      0.30000000       2.3645453       13.989412
       270.00000       1.0000000       2.3645462       13.989415
       270.00000       3.0000000       2.3645422       13.989422
       270.00000       10.000000       2.3645429       13.989429
       270.00000       30.000000       2.3645459       13.989483
       270.00000       100.00000       2.3645504       13.989550
       270.00000       300.00000       2.3645507       13.989847
       270.00000       1000.0000       2.3645506       13.991533
       270.00000       3000.0000       2.3645506       14.008465
       270.00000       10000.000       2.3592095       14.044764
       270.00000       30000.000       2.3542127       14.078021
       270.00000       100000.00       2.3524631       14.089707
       270.00000       300000.00       2.3519631       14.093052
       275.00000    0.0010000000       2.3640508       14.004470
       275.00000    0.0030000000       2.3643123       14.006434
       275.00000     0.010000000       2.3644719       14.011864
       275.00000     0.030000000       2.3645425       14.014564
       275.00000      0.10000000       2.3645482       14.015076
       275.00000      0.30000000       2.3645494       14.015122
       275.00000       1.0000000       2.3645462       14.015131
       275.00000       3.0000000       2.3645421       14.015140
       275.00000       10.000000       2.3645423       14.015146
       275.00000       30.000000       2.3645459       14.015199
       275.00000       100.00000       2.3645504       14.015266
       275.00000       300.00000       2.3645507       14.015564
       275.00000       1000.0000       2.3645505       14.017249
       275.00000       3000.0000       2.3645505       14.034181
       275.00000       10000.000       2.3629816       14.045535
       275.00000       30000.000       2.3554712       14.095498
       275.00000       100000.00       2.3528407       14.113097
       275.00000       300000.00       2.3520890       14.118138
       280.00000    0.0010000000       2.3639071       14.029453
       280.00000    0.0030000000       2.3642495       14.029908
       280.00000     0.010000000       2.3644358       14.034832
       280.00000     0.030000000       2.3645132       14.038625
       280.00000      0.10000000       2.3645507       14.039576
       280.00000      0.30000000       2.3645491       14.039676
       280.00000       1.0000000       2.3645461       14.039690
       280.00000       3.0000000       2.3645463       14.039695
       280.00000       10.000000       2.3645462       14.039703
       280.00000       30.000000       2.3645464       14.039759
       280.00000       100.00000       2.3645503       14.039825
       280.00000       300.00000       2.3645507       14.040123
       280.00000       1000.0000       2.3645505       14.041808
       280.00000       3000.0000       2.3645506       14.058740
       280.00000       10000.000       2.3645505       14.059714
       280.00000       30000.000       2.3569822       14.110092
       280.00000       100000.00       2.3532942       14.134798
       280.00000       300000.00       2.3522402       14.141881
       290.00000    0.0010000000       2.3636588       14.075600
       290.00000    0.0030000000       2.3640193       14.074614
       290.00000     0.010000000       2.3643284       14.076936
       290.00000     0.030000000       2.3644757       14.081906
       290.00000      0.10000000       2.3645491       14.084495
       290.00000      0.30000000       2.3645518       14.084857
       290.00000       1.0000000       2.3645492       14.084904
       290.00000       3.0000000       2.3645463       14.084913
       290.00000       10.000000       2.3645462       14.084921
       290.00000       30.000000       2.3645466       14.084976
       290.00000       100.00000       2.3645502       14.085044
       290.00000       300.00000       2.3645503       14.085343
       290.00000       1000.0000       2.3645539       14.087024
       290.00000       3000.0000       2.3645505       14.103958
       290.00000       10000.000       2.3645505       14.104932
       290.00000       30000.000       2.3617146       14.123834
       290.00000       100000.00       2.3547149       14.170764
       290.00000       300000.00       2.3527139       14.184258
       300.00000    0.0010000000       2.3641433       14.109582
       300.00000    0.0030000000       2.3641615       14.110427
       300.00000     0.010000000       2.3642101       14.113000
       300.00000     0.030000000       2.3643205       14.117781
       300.00000      0.10000000       2.3644292       14.122487
       300.00000      0.30000000       2.3644526       14.123606
       300.00000       1.0000000       2.3644547       14.123760
       300.00000       3.0000000       2.3644556       14.123779
       300.00000       10.000000       2.3644550       14.123788
       300.00000       30.000000       2.3644555       14.123846
       300.00000       100.00000       2.3644549       14.123917
       300.00000       300.00000       2.3644555       14.124217
       300.00000       1000.0000       2.3644549       14.125901
       300.00000       3000.0000       2.3644555       14.142823
       300.00000       10000.000       2.3644549       14.143796
       300.00000       30000.000       2.3644555       14.143785
       300.00000       100000.00       2.3570834       14.193212
       300.00000       300000.00       2.3534452       14.217797
       310.00000    0.0010000000       2.3641402       14.140872
       310.00000    0.0030000000       2.3641515       14.141353
       310.00000     0.010000000       2.3641790       14.142912
       310.00000     0.030000000       2.3642472       14.146428
       310.00000      0.10000000       2.3643770       14.152149
       310.00000      0.30000000       2.3644463       14.154771
       310.00000       1.0000000       2.3644546       14.155249
       310.00000       3.0000000       2.3644555       14.155299
       310.00000       10.000000       2.3644556       14.155312
       310.00000       30.000000       2.3644555       14.155370
       310.00000       100.00000       2.3644555       14.155442
       310.00000       300.00000       2.3644555       14.155741
       310.00000       1000.0000       2.3644555       14.157425
       310.00000       3000.0000       2.3644555       14.174347
       310.00000       10000.000       2.3644555       14.175320
       310.00000       30000.000       2.3644555       14.175309
       310.00000       100000.00       2.3611777       14.197223
       310.00000       300000.00       2.3548107       14.240232
       320.00000    0.0010000000       2.3641373       14.166820
       320.00000    0.0030000000       2.3641429       14.167098
       320.00000     0.010000000       2.3641618       14.168032
       320.00000     0.030000000       2.3642067       14.170368
       320.00000      0.10000000       2.3643244       14.175595
       320.00000      0.30000000       2.3644278       14.179953
       320.00000       1.0000000       2.3644529       14.181226
       320.00000       3.0000000       2.3644552       14.181368
       320.00000       10.000000       2.3644556       14.181391
       320.00000       30.000000       2.3644555       14.181451
       320.00000       100.00000       2.3644555       14.181522
       320.00000       300.00000       2.3644555       14.181822
       320.00000       1000.0000       2.3644555       14.183505
       320.00000       3000.0000       2.3644555       14.200427
       320.00000       10000.000       2.3644555       14.201400
       320.00000       30000.000       2.3644555       14.201389
       320.00000       100000.00       2.3644555       14.201246
       320.00000       300000.00       2.3570084       14.251468
       330.00000    0.0010000000       2.3641362       14.189776
       330.00000    0.0030000000       2.3641401       14.189939
       330.00000     0.010000000       2.3641523       14.190506
       330.00000     0.030000000       2.3641792       14.192001
       330.00000      0.10000000       2.3642755       14.196022
       330.00000      0.30000000       2.3643774       14.201287
       330.00000       1.0000000       2.3644483       14.203990
       330.00000       3.0000000       2.3644547       14.204375
       330.00000       10.000000       2.3644556       14.204428
       330.00000       30.000000       2.3644555       14.204490
       330.00000       100.00000       2.3644555       14.204561
       330.00000       300.00000       2.3644555       14.204862
       330.00000       1000.0000       2.3644555       14.206545
       330.00000       3000.0000       2.3644555       14.223467
       330.00000       10000.000       2.3644555       14.224440
       330.00000       30000.000       2.3644555       14.224429
       330.00000       100000.00       2.3644555       14.224286
       330.00000       300000.00       2.3604370       14.251228
       340.00000    0.0010000000       2.3641357       14.210497
       340.00000    0.0030000000       2.3641381       14.210599
       340.00000     0.010000000       2.3641436       14.210947
       340.00000     0.030000000       2.3641640       14.211895
       340.00000      0.10000000       2.3642170       14.214729
       340.00000      0.30000000       2.3643337       14.219732
       340.00000       1.0000000       2.3644372       14.224127
       340.00000       3.0000000       2.3644532       14.225067
       340.00000       10.000000       2.3644553       14.225197
       340.00000       30.000000       2.3644555       14.225266
       340.00000       100.00000       2.3644555       14.225339
       340.00000       300.00000       2.3644555       14.225639
       340.00000       1000.0000       2.3644555       14.227322
       340.00000       3000.0000       2.3644555       14.244244
       340.00000       10000.000       2.3644555       14.245217
       340.00000       30000.000       2.3644555       14.245206
       340.00000       100000.00       2.3644555       14.245063
       340.00000       300000.00       2.3644555       14.244710
       350.00000    0.0010000000       2.3641353       14.228127
       350.00000    0.0030000000       2.3641364       14.228190
       350.00000     0.010000000       2.3641405       14.228407
       350.00000     0.030000000       2.3641541       14.229015
       350.00000      0.10000000       2.3641918       14.230939
       350.00000      0.30000000       2.3642857       14.235023
       350.00000       1.0000000       2.3643930       14.240574
       350.00000       3.0000000       2.3644497       14.242529
       350.00000       10.000000       2.3644550       14.242846
       350.00000       30.000000       2.3644555       14.242932
       350.00000       100.00000       2.3644555       14.243006
       350.00000       300.00000       2.3644555       14.243307
       350.00000       1000.0000       2.3644555       14.244990
       350.00000       3000.0000       2.3644555       14.261912
       350.00000       10000.000       2.3644555       14.262885
       350.00000       30000.000       2.3644555       14.262874
       350.00000       100000.00       2.3644555       14.262731
       350.00000       300000.00       2.3644555       14.262377
       375.00000    0.0010000000       2.3641356       14.258131
       375.00000    0.0030000000       2.3641354       14.258153
       375.00000     0.010000000       2.3641373       14.258227
       375.00000     0.030000000       2.3641406       14.258437
       375.00000      0.10000000       2.3641567       14.259155
       375.00000      0.30000000       2.3641924       14.261009
       375.00000       1.0000000       2.3642998       14.265650
       375.00000       3.0000000       2.3643937       14.270681
       375.00000       10.000000       2.3644503       14.272664
       375.00000       30.000000       2.3644551       14.272961
       375.00000       100.00000       2.3644549       14.273059
       375.00000       300.00000       2.3644555       14.273357
       375.00000       1000.0000       2.3644549       14.275011
       375.00000       3000.0000       2.3644555       14.291594
       375.00000       10000.000       2.3644549       14.292622
       375.00000       30000.000       2.3644555       14.292953
       375.00000       100000.00       2.3644549       14.292823
       375.00000       300000.00       2.3644555       14.292462
       400.00000    0.0010000000       2.3641340       14.278469
       400.00000    0.0030000000       2.3641341       14.278478
       400.00000     0.010000000       2.3641346       14.278506
       400.00000     0.030000000       2.3641360       14.278589
       400.00000      0.10000000       2.3641410       14.278872
       400.00000      0.30000000       2.3641579       14.279651
       400.00000       1.0000000       2.3642034       14.282056
       400.00000       3.0000000       2.3643103       14.286713
       400.00000       10.000000       2.3644249       14.291758
       400.00000       30.000000       2.3644510       14.293135
       400.00000       100.00000       2.3644543       14.293378
       400.00000       300.00000       2.3644545       14.293630
       400.00000       1000.0000       2.3644546       14.294897
       400.00000       3000.0000       2.3644545       14.307056
       400.00000       10000.000       2.3644545       14.308800
       400.00000       30000.000       2.3644545       14.313600
       400.00000       100000.00       2.3644545       14.313640
       400.00000       300000.00       2.3644545       14.313178
       425.00000    0.0010000000       2.3641339       14.291665
       425.00000    0.0030000000       2.3641346       14.291668
       425.00000     0.010000000       2.3641343       14.291679
       425.00000     0.030000000       2.3641355       14.291715
       425.00000      0.10000000       2.3641370       14.291837
       425.00000      0.30000000       2.3641436       14.292180
       425.00000       1.0000000       2.3641660       14.293317
       425.00000       3.0000000       2.3642178       14.296079
       425.00000       10.000000       2.3643442       14.301680
       425.00000       30.000000       2.3644374       14.305514
       425.00000       100.00000       2.3644528       14.306473
       425.00000       300.00000       2.3644545       14.306743
       425.00000       1000.0000       2.3644545       14.307645
       425.00000       3000.0000       2.3644546       14.315660
       425.00000       10000.000       2.3644545       14.318106
       425.00000       30000.000       2.3644546       14.327075
       425.00000       100000.00       2.3644545       14.327283
       425.00000       300000.00       2.3644546       14.326716
       450.00000    0.0010000000       2.3641330       14.299536
       450.00000    0.0030000000       2.3641343       14.299529
       450.00000     0.010000000       2.3641347       14.299533
       450.00000     0.030000000       2.3641350       14.299549
       450.00000      0.10000000       2.3641359       14.299607
       450.00000      0.30000000       2.3641389       14.299767
       450.00000       1.0000000       2.3641516       14.300318
       450.00000       3.0000000       2.3641768       14.301781
       450.00000       10.000000       2.3642718       14.305746
       450.00000       30.000000       2.3643746       14.311091
       450.00000       100.00000       2.3644468       14.313957
       450.00000       300.00000       2.3644530       14.314489
       450.00000       1000.0000       2.3644546       14.315069
       450.00000       3000.0000       2.3644540       14.319188
       450.00000       10000.000       2.3644546       14.322317
       450.00000       30000.000       2.3644539       14.335195
       450.00000       100000.00       2.3644546       14.335567
       450.00000       300000.00       2.3644539       14.334897
       475.00000    0.0010000000       2.3640856       14.304891
       475.00000    0.0030000000       2.3641315       14.304749
       475.00000     0.010000000       2.3641343       14.304735
       475.00000     0.030000000       2.3641347       14.304742
       475.00000      0.10000000       2.3641352       14.304770
       475.00000      0.30000000       2.3641367       14.304851
       475.00000       1.0000000       2.3641416       14.305132
       475.00000       3.0000000       2.3641583       14.305904
       475.00000       10.000000       2.3642028       14.308290
       475.00000       30.000000       2.3643100       14.312940
       475.00000       100.00000       2.3644237       14.318039
       475.00000       300.00000       2.3644504       14.319482
       475.00000       1000.0000       2.3644542       14.320017
       475.00000       3000.0000       2.3644539       14.322165
       475.00000       10000.000       2.3644546       14.325285
       475.00000       30000.000       2.3644539       14.338353
       475.00000       100000.00       2.3644546       14.341755
       475.00000       300000.00       2.3644539       14.341031
       500.00000    0.0010000000       2.3637567       14.312516
       500.00000    0.0030000000       2.3640716       14.311059
       500.00000     0.010000000       2.3641303       14.310849
       500.00000     0.030000000       2.3641336       14.310835
       500.00000      0.10000000       2.3641343       14.310847
       500.00000      0.30000000       2.3641351       14.310890
       500.00000       1.0000000       2.3641378       14.311041
       500.00000       3.0000000       2.3641482       14.311464
       500.00000       10.000000       2.3641729       14.312848
       500.00000       30.000000       2.3642354       14.316083
       500.00000       100.00000       2.3643618       14.321879
       500.00000       300.00000       2.3644425       14.325048
       500.00000       1000.0000       2.3644534       14.325868
       500.00000       3000.0000       2.3644544       14.326508
       500.00000       10000.000       2.3644546       14.329485
       500.00000       30000.000       2.3644545       14.342058
       500.00000       100000.00       2.3644545       14.349059
       500.00000       300000.00       2.3644545       14.348132
       575.00000    0.0010000000       2.3609861       14.355095
       575.00000    0.0030000000       2.3615155       14.353087
       575.00000     0.010000000       2.3627492       14.348256
       575.00000     0.030000000       2.3637832       14.344225
       575.00000      0.10000000       2.3640825       14.343047
       575.00000      0.30000000       2.3641314       14.342926
       575.00000       1.0000000       2.3641342       14.342944
       575.00000       3.0000000       2.3641367       14.343031
       575.00000       10.000000       2.3641416       14.343338
       575.00000       30.000000       2.3641601       14.344183
       575.00000       100.00000       2.3642078       14.346755
       575.00000       300.00000       2.3643173       14.351595
       575.00000       1000.0000       2.3644282       14.356532
       575.00000       3000.0000       2.3644516       14.357987
       575.00000       10000.000       2.3644543       14.359360
       575.00000       30000.000       2.3644546       14.364084
       575.00000       100000.00       2.3644545       14.384798
       575.00000       300000.00       2.3644546       14.400504
       650.00000    0.0010000000       2.3608366       14.385215
       650.00000    0.0030000000       2.3608411       14.385184
       650.00000     0.010000000       2.3609293       14.384919
       650.00000     0.030000000       2.3612883       14.383697
       650.00000      0.10000000       2.3623572       14.380115
       650.00000      0.30000000       2.3635746       14.376092
       650.00000       1.0000000       2.3640574       14.374466
       650.00000       3.0000000       2.3641283       14.374292
       650.00000       10.000000       2.3641362       14.374358
       650.00000       30.000000       2.3641405       14.374612
       650.00000       100.00000       2.3641591       14.375467
       650.00000       300.00000       2.3641996       14.377643
       650.00000       1000.0000       2.3643143       14.382758
       650.00000       3000.0000       2.3644217       14.387591
       650.00000       10000.000       2.3644506       14.389663
       650.00000       30000.000       2.3644542       14.391761
       650.00000       100000.00       2.3644540       14.406869
       650.00000       300000.00       2.3644546       14.499346
       725.00000    0.0010000000       2.3609714       14.437627
       725.00000    0.0030000000       2.3609708       14.437628
       725.00000     0.010000000       2.3609058       14.437621
       725.00000     0.030000000       2.3608696       14.437590
       725.00000      0.10000000       2.3609679       14.437279
       725.00000      0.30000000       2.3614171       14.435994
       725.00000       1.0000000       2.3626024       14.432633
       725.00000       3.0000000       2.3637246       14.429484
       725.00000       10.000000       2.3640756       14.428490
       725.00000       30.000000       2.3641323       14.428470
       725.00000       100.00000       2.3641416       14.428784
       725.00000       300.00000       2.3641605       14.429677
       725.00000       1000.0000       2.3642109       14.432393
       725.00000       3000.0000       2.3643219       14.437408
       725.00000       10000.000       2.3644332       14.442444
       725.00000       30000.000       2.3644518       14.444522
       725.00000       100000.00       2.3644544       14.452058
       725.00000       300000.00       2.3644546       14.515634
       800.00000    0.0010000000       2.3609715       14.523889
       800.00000    0.0030000000       2.3609709       14.523889
       800.00000     0.010000000       2.3609716       14.523888
       800.00000     0.030000000       2.3609713       14.523887
       800.00000      0.10000000       2.3609751       14.523880
       800.00000      0.30000000       2.3610079       14.523791
       800.00000       1.0000000       2.3611803       14.523186
       800.00000       3.0000000       2.3619106       14.521371
       800.00000       10.000000       2.3632878       14.518109
       800.00000       30.000000       2.3639883       14.516490
       800.00000       100.00000       2.3641264       14.516312
       800.00000       300.00000       2.3641433       14.516691
       800.00000       1000.0000       2.3641704       14.518034
       800.00000       3000.0000       2.3642313       14.521221
       800.00000       10000.000       2.3643574       14.527253
       800.00000       30000.000       2.3644413       14.531216
       800.00000       100000.00       2.3644533       14.534953
       800.00000       300000.00       2.3644548       14.548102
       900.00000    0.0010000000       2.3609711       14.642621
       900.00000    0.0030000000       2.3609718       14.642621
       900.00000     0.010000000       2.3609711       14.642621
       900.00000     0.030000000       2.3609717       14.642621
       900.00000      0.10000000       2.3609712       14.642621
       900.00000      0.30000000       2.3609725       14.642619
       900.00000       1.0000000       2.3609799       14.642605
       900.00000       3.0000000       2.3610695       14.642461
       900.00000       10.000000       2.3615065       14.641678
       900.00000       30.000000       2.3625291       14.639843
       900.00000       100.00000       2.3637054       14.637575
       900.00000       300.00000       2.3640792       14.637026
       900.00000       1000.0000       2.3641487       14.637504
       900.00000       3000.0000       2.3641790       14.639042
       900.00000       10000.000       2.3642745       14.643263
       900.00000       30000.000       2.3643776       14.649058
       900.00000       100000.00       2.3644502       14.653509
       900.00000       300000.00       2.3644601       14.659310
       1000.0000    0.0010000000       2.3609776       14.790812
       1000.0000    0.0030000000       2.3609806       14.790819
       1000.0000     0.010000000       2.3609813       14.790834
       1000.0000     0.030000000       2.3609789       14.790853
       1000.0000      0.10000000       2.3609773       14.790871
       1000.0000      0.30000000       2.3609748       14.790886
       1000.0000       1.0000000       2.3609744       14.790898
       1000.0000       3.0000000       2.3609767       14.790900
       1000.0000       10.000000       2.3610191       14.790843
       1000.0000       30.000000       2.3612860       14.790511
       1000.0000       100.00000       2.3621824       14.789350
       1000.0000       300.00000       2.3634596       14.787749
       1000.0000       1000.0000       2.3641639       14.787117
       1000.0000       3000.0000       2.3642024       14.787784
       1000.0000       10000.000       2.3642235       14.790257
       1000.0000       30000.000       2.3643254       14.795216
       1000.0000       100000.00       2.3644484       14.801480
       1000.0000       300000.00       2.3644805       14.806044
       1100.0000    0.0010000000       2.3610288       14.958555
       1100.0000    0.0030000000       2.3609873       14.958702
       1100.0000     0.010000000       2.3609821       14.958753
       1100.0000     0.030000000       2.3609813       14.958772
       1100.0000      0.10000000       2.3609830       14.958777
       1100.0000      0.30000000       2.3609847       14.958779
       1100.0000       1.0000000       2.3609845       14.958780
       1100.0000       3.0000000       2.3609857       14.958778
       1100.0000       10.000000       2.3609888       14.958778
       1100.0000       30.000000       2.3610231       14.958752
       1100.0000       100.00000       2.3612869       14.958561
       1100.0000       300.00000       2.3620533       14.957953
       1100.0000       1000.0000       2.3634446       14.956885
       1100.0000       3000.0000       2.3641534       14.956703
       1100.0000       10000.000       2.3643252       14.958056
       1100.0000       30000.000       2.3643591       14.961576
       1100.0000       100000.00       2.3644250       14.968286
       1100.0000       300000.00       2.3644820       14.973549
       1200.0000    0.0010000000       2.3658022       15.136457
       1200.0000    0.0030000000       2.3632532       15.140358
       1200.0000     0.010000000       2.3617031       15.143984
       1200.0000     0.030000000       2.3612251       15.145490
       1200.0000      0.10000000       2.3610489       15.146142
       1200.0000      0.30000000       2.3610024       15.146346
       1200.0000       1.0000000       2.3609908       15.146419
       1200.0000       3.0000000       2.3609859       15.146443
       1200.0000       10.000000       2.3609864       15.146452
       1200.0000       30.000000       2.3609910       15.146456
       1200.0000       100.00000       2.3610381       15.146441
       1200.0000       300.00000       2.3613194       15.146346
       1200.0000       1000.0000       2.3622676       15.145999
       1200.0000       3000.0000       2.3635276       15.145569
       1200.0000       10000.000       2.3642132       15.146315
       1200.0000       30000.000       2.3643549       15.148716
       1200.0000       100000.00       2.3644809       15.154593
       1200.0000       300000.00       2.3645605       15.160902
       1300.0000    0.0010000000       2.3668479       15.325398
       1300.0000    0.0030000000       2.3674281       15.325272
       1300.0000     0.010000000       2.3677890       15.325179
       1300.0000     0.030000000       2.3661262       15.329283
       1300.0000      0.10000000       2.3634361       15.336030
       1300.0000      0.30000000       2.3622408       15.339413
       1300.0000       1.0000000       2.3614039       15.342217
       1300.0000       3.0000000       2.3611239       15.343303
       1300.0000       10.000000       2.3610251       15.343746
       1300.0000       30.000000       2.3610010       15.343881
       1300.0000       100.00000       2.3610025       15.343938
       1300.0000       300.00000       2.3610662       15.343987
       1300.0000       1000.0000       2.3614970       15.344092
       1300.0000       3000.0000       2.3625115       15.344140
       1300.0000       10000.000       2.3638226       15.345096
       1300.0000       30000.000       2.3642676       15.346847
       1300.0000       100000.00       2.3644168       15.351593
       1300.0000       300000.00       2.3645386       15.358311
       1400.0000    0.0010000000       2.3626907       15.552186
       1400.0000    0.0030000000       2.3649769       15.552222
       1400.0000     0.010000000       2.3664304       15.552144
       1400.0000     0.030000000       2.3671970       15.552075
       1400.0000      0.10000000       2.3676792       15.552017
       1400.0000      0.30000000       2.3677540       15.551985
       1400.0000       1.0000000       2.3650368       15.556391
       1400.0000       3.0000000       2.3632361       15.562751
       1400.0000       10.000000       2.3622427       15.566247
       1400.0000       30.000000       2.3614640       15.569013
       1400.0000       100.00000       2.3611370       15.570338
       1400.0000       300.00000       2.3610568       15.570819
       1400.0000       1000.0000       2.3611808       15.571196
       1400.0000       3000.0000       2.3617596       15.571878
       1400.0000       10000.000       2.3630737       15.573517
       1400.0000       30000.000       2.3640587       15.575607
       1400.0000       100000.00       2.3643690       15.579557
       1400.0000       300000.00       2.3645074       15.586046
       1500.0000    0.0010000000       2.3489589       15.797389
       1500.0000    0.0030000000       2.3569467       15.798160
       1500.0000     0.010000000       2.3619669       15.798507
       1500.0000     0.030000000       2.3645990       15.798582
       1500.0000      0.10000000       2.3662541       15.798571
       1500.0000      0.30000000       2.3671027       15.798545
       1500.0000       1.0000000       2.3676482       15.798522
       1500.0000       3.0000000       2.3676699       15.798511
       1500.0000       10.000000       2.3659724       15.798496
       1500.0000       30.000000       2.3639644       15.805951
       1500.0000       100.00000       2.3628241       15.810891
       1500.0000       300.00000       2.3619529       15.814074
       1500.0000       1000.0000       2.3613369       15.816722
       1500.0000       3000.0000       2.3614048       15.818405
       1500.0000       10000.000       2.3623145       15.820988
       1500.0000       30000.000       2.3635934       15.824602
       1500.0000       100000.00       2.3642663       15.828881
       1500.0000       300000.00       2.3644692       15.834918
       1600.0000    0.0010000000       2.3104644       15.999997
       1600.0000    0.0030000000       2.3343554       16.002798
       1600.0000     0.010000000       2.3494201       16.004426
       1600.0000     0.030000000       2.3572515       16.005150
       1600.0000      0.10000000       2.3621728       16.005481
       1600.0000      0.30000000       2.3647401       16.005577
       1600.0000       1.0000000       2.3663485       16.005609
       1600.0000       3.0000000       2.3671691       16.005617
       1600.0000       10.000000       2.3676959       16.005618
       1600.0000       30.000000       2.3669817       16.005618
       1600.0000       100.00000       2.3657883       16.005613
       1600.0000       300.00000       2.3643764       16.010869
       1600.0000       1000.0000       2.3629805       16.017498
       1600.0000       3000.0000       2.3623122       16.021438
       1600.0000       10000.000       2.3619623       16.027671
       1600.0000       30000.000       2.3629776       16.033635
       1600.0000       100000.00       2.3640829       16.040304
       1600.0000       300000.00       2.3644047       16.046369
       1700.0000    0.0010000000       2.2194116       16.194780
       1700.0000    0.0030000000       2.2794306       16.203065
       1700.0000     0.010000000       2.3184848       16.207926
       1700.0000     0.030000000       2.3391006       16.210295
       1700.0000      0.10000000       2.3520969       16.211639
       1700.0000      0.30000000       2.3588613       16.212219
       1700.0000       1.0000000       2.3631003       16.212489
       1700.0000       3.0000000       2.3653084       16.212590
       1700.0000       10.000000       2.3666745       16.212646
       1700.0000       30.000000       2.3673627       16.212674
       1700.0000       100.00000       2.3678011       16.212690
       1700.0000       300.00000       2.3662343       16.212699
       1700.0000       1000.0000       2.3655907       16.212752
       1700.0000       3000.0000       2.3643247       16.218717
       1700.0000       10000.000       2.3632488       16.228489
       1700.0000       30000.000       2.3628748       16.240082
       1700.0000       100000.00       2.3638328       16.252121
       1700.0000       300000.00       2.3643568       16.259981
       1800.0000    0.0010000000       2.0429988       16.360095
       1800.0000    0.0030000000       2.1656534       16.383438
       1800.0000     0.010000000       2.2518019       16.396441
       1800.0000     0.030000000       2.2992204       16.402672
       1800.0000      0.10000000       2.3297392       16.406338
       1800.0000      0.30000000       2.3457668       16.408093
       1800.0000       1.0000000       2.3558346       16.409057
       1800.0000       3.0000000       2.3610692       16.409468
       1800.0000       10.000000       2.3643446       16.409685
       1800.0000       30.000000       2.3660307       16.409785
       1800.0000       100.00000       2.3670804       16.409836
       1800.0000       300.00000       2.3676213       16.409878
       1800.0000       1000.0000       2.3666069       16.409928
       1800.0000       3000.0000       2.3657317       16.410137
       1800.0000       10000.000       2.3656294       16.411670
       1800.0000       30000.000       2.3641209       16.430148
       1800.0000       100000.00       2.3641750       16.451094
       1800.0000       300000.00       2.3644339       16.465161
       1900.0000    0.0010000000       1.7839568       16.463828
       1900.0000    0.0030000000       1.9720777       16.530183
       1900.0000     0.010000000       2.1277023       16.564062
       1900.0000     0.030000000       2.2216541       16.579357
       1900.0000      0.10000000       2.2851213       16.588111
       1900.0000      0.30000000       2.3193150       16.592356
       1900.0000       1.0000000       2.3410646       16.594828
       1900.0000       3.0000000       2.3524497       16.595978
       1900.0000       10.000000       2.3595810       16.596606
       1900.0000       30.000000       2.3632814       16.596889
       1900.0000       100.00000       2.3655743       16.597050
       1900.0000       300.00000       2.3667591       16.597133
       1900.0000       1000.0000       2.3674926       16.597213
       1900.0000       3000.0000       2.3669282       16.597389
       1900.0000       10000.000       2.3658374       16.598526
       1900.0000       30000.000       2.3659905       16.604329
       1900.0000       100000.00       2.3652510       16.634200
       1900.0000       300000.00       2.3652673       16.658880
       2000.0000    0.0010000000       1.5299581       16.413774
       2000.0000    0.0030000000       1.7215681       16.608423
       2000.0000     0.010000000       1.9355260       16.697449
       2000.0000     0.030000000       2.0901021       16.734338
       2000.0000      0.10000000       2.2051973       16.754247
       2000.0000      0.30000000       2.2706642       16.763594
       2000.0000       1.0000000       2.3135172       16.769040
       2000.0000       3.0000000       2.3362206       16.771676
       2000.0000       10.000000       2.3505725       16.773174
       2000.0000       30.000000       2.3580235       16.773870
       2000.0000       100.00000       2.3626976       16.774263
       2000.0000       300.00000       2.3650946       16.774461
       2000.0000       1000.0000       2.3665894       16.774593
       2000.0000       3000.0000       2.3673541       16.774763
       2000.0000       10000.000       2.3668913       16.775644
       2000.0000       30000.000       2.3660712       16.780570
       2000.0000       100000.00       2.3668091       16.800470
       2000.0000       300000.00       2.3664566       16.838726
       2150.0000    0.0010000000       1.3408564       15.251873
       2150.0000    0.0030000000       1.4239954       16.336431
       2150.0000     0.010000000       1.5946064       16.758189
       2150.0000     0.030000000       1.7947703       16.899626
       2150.0000      0.10000000       1.9968166       16.966550
       2150.0000      0.30000000       2.1338796       16.995149
       2150.0000       1.0000000       2.2324763       17.010940
       2150.0000       3.0000000       2.2874823       17.018443
       2150.0000       10.000000       2.3231475       17.022824
       2150.0000       30.000000       2.3419482       17.024930
       2150.0000       100.00000       2.3537785       17.026144
       2150.0000       300.00000       2.3599277       17.026727
       2150.0000       1000.0000       2.3637562       17.027084
       2150.0000       3000.0000       2.3657218       17.027334
       2150.0000       10000.000       2.3669493       17.028010
       2150.0000       30000.000       2.3676861       17.031688
       2150.0000       100000.00       2.3667646       17.051447
       2150.0000       300000.00       2.3676685       17.091980
       2300.0000    0.0010000000       1.2978831       10.974807
       2300.0000    0.0030000000       1.3188912       14.385001
       2300.0000     0.010000000       1.3815223       16.224465
       2300.0000     0.030000000       1.5048105       16.845966
       2300.0000      0.10000000       1.7099869       17.085859
       2300.0000      0.30000000       1.9079284       17.172485
       2300.0000       1.0000000       2.0827304       17.215813
       2300.0000       3.0000000       2.1923028       17.235111
       2300.0000       10.000000       2.2677982       17.246057
       2300.0000       30.000000       2.3089781       17.251317
       2300.0000       100.00000       2.3353479       17.254387
       2300.0000       300.00000       2.3491590       17.255872
       2300.0000       1000.0000       2.3577997       17.256757
       2300.0000       3000.0000       2.3622642       17.257247
       2300.0000       10000.000       2.3650486       17.257921
       2300.0000       30000.000       2.3665228       17.260716
       2300.0000       100000.00       2.3678137       17.278608
       2300.0000       300000.00       2.3676790       17.327282
       2450.0000    0.0010000000       1.2890097       5.5861242
       2450.0000    0.0030000000       1.2944191       9.6848464
       2450.0000     0.010000000       1.3118994       13.919190
       2450.0000     0.030000000       1.3561163       16.048281
       2450.0000      0.10000000       1.4693479       16.971607
       2450.0000      0.30000000       1.6434915       17.261264
       2450.0000       1.0000000       1.8636790       17.381657
       2450.0000       3.0000000       2.0361687       17.429603
       2450.0000       10.000000       2.1706033       17.455061
       2450.0000       30.000000       2.2490564       17.466880
       2450.0000       100.00000       2.3011430       17.473721
       2450.0000       300.00000       2.3289642       17.477030
       2450.0000       1000.0000       2.3465845       17.478988
       2450.0000       3000.0000       2.3557423       17.479985
       2450.0000       10000.000       2.3614605       17.480869
       2450.0000       30000.000       2.3644160       17.483165
       2450.0000       100000.00       2.3664590       17.498606
       2450.0000       300000.00       2.3682368       17.551293
       2600.0000    0.0010000000       1.2862764       2.7903406
       2600.0000    0.0030000000       1.2881185       5.0535586
       2600.0000     0.010000000       1.2935115       9.4249204
       2600.0000     0.030000000       1.3074689       13.505600
       2600.0000      0.10000000       1.3507132       16.113865
       2600.0000      0.30000000       1.4449609       17.076602
       2600.0000       1.0000000       1.6271292       17.447012
       2600.0000       3.0000000       1.8286478       17.569327
       2600.0000       10.000000       2.0236045       17.627156
       2600.0000       30.000000       2.1524611       17.652256
       2600.0000       100.00000       2.2438695       17.666284
       2600.0000       300.00000       2.2945012       17.672990
       2600.0000       1000.0000       2.3272002       17.676918
       2600.0000       3000.0000       2.3443917       17.678874
       2600.0000       10000.000       2.3551721       17.680260
       2600.0000       30000.000       2.3607490       17.682387
       2600.0000       100000.00       2.3643291       17.695537
       2600.0000       300000.00       2.3666921       17.748949
       2800.0000    0.0010000000       1.2850079       1.6834545
       2800.0000    0.0030000000       1.2855863       2.3493635
       2800.0000     0.010000000       1.2870017       4.2955783
       2800.0000     0.030000000       1.2905256       7.8681867
       2800.0000      0.10000000       1.3017014       12.653475
       2800.0000      0.30000000       1.3304607       15.654385
       2800.0000       1.0000000       1.4112727       17.120489
       2800.0000       3.0000000       1.5561998       17.597614
       2800.0000       10.000000       1.7718827       17.781919
       2800.0000       30.000000       1.9620768       17.849060
       2800.0000       100.00000       2.1209205       17.883305
       2800.0000       300.00000       2.2173276       17.898868
       2800.0000       1000.0000       2.2826605       17.907796
       2800.0000       3000.0000       2.3179571       17.912133
       2800.0000       10000.000       2.3404296       17.914858
       2800.0000       30000.000       2.3521388       17.917270
       2800.0000       100000.00       2.3594648       17.928118
       2800.0000       300000.00       2.3635607       17.979188
       3000.0000    0.0010000000       1.2838551       1.4333803
       3000.0000    0.0030000000       1.2844860       1.6308493
       3000.0000     0.010000000       1.2852063       2.2778145
       3000.0000     0.030000000       1.2863407       3.8618887
       3000.0000      0.10000000       1.2896176       7.5394448
       3000.0000      0.30000000       1.2982807       12.007201
       3000.0000       1.0000000       1.3258495       15.624461
       3000.0000       3.0000000       1.3910805       17.161716
       3000.0000       10.000000       1.5383549       17.783584
       3000.0000       30.000000       1.7316246       17.978193
       3000.0000       100.00000       1.9444028       18.061472
       3000.0000       300.00000       2.0966283       18.095644
       3000.0000       1000.0000       2.2093546       18.114269
       3000.0000       3000.0000       2.2733181       18.123068
       3000.0000       10000.000       2.3151258       18.128314
       3000.0000       30000.000       2.3372380       18.131690
       3000.0000       100000.00       2.3511300       18.141237
       3000.0000       300000.00       2.3584643       18.188188
       3250.0000    0.0010000000       1.2807832       1.3681834
       3250.0000    0.0030000000       1.2822996       1.4212093
       3250.0000     0.010000000       1.2835067       1.5977972
       3250.0000     0.030000000       1.2844116       2.0715009
       3250.0000      0.10000000       1.2856487       3.5134317
       3250.0000      0.30000000       1.2880295       6.4814100
       3250.0000       1.0000000       1.2954177       11.343337
       3250.0000       3.0000000       1.3149842       15.104945
       3250.0000       10.000000       1.3734163       17.207679
       3250.0000       30.000000       1.4905163       17.936699
       3250.0000       100.00000       1.6915161       18.214971
       3250.0000       300.00000       1.8910389       18.307890
       3250.0000       1000.0000       2.0705087       18.352272
       3250.0000       3000.0000       2.1841814       18.371820
       3250.0000       10000.000       2.2629664       18.382927
       3250.0000       30000.000       2.3060244       18.388855
       3250.0000       100000.00       2.3335562       18.398235
       3250.0000       300000.00       2.3479704       18.439903
       3500.0000    0.0010000000       1.2751932       1.3681477
       3500.0000    0.0030000000       1.2774005       1.3883509
       3500.0000     0.010000000       1.2799136       1.4504549
       3500.0000     0.030000000       1.2818270       1.6111890
       3500.0000      0.10000000       1.2834573       2.1247895
       3500.0000      0.30000000       1.2848960       3.3995080
       3500.0000       1.0000000       1.2875941       6.5862214
       3500.0000       3.0000000       1.2939294       11.046204
       3500.0000       10.000000       1.3141939       15.290046
       3500.0000       30.000000       1.3643957       17.313805
       3500.0000       100.00000       1.4880528       18.177455
       3500.0000       300.00000       1.6690527       18.448502
       3500.0000       1000.0000       1.8881727       18.557275
       3500.0000       3000.0000       2.0548965       18.599067
       3500.0000       10000.000       2.1826825       18.621163
       3500.0000       30000.000       2.2565579       18.631888
       3500.0000       100000.00       2.3052720       18.642905
       3500.0000       300000.00       2.3311232       18.680667
       3750.0000    0.0010000000       1.2727442       1.4225184
       3750.0000    0.0030000000       1.2733616       1.4313347
       3750.0000     0.010000000       1.2748616       1.4598250
       3750.0000     0.030000000       1.2770365       1.5317084
       3750.0000      0.10000000       1.2797146       1.7489858
       3750.0000      0.30000000       1.2819305       2.2889610
       3750.0000       1.0000000       1.2842068       3.8517178
       3750.0000       3.0000000       1.2871812       6.9540105
       3750.0000       10.000000       1.2949993       11.883341
       3750.0000       30.000000       1.3150192       15.625847
       3750.0000       100.00000       1.3745393       17.707690
       3750.0000       300.00000       1.4932708       18.431447
       3750.0000       1000.0000       1.6954305       18.708634
       3750.0000       3000.0000       1.8946693       18.800050
       3750.0000       10000.000       2.0730533       18.842882
       3750.0000       30000.000       2.1857021       18.861949
       3750.0000       100000.00       2.2636216       18.876805
       3750.0000       300000.00       2.3060799       18.912671
       4000.0000    0.0010000000       1.2723973       1.6195368
       4000.0000    0.0030000000       1.2724984       1.6231449
       4000.0000     0.010000000       1.2727855       1.6356176
       4000.0000     0.030000000       1.2734702       1.6698951
       4000.0000      0.10000000       1.2751057       1.7795423
       4000.0000      0.30000000       1.2774360       2.0509701
       4000.0000       1.0000000       1.2803747       2.8350097
       4000.0000       3.0000000       1.2831957       4.5739624
       4000.0000       10.000000       1.2875602       8.3633207
       4000.0000       30.000000       1.2964934       12.856084
       4000.0000       100.00000       1.3236794       16.516917
       4000.0000       300.00000       1.3880042       18.102687
       4000.0000       1000.0000       1.5339969       18.755809
       4000.0000       3000.0000       1.7267200       18.960698
       4000.0000       10000.000       1.9401194       19.044812
       4000.0000       30000.000       2.0933107       19.078186
       4000.0000       100000.00       2.2069171       19.099752
       4000.0000       300000.00       2.2713197       19.135871
