Li Na K Rb Cs
  4.5173E-38  4.5173E-38  4.5173E-38  4.5173E-38  4.5173E-38
  4.5173E-38  4.5173E-38  4.5173E-38  4.5173E-38  4.5173E-38
  4.5173E-38  4.5173E-38  4.5173E-38  4.5173E-38  4.5173E-38
  4.5173E-38  4.5173E-38  4.5173E-38  4.5173E-38  4.5173E-38
  4.5173E-38  4.5173E-38  4.5173E-38  4.5173E-38  4.5173E-38
  4.5173E-38  4.5173E-38  4.5173E-38  4.5173E-38  4.5173E-38
  4.5173E-38  4.5173E-38  4.5173E-38  4.5173E-38  4.5173E-38
  4.5173E-38  4.5173E-38  4.5173E-38  4.5173E-38  4.5173E-38
  4.5173E-38  4.5173E-38  4.5173E-38  4.5173E-38  4.5173E-38
  4.5173E-38  4.5173E-38  4.5173E-38  4.5173E-38  4.5173E-38
  4.5173E-38  4.5173E-38  4.5173E-38  4.5173E-38  4.5173E-38
  4.5173E-38  4.5173E-38  4.5173E-38  4.5173E-38  4.5173E-38
  4.5173E-38  4.5173E-38  4.5173E-38  4.5173E-38  4.5173E-38
  4.5173E-38  4.5173E-38  4.5173E-38  4.5173E-38  4.5173E-38
  4.5173E-38  4.5173E-38  4.5173E-38  4.5173E-38  4.5173E-38
  4.5153E-38  4.5153E-38  4.5153E-38  4.5153E-38  4.5153E-38
  4.5157E-38  4.5157E-38  4.5157E-38  4.5157E-38  4.5157E-38
  4.5168E-38  4.5168E-38  4.5168E-38  4.5168E-38  4.5168E-38
  4.5172E-38  4.5172E-38  4.5172E-38  4.5172E-38  4.5172E-38
  4.5173E-38  4.5173E-38  4.5173E-38  4.5173E-38  4.5173E-38
  4.5173E-38  4.5173E-38  4.5173E-38  4.5173E-38  4.5173E-38
  4.5173E-38  4.5173E-38  4.5173E-38  4.5173E-38  4.5173E-38
  4.5173E-38  4.5173E-38  4.5173E-38  4.5173E-38  4.5173E-38
  4.5173E-38  4.5173E-38  4.5173E-38  4.5173E-38  4.5173E-38
  4.5173E-38  4.5173E-38  4.5173E-38  4.5173E-38  4.5173E-38
  4.5173E-38  4.5173E-38  4.5173E-38  4.5173E-38  4.5173E-38
  4.5173E-38  4.5173E-38  4.5173E-38  4.5173E-38  4.5173E-38
  4.5173E-38  4.5173E-38  4.5173E-38  4.5173E-38  4.5173E-38
  4.5173E-38  4.5173E-38  4.5173E-38  4.5173E-38  4.5173E-38
  4.5173E-38  4.5173E-38  4.5173E-38  4.5173E-38  4.5173E-38
  4.5173E-38  4.5173E-38  4.5173E-38  4.5173E-38  4.5173E-38
  4.5153E-38  4.5153E-38  4.5153E-38  4.5153E-38  4.5153E-38
  4.5153E-38  4.5153E-38  4.5153E-38  4.5153E-38  4.5153E-38
  4.5153E-38  4.5153E-38  4.5153E-38  4.5153E-38  4.5153E-38
  4.5153E-38  4.5153E-38  4.5153E-38  4.5153E-38  4.5153E-38
  4.5160E-38  4.5160E-38  4.5160E-38  4.5160E-38  4.5160E-38
  4.5169E-38  4.5169E-38  4.5169E-38  4.5169E-38  4.5169E-38
  4.5172E-38  4.5172E-38  4.5172E-38  4.5172E-38  4.5172E-38
  4.5173E-38  4.5173E-38  4.5173E-38  4.5173E-38  4.5173E-38
  4.5173E-38  4.5173E-38  4.5173E-38  4.5173E-38  4.5173E-38
  4.5173E-38  4.5173E-38  4.5173E-38  4.5173E-38  4.5173E-38
  4.5173E-38  4.5173E-38  4.5173E-38  4.5173E-38  4.5173E-38
  4.5173E-38  4.5173E-38  4.5173E-38  4.5173E-38  4.5173E-38
  4.5173E-38  4.5173E-38  4.5173E-38  4.5173E-38  4.5173E-38
  4.5173E-38  4.5173E-38  4.5173E-38  4.5173E-38  4.5173E-38
  4.5173E-38  4.5173E-38  4.5173E-38  4.5173E-38  4.5173E-38
  4.5173E-38  4.5173E-38  4.5173E-38  4.5173E-38  4.5173E-38
  4.5173E-38  4.5173E-38  4.5173E-38  4.5173E-38  4.5173E-38
  4.5153E-38  4.5153E-38  4.5153E-38  4.5153E-38  4.5153E-38
  4.5153E-38  4.5153E-38  4.5153E-38  4.5153E-38  4.5153E-38
  4.5153E-38  4.5153E-38  4.5153E-38  4.5153E-38  4.5153E-38
  4.5153E-38  4.5153E-38  4.5153E-38  4.5153E-38  4.5153E-38
  4.5153E-38  4.5153E-38  4.5153E-38  4.5153E-38  4.5153E-38
  4.5153E-38  4.5153E-38  4.5153E-38  4.5153E-38  4.5153E-38
  4.5153E-38  4.5153E-38  4.5153E-38  4.5153E-38  4.5153E-38
  4.5166E-38  4.5166E-38  4.5166E-38  4.5166E-38  4.5166E-38
  4.5171E-38  4.5171E-38  4.5171E-38  4.5171E-38  4.5171E-38
  4.5172E-38  4.5172E-38  4.5172E-38  4.5172E-38  4.5172E-38
  4.5173E-38  4.5173E-38  4.5173E-38  4.5173E-38  4.5173E-38
  4.5173E-38  4.5173E-38  4.5173E-38  4.5173E-38  4.5173E-38
  4.5173E-38  4.5173E-38  4.5173E-38  4.5173E-38  4.5173E-38
  4.5173E-38  4.5173E-38  4.5173E-38  4.5173E-38  4.5173E-38
  4.5173E-38  4.5173E-38  4.5173E-38  4.5173E-38  4.5173E-38
  4.5173E-38  4.5173E-38  4.5173E-38  4.5173E-38  4.5173E-38
  4.5173E-38  4.5173E-38  4.5173E-38  4.5173E-38  4.5173E-38
  4.5153E-38  4.5153E-38  4.5153E-38  4.5153E-38  4.5153E-38
  4.5153E-38  4.5153E-38  4.5153E-38  4.5153E-38  4.5153E-38
  4.5153E-38  4.5153E-38  4.5153E-38  4.5153E-38  4.5153E-38
  4.5153E-38  4.5153E-38  4.5153E-38  4.5153E-38  4.5153E-38
  4.5153E-38  4.5153E-38  4.5153E-38  4.5153E-38  4.5153E-38
  4.5153E-38  4.5153E-38  4.5153E-38  4.5153E-38  4.5153E-38
  4.5153E-38  4.5153E-38  4.5153E-38  4.5153E-38  4.5153E-38
  4.5153E-38  4.5153E-38  4.5153E-38  4.5153E-38  4.5153E-38
  4.5153E-38  4.5153E-38  4.5153E-38  4.5153E-38  4.5153E-38
  4.5166E-38  4.5166E-38  4.5166E-38  4.5166E-38  4.5166E-38
  4.5171E-38  4.5171E-38  4.5171E-38  4.5171E-38  4.5171E-38
  4.5172E-38  4.5172E-38  4.5172E-38  4.5172E-38  4.5172E-38
  4.5173E-38  4.5173E-38  4.5173E-38  4.5173E-38  4.5173E-38
  4.5173E-38  4.5173E-38  4.5173E-38  4.5173E-38  4.5173E-38
  4.5173E-38  4.5173E-38  4.5173E-38  4.5173E-38  4.5173E-38
  4.5173E-38  4.5173E-38  4.5173E-38  4.5173E-38  4.5173E-38
  4.5173E-38  4.5173E-38  4.5173E-38  4.5173E-38  4.5173E-38
  4.5150E-38  4.5150E-38  4.5150E-38  4.5150E-38  4.5150E-38
  4.5150E-38  4.5150E-38  4.5150E-38  4.5150E-38  4.5150E-38
  4.5152E-38  4.5152E-38  4.5152E-38  4.5152E-38  4.5152E-38
  4.5153E-38  4.5153E-38  4.5153E-38  4.5153E-38  4.5153E-38
  4.5153E-38  4.5153E-38  4.5153E-38  4.5153E-38  4.5153E-38
  4.5153E-38  4.5153E-38  4.5153E-38  4.5153E-38  4.5153E-38
  4.5153E-38  4.5153E-38  4.5153E-38  4.5153E-38  4.5153E-38
  4.5153E-38  4.5153E-38  4.5153E-38  4.5153E-38  4.5153E-38
  4.5153E-38  4.5153E-38  4.5153E-38  4.5153E-38  4.5153E-38
  4.5153E-38  4.5153E-38  4.5153E-38  4.5153E-38  4.5153E-38
  4.5157E-38  4.5157E-38  4.5157E-38  4.5157E-38  4.5157E-38
  4.5168E-38  4.5168E-38  4.5168E-38  4.5168E-38  4.5168E-38
  4.5171E-38  4.5171E-38  4.5171E-38  4.5171E-38  4.5171E-38
  4.5173E-38  4.5173E-38  4.5173E-38  4.5173E-38  4.5173E-38
  4.5173E-38  4.5173E-38  4.5173E-38  4.5173E-38  4.5173E-38
  4.5173E-38  4.5173E-38  4.5173E-38  4.5173E-38  4.5173E-38
  4.5173E-38  4.5173E-38  4.5173E-38  4.5173E-38  4.5173E-38
  4.5147E-38  4.5147E-38  4.5147E-38  4.5147E-38  4.5147E-38
  4.5149E-38  4.5149E-38  4.5149E-38  4.5149E-38  4.5149E-38
  4.5150E-38  4.5150E-38  4.5150E-38  4.5150E-38  4.5150E-38
  4.5150E-38  4.5150E-38  4.5150E-38  4.5150E-38  4.5150E-38
  4.5152E-38  4.5152E-38  4.5152E-38  4.5152E-38  4.5152E-38
  4.5153E-38  4.5153E-38  4.5153E-38  4.5153E-38  4.5153E-38
  4.5153E-38  4.5153E-38  4.5153E-38  4.5153E-38  4.5153E-38
  4.5153E-38  4.5153E-38  4.5153E-38  4.5153E-38  4.5153E-38
  4.5153E-38  4.5153E-38  4.5153E-38  4.5153E-38  4.5153E-38
  4.5153E-38  4.5153E-38  4.5153E-38  4.5153E-38  4.5153E-38
  4.5153E-38  4.5153E-38  4.5153E-38  4.5153E-38  4.5153E-38
  4.5153E-38  4.5153E-38  4.5153E-38  4.5153E-38  4.5153E-38
  4.5164E-38  4.5164E-38  4.5164E-38  4.5164E-38  4.5164E-38
  4.5170E-38  4.5170E-38  4.5170E-38  4.5170E-38  4.5170E-38
  4.5172E-38  4.5172E-38  4.5172E-38  4.5172E-38  4.5172E-38
  4.5173E-38  4.5173E-38  4.5173E-38  4.5173E-38  4.5173E-38
  4.5173E-38  4.5173E-38  4.5173E-38  4.5173E-38  4.5173E-38
  4.5115E-38  4.5115E-38  4.5115E-38  4.5115E-38  4.5115E-38
  4.5136E-38  4.5136E-38  4.5136E-38  4.5136E-38  4.5136E-38
  4.5144E-38  4.5144E-38  4.5144E-38  4.5144E-38  4.5144E-38
  4.5147E-38  4.5147E-38  4.5147E-38  4.5147E-38  4.5147E-38
  4.5149E-38  4.5149E-38  4.5149E-38  4.5149E-38  4.5149E-38
  4.5150E-38  4.5150E-38  4.5150E-38  4.5150E-38  4.5150E-38
  4.5152E-38  4.5152E-38  4.5152E-38  4.5152E-38  4.5152E-38
  4.5153E-38  4.5153E-38  4.5153E-38  4.5153E-38  4.5153E-38
  4.5153E-38  4.5153E-38  4.5153E-38  4.5153E-38  4.5153E-38
  4.5153E-38  4.5153E-38  4.5153E-38  4.5153E-38  4.5153E-38
  4.5153E-38  4.5153E-38  4.5153E-38  4.5153E-38  4.5153E-38
  4.5153E-38  4.5153E-38  4.5153E-38  4.5153E-38  4.5153E-38
  4.5153E-38  4.5153E-38  4.5153E-38  4.5153E-38  4.5153E-38
  4.5159E-38  4.5159E-38  4.5159E-38  4.5159E-38  4.5159E-38
  4.5169E-38  4.5169E-38  4.5169E-38  4.5169E-38  4.5169E-38
  4.5172E-38  4.5172E-38  4.5172E-38  4.5172E-38  4.5172E-38
  4.5173E-38  4.5173E-38  4.5173E-38  4.5173E-38  4.5173E-38
  4.5030E-38  4.5030E-38  4.5030E-38  4.5030E-38  4.5030E-38
  4.5043E-38  4.5043E-38  4.5043E-38  4.5043E-38  4.5043E-38
  4.5116E-38  4.5116E-38  4.5116E-38  4.5116E-38  4.5116E-38
  4.5137E-38  4.5137E-38  4.5137E-38  4.5137E-38  4.5137E-38
  4.5144E-38  4.5144E-38  4.5144E-38  4.5144E-38  4.5144E-38
  4.5146E-38  4.5146E-38  4.5146E-38  4.5146E-38  4.5146E-38
  4.5147E-38  4.5147E-38  4.5147E-38  4.5147E-38  4.5147E-38
  4.5148E-38  4.5148E-38  4.5148E-38  4.5148E-38  4.5148E-38
  4.5152E-38  4.5152E-38  4.5152E-38  4.5152E-38  4.5152E-38
  4.5153E-38  4.5153E-38  4.5153E-38  4.5153E-38  4.5153E-38
  4.5153E-38  4.5153E-38  4.5153E-38  4.5153E-38  4.5153E-38
  4.5153E-38  4.5153E-38  4.5153E-38  4.5153E-38  4.5153E-38
  4.5153E-38  4.5153E-38  4.5153E-38  4.5153E-38  4.5153E-38
  4.5153E-38  4.5153E-38  4.5153E-38  4.5153E-38  4.5153E-38
  4.5157E-38  4.5157E-38  4.5157E-38  4.5157E-38  4.5157E-38
  4.5168E-38  4.5168E-38  4.5168E-38  4.5168E-38  4.5168E-38
  4.5171E-38  4.5171E-38  4.5171E-38  4.5171E-38  4.5171E-38
  4.5031E-38  4.5031E-38  4.5031E-38  4.5031E-38  4.5031E-38
  4.5031E-38  4.5031E-38  4.5031E-38  4.5031E-38  4.5031E-38
  4.5031E-38  4.5031E-38  4.5031E-38  4.5031E-38  4.5031E-38
  4.5070E-38  4.5070E-38  4.5070E-38  4.5070E-38  4.5070E-38
  4.5125E-38  4.5125E-38  4.5125E-38  4.5125E-38  4.5125E-38
  4.5141E-38  4.5141E-38  4.5141E-38  4.5141E-38  4.5141E-38
  4.5146E-38  4.5146E-38  4.5146E-38  4.5146E-38  4.5146E-38
  4.5148E-38  4.5148E-38  4.5148E-38  4.5148E-38  4.5148E-38
  4.5149E-38  4.5149E-38  4.5149E-38  4.5149E-38  4.5149E-38
  4.5151E-38  4.5151E-38  4.5151E-38  4.5151E-38  4.5151E-38
  4.5154E-38  4.5154E-38  4.5154E-38  4.5154E-38  4.5154E-38
  4.5155E-38  4.5155E-38  4.5155E-38  4.5155E-38  4.5155E-38
  4.5155E-38  4.5155E-38  4.5155E-38  4.5155E-38  4.5155E-38
  4.5155E-38  4.5155E-38  4.5155E-38  4.5155E-38  4.5155E-38
  4.5155E-38  4.5155E-38  4.5155E-38  4.5155E-38  4.5155E-38
  4.5156E-38  4.5156E-38  4.5156E-38  4.5156E-38  4.5156E-38
  4.5169E-38  4.5169E-38  4.5169E-38  4.5169E-38  4.5169E-38
  4.5034E-38  4.5034E-38  4.5034E-38  4.5034E-38  4.5034E-38
  4.5034E-38  4.5034E-38  4.5034E-38  4.5034E-38  4.5034E-38
  4.5034E-38  4.5034E-38  4.5034E-38  4.5034E-38  4.5034E-38
  4.5034E-38  4.5034E-38  4.5034E-38  4.5034E-38  4.5034E-38
  4.5034E-38  4.5034E-38  4.5034E-38  4.5034E-38  4.5034E-38
  4.5103E-38  4.5103E-38  4.5103E-38  4.5103E-38  4.5103E-38
  4.5136E-38  4.5136E-38  4.5136E-38  4.5136E-38  4.5136E-38
  4.5146E-38  4.5146E-38  4.5146E-38  4.5146E-38  4.5146E-38
  4.5150E-38  4.5150E-38  4.5150E-38  4.5150E-38  4.5150E-38
  4.5151E-38  4.5151E-38  4.5151E-38  4.5151E-38  4.5151E-38
  4.5153E-38  4.5153E-38  4.5153E-38  4.5153E-38  4.5153E-38
  4.5157E-38  4.5157E-38  4.5157E-38  4.5157E-38  4.5157E-38
  4.5158E-38  4.5158E-38  4.5158E-38  4.5158E-38  4.5158E-38
  4.5158E-38  4.5158E-38  4.5158E-38  4.5158E-38  4.5158E-38
  4.5158E-38  4.5158E-38  4.5158E-38  4.5158E-38  4.5158E-38
  4.5158E-38  4.5158E-38  4.5158E-38  4.5158E-38  4.5158E-38
  4.5162E-38  4.5162E-38  4.5162E-38  4.5162E-38  4.5162E-38
  4.5034E-38  4.5034E-38  4.5034E-38  4.5034E-38  4.5034E-38
  4.5034E-38  4.5034E-38  4.5034E-38  4.5034E-38  4.5034E-38
  4.5034E-38  4.5034E-38  4.5034E-38  4.5034E-38  4.5034E-38
  4.5034E-38  4.5034E-38  4.5034E-38  4.5034E-38  4.5034E-38
  4.5034E-38  4.5034E-38  4.5034E-38  4.5034E-38  4.5034E-38
  4.5034E-38  4.5034E-38  4.5034E-38  4.5034E-38  4.5034E-38
  4.5078E-38  4.5078E-38  4.5078E-38  4.5078E-38  4.5078E-38
  4.5127E-38  4.5127E-38  4.5127E-38  4.5127E-38  4.5127E-38
  4.5144E-38  4.5144E-38  4.5144E-38  4.5144E-38  4.5144E-38
  4.5149E-38  4.5149E-38  4.5149E-38  4.5149E-38  4.5149E-38
  4.5152E-38  4.5152E-38  4.5152E-38  4.5152E-38  4.5152E-38
  4.5154E-38  4.5154E-38  4.5154E-38  4.5154E-38  4.5154E-38
  4.5156E-38  4.5156E-38  4.5156E-38  4.5156E-38  4.5156E-38
  4.5158E-38  4.5158E-38  4.5158E-38  4.5158E-38  4.5158E-38
  4.5158E-38  4.5158E-38  4.5158E-38  4.5158E-38  4.5158E-38
  4.5158E-38  4.5158E-38  4.5158E-38  4.5158E-38  4.5158E-38
  4.5158E-38  4.5158E-38  4.5158E-38  4.5158E-38  4.5158E-38
  4.5034E-38  4.5034E-38  4.5034E-38  4.5034E-38  4.5034E-38
  4.5034E-38  4.5034E-38  4.5034E-38  4.5034E-38  4.5034E-38
  4.5034E-38  4.5034E-38  4.5034E-38  4.5034E-38  4.5034E-38
  4.5034E-38  4.5034E-38  4.5034E-38  4.5034E-38  4.5034E-38
  4.5034E-38  4.5034E-38  4.5034E-38  4.5034E-38  4.5034E-38
  4.5034E-38  4.5034E-38  4.5034E-38  4.5034E-38  4.5034E-38
  4.5034E-38  4.5034E-38  4.5034E-38  4.5034E-38  4.5034E-38
  4.5046E-38  4.5046E-38  4.5046E-38  4.5046E-38  4.5046E-38
  4.5120E-38  4.5120E-38  4.5120E-38  4.5120E-38  4.5120E-38
  4.5141E-38  4.5141E-38  4.5141E-38  4.5141E-38  4.5141E-38
  4.5150E-38  4.5150E-38  4.5150E-38  4.5150E-38  4.5150E-38
  4.5153E-38  4.5153E-38  4.5153E-38  4.5153E-38  4.5153E-38
  4.5154E-38  4.5154E-38  4.5154E-38  4.5154E-38  4.5154E-38
  4.5156E-38  4.5156E-38  4.5156E-38  4.5156E-38  4.5156E-38
  4.5158E-38  4.5158E-38  4.5158E-38  4.5158E-38  4.5158E-38
  4.5158E-38  4.5158E-38  4.5158E-38  4.5158E-38  4.5158E-38
  4.5158E-38  4.5158E-38  4.5158E-38  4.5158E-38  4.5158E-38
  4.5034E-38  4.5034E-38  4.5034E-38  4.5034E-38  4.5034E-38
  4.5034E-38  4.5034E-38  4.5034E-38  4.5034E-38  4.5034E-38
  4.5034E-38  4.5034E-38  4.5034E-38  4.5034E-38  4.5034E-38
  4.5034E-38  4.5034E-38  4.5034E-38  4.5034E-38  4.5034E-38
  4.5034E-38  4.5034E-38  4.5034E-38  4.5034E-38  4.5034E-38
  4.5034E-38  4.5034E-38  4.5034E-38  4.5034E-38  4.5034E-38
  4.5034E-38  4.5034E-38  4.5034E-38  4.5034E-38  4.5034E-38
  4.5034E-38  4.5034E-38  4.5034E-38  4.5034E-38  4.5034E-38
  4.5034E-38  4.5034E-38  4.5034E-38  4.5034E-38  4.5034E-38
  4.5112E-38  4.5112E-38  4.5112E-38  4.5112E-38  4.5112E-38
  4.5141E-38  4.5141E-38  4.5141E-38  4.5141E-38  4.5141E-38
  4.5150E-38  4.5150E-38  4.5150E-38  4.5150E-38  4.5150E-38
  4.5153E-38  4.5153E-38  4.5153E-38  4.5153E-38  4.5153E-38
  4.5154E-38  4.5154E-38  4.5154E-38  4.5154E-38  4.5154E-38
  4.5156E-38  4.5156E-38  4.5156E-38  4.5156E-38  4.5156E-38
  4.5158E-38  4.5158E-38  4.5158E-38  4.5158E-38  4.5158E-38
  4.5158E-38  4.5158E-38  4.5158E-38  4.5158E-38  4.5158E-38
  4.5034E-38  4.5034E-38  4.5034E-38  4.5034E-38  4.5034E-38
  4.5034E-38  4.5034E-38  4.5034E-38  4.5034E-38  4.5034E-38
  4.5034E-38  4.5034E-38  4.5034E-38  4.5034E-38  4.5034E-38
  4.5034E-38  4.5034E-38  4.5034E-38  4.5034E-38  4.5034E-38
  4.5034E-38  4.5034E-38  4.5034E-38  4.5034E-38  4.5034E-38
  4.5034E-38  4.5034E-38  4.5034E-38  4.5034E-38  4.5034E-38
  4.5034E-38  4.5034E-38  4.5034E-38  4.5034E-38  4.5034E-38
  4.5034E-38  4.5034E-38  4.5034E-38  4.5034E-38  4.5034E-38
  4.5034E-38  4.5034E-38  4.5034E-38  4.5034E-38  4.5034E-38
  4.5035E-38  4.5035E-38  4.5035E-38  4.5035E-38  4.5035E-38
  4.5112E-38  4.5112E-38  4.5112E-38  4.5112E-38  4.5112E-38
  4.5140E-38  4.5140E-38  4.5140E-38  4.5140E-38  4.5140E-38
  4.5150E-38  4.5150E-38  4.5150E-38  4.5150E-38  4.5150E-38
  4.5153E-38  4.5153E-38  4.5153E-38  4.5153E-38  4.5153E-38
  4.5154E-38  4.5154E-38  4.5154E-38  4.5154E-38  4.5154E-38
  4.5156E-38  4.5156E-38  4.5156E-38  4.5156E-38  4.5156E-38
  4.5158E-38  4.5158E-38  4.5158E-38  4.5158E-38  4.5158E-38
  4.5035E-38  4.5035E-38  4.5035E-38  4.5035E-38  4.5035E-38
  4.5035E-38  4.5035E-38  4.5035E-38  4.5035E-38  4.5035E-38
  4.5034E-38  4.5034E-38  4.5034E-38  4.5034E-38  4.5034E-38
  4.5034E-38  4.5034E-38  4.5034E-38  4.5034E-38  4.5034E-38
  4.5034E-38  4.5034E-38  4.5034E-38  4.5034E-38  4.5034E-38
  4.5034E-38  4.5034E-38  4.5034E-38  4.5034E-38  4.5034E-38
  4.5034E-38  4.5034E-38  4.5034E-38  4.5034E-38  4.5034E-38
  4.5034E-38  4.5034E-38  4.5034E-38  4.5034E-38  4.5034E-38
  4.5034E-38  4.5034E-38  4.5034E-38  4.5034E-38  4.5034E-38
  4.5034E-38  4.5034E-38  4.5034E-38  4.5034E-38  4.5034E-38
  4.5035E-38  4.5035E-38  4.5035E-38  4.5035E-38  4.5035E-38
  4.5112E-38  4.5112E-38  4.5112E-38  4.5112E-38  4.5112E-38
  4.5142E-38  4.5142E-38  4.5142E-38  4.5142E-38  4.5142E-38
  4.5150E-38  4.5150E-38  4.5150E-38  4.5150E-38  4.5150E-38
  4.5154E-38  4.5154E-38  4.5154E-38  4.5154E-38  4.5154E-38
  4.5154E-38  4.5154E-38  4.5154E-38  4.5154E-38  4.5154E-38
  4.5157E-38  4.5157E-38  4.5157E-38  4.5157E-38  4.5157E-38
  4.5037E-38  4.5037E-38  4.5037E-38  4.5037E-38  4.5037E-38
  4.5035E-38  4.5035E-38  4.5035E-38  4.5035E-38  4.5035E-38
  4.5035E-38  4.5035E-38  4.5035E-38  4.5035E-38  4.5035E-38
  4.5034E-38  4.5034E-38  4.5034E-38  4.5034E-38  4.5034E-38
  4.5034E-38  4.5034E-38  4.5034E-38  4.5034E-38  4.5034E-38
  4.5034E-38  4.5034E-38  4.5034E-38  4.5034E-38  4.5034E-38
  4.5034E-38  4.5034E-38  4.5034E-38  4.5034E-38  4.5034E-38
  4.5034E-38  4.5034E-38  4.5034E-38  4.5034E-38  4.5034E-38
  4.5034E-38  4.5034E-38  4.5034E-38  4.5034E-38  4.5034E-38
  4.5034E-38  4.5034E-38  4.5034E-38  4.5034E-38  4.5034E-38
  4.5035E-38  4.5035E-38  4.5035E-38  4.5035E-38  4.5035E-38
  4.5038E-38  4.5038E-38  4.5038E-38  4.5038E-38  4.5038E-38
  4.5120E-38  4.5120E-38  4.5120E-38  4.5120E-38  4.5120E-38
  4.5143E-38  4.5143E-38  4.5143E-38  4.5143E-38  4.5143E-38
  4.5151E-38  4.5151E-38  4.5151E-38  4.5151E-38  4.5151E-38
  4.5154E-38  4.5154E-38  4.5154E-38  4.5154E-38  4.5154E-38
  4.5154E-38  4.5154E-38  4.5154E-38  4.5154E-38  4.5154E-38
  4.5038E-38  4.5038E-38  4.5038E-38  4.5038E-38  4.5038E-38
  4.5037E-38  4.5037E-38  4.5037E-38  4.5037E-38  4.5037E-38
  4.5036E-38  4.5036E-38  4.5036E-38  4.5036E-38  4.5036E-38
  4.5035E-38  4.5035E-38  4.5035E-38  4.5035E-38  4.5035E-38
  4.5034E-38  4.5034E-38  4.5034E-38  4.5034E-38  4.5034E-38
  4.5034E-38  4.5034E-38  4.5034E-38  4.5034E-38  4.5034E-38
  4.5034E-38  4.5034E-38  4.5034E-38  4.5034E-38  4.5034E-38
  4.5034E-38  4.5034E-38  4.5034E-38  4.5034E-38  4.5034E-38
  4.5034E-38  4.5034E-38  4.5034E-38  4.5034E-38  4.5034E-38
  4.5034E-38  4.5034E-38  4.5034E-38  4.5034E-38  4.5034E-38
  4.5035E-38  4.5035E-38  4.5035E-38  4.5035E-38  4.5035E-38
  4.5037E-38  4.5037E-38  4.5037E-38  4.5037E-38  4.5037E-38
  4.5065E-38  4.5065E-38  4.5065E-38  4.5065E-38  4.5065E-38
  4.5124E-38  4.5124E-38  4.5124E-38  4.5124E-38  4.5124E-38
  4.5146E-38  4.5146E-38  4.5146E-38  4.5146E-38  4.5146E-38
  4.5152E-38  4.5152E-38  4.5152E-38  4.5152E-38  4.5152E-38
  4.5154E-38  4.5154E-38  4.5154E-38  4.5154E-38  4.5154E-38
  4.5155E-38  4.5155E-38  4.5155E-38  4.5155E-38  4.5155E-38
  4.5039E-38  4.5039E-38  4.5039E-38  4.5039E-38  4.5039E-38
  4.5038E-38  4.5038E-38  4.5038E-38  4.5038E-38  4.5038E-38
  4.5037E-38  4.5037E-38  4.5037E-38  4.5037E-38  4.5037E-38
  4.5036E-38  4.5036E-38  4.5036E-38  4.5036E-38  4.5036E-38
  4.5035E-38  4.5035E-38  4.5035E-38  4.5035E-38  4.5035E-38
  4.5035E-38  4.5035E-38  4.5035E-38  4.5035E-38  4.5035E-38
  4.5034E-38  4.5034E-38  4.5034E-38  4.5034E-38  4.5034E-38
  4.5034E-38  4.5034E-38  4.5034E-38  4.5034E-38  4.5034E-38
  4.5034E-38  4.5034E-38  4.5034E-38  4.5034E-38  4.5034E-38
  4.5034E-38  4.5034E-38  4.5034E-38  4.5034E-38  4.5034E-38
  4.5035E-38  4.5035E-38  4.5035E-38  4.5035E-38  4.5035E-38
  4.5036E-38  4.5036E-38  4.5036E-38  4.5036E-38  4.5036E-38
  4.5037E-38  4.5037E-38  4.5037E-38  4.5037E-38  4.5037E-38
  4.5082E-38  4.5082E-38  4.5082E-38  4.5082E-38  4.5082E-38
  4.5133E-38  4.5133E-38  4.5133E-38  4.5133E-38  4.5133E-38
  4.5148E-38  4.5148E-38  4.5148E-38  4.5148E-38  4.5148E-38
  4.5153E-38  4.5153E-38  4.5153E-38  4.5153E-38  4.5153E-38
  4.5154E-38  4.5154E-38  4.5154E-38  4.5154E-38  4.5154E-38
  4.5039E-38  4.5039E-38  4.5039E-38  4.5039E-38  4.5039E-38
  4.5039E-38  4.5039E-38  4.5039E-38  4.5039E-38  4.5039E-38
  4.5038E-38  4.5038E-38  4.5038E-38  4.5038E-38  4.5038E-38
  4.5037E-38  4.5037E-38  4.5037E-38  4.5037E-38  4.5037E-38
  4.5035E-38  4.5035E-38  4.5035E-38  4.5035E-38  4.5035E-38
  4.5035E-38  4.5035E-38  4.5035E-38  4.5035E-38  4.5035E-38
  4.5034E-38  4.5034E-38  4.5034E-38  4.5034E-38  4.5034E-38
  4.5034E-38  4.5034E-38  4.5034E-38  4.5034E-38  4.5034E-38
  4.5034E-38  4.5034E-38  4.5034E-38  4.5034E-38  4.5034E-38
  4.5034E-38  4.5034E-38  4.5034E-38  4.5034E-38  4.5034E-38
  4.5035E-38  4.5035E-38  4.5035E-38  4.5035E-38  4.5035E-38
  4.5036E-38  4.5036E-38  4.5036E-38  4.5036E-38  4.5036E-38
  4.5037E-38  4.5037E-38  4.5037E-38  4.5037E-38  4.5037E-38
  4.5046E-38  4.5046E-38  4.5046E-38  4.5046E-38  4.5046E-38
  4.5122E-38  4.5122E-38  4.5122E-38  4.5122E-38  4.5122E-38
  4.5144E-38  4.5144E-38  4.5144E-38  4.5144E-38  4.5144E-38
  4.5152E-38  4.5152E-38  4.5152E-38  4.5152E-38  4.5152E-38
  4.5154E-38  4.5154E-38  4.5154E-38  4.5154E-38  4.5154E-38
  4.5040E-38  4.5040E-38  4.5040E-38  4.5040E-38  4.5040E-38
  4.5039E-38  4.5039E-38  4.5039E-38  4.5039E-38  4.5039E-38
  4.5038E-38  4.5038E-38  4.5038E-38  4.5038E-38  4.5038E-38
  4.5037E-38  4.5037E-38  4.5037E-38  4.5037E-38  4.5037E-38
  4.5036E-38  4.5036E-38  4.5036E-38  4.5036E-38  4.5036E-38
  4.5035E-38  4.5035E-38  4.5035E-38  4.5035E-38  4.5035E-38
  4.5035E-38  4.5035E-38  4.5035E-38  4.5035E-38  4.5035E-38
  4.5034E-38  4.5034E-38  4.5034E-38  4.5034E-38  4.5034E-38
  4.5034E-38  4.5034E-38  4.5034E-38  4.5034E-38  4.5034E-38
  4.5034E-38  4.5034E-38  4.5034E-38  4.5034E-38  4.5034E-38
  4.5035E-38  4.5035E-38  4.5035E-38  4.5035E-38  4.5035E-38
  4.5036E-38  4.5036E-38  4.5036E-38  4.5036E-38  4.5036E-38
  4.5037E-38  4.5037E-38  4.5037E-38  4.5037E-38  4.5037E-38
  4.5038E-38  4.5038E-38  4.5038E-38  4.5038E-38  4.5038E-38
  4.5109E-38  4.5109E-38  4.5109E-38  4.5109E-38  4.5109E-38
  4.5140E-38  4.5140E-38  4.5140E-38  4.5140E-38  4.5140E-38
  4.5150E-38  4.5150E-38  4.5150E-38  4.5150E-38  4.5150E-38
  4.5153E-38  4.5153E-38  4.5153E-38  4.5153E-38  4.5153E-38
  4.5040E-38  4.5040E-38  4.5040E-38  4.5040E-38  4.5040E-38
  4.5040E-38  4.5040E-38  4.5040E-38  4.5040E-38  4.5040E-38
  4.5039E-38  4.5039E-38  4.5039E-38  4.5039E-38  4.5039E-38
  4.5039E-38  4.5039E-38  4.5039E-38  4.5039E-38  4.5039E-38
  4.5037E-38  4.5037E-38  4.5037E-38  4.5037E-38  4.5037E-38
  4.5036E-38  4.5036E-38  4.5036E-38  4.5036E-38  4.5036E-38
  4.5035E-38  4.5035E-38  4.5035E-38  4.5035E-38  4.5035E-38
  4.5035E-38  4.5035E-38  4.5035E-38  4.5035E-38  4.5035E-38
  4.5034E-38  4.5034E-38  4.5034E-38  4.5034E-38  4.5034E-38
  4.5035E-38  4.5035E-38  4.5035E-38  4.5035E-38  4.5035E-38
  4.5035E-38  4.5035E-38  4.5035E-38  4.5035E-38  4.5035E-38
  4.5036E-38  4.5036E-38  4.5036E-38  4.5036E-38  4.5036E-38
  4.5037E-38  4.5037E-38  4.5037E-38  4.5037E-38  4.5037E-38
  4.5038E-38  4.5038E-38  4.5038E-38  4.5038E-38  4.5038E-38
  4.5068E-38  4.5068E-38  4.5068E-38  4.5068E-38  4.5068E-38
  4.5126E-38  4.5126E-38  4.5126E-38  4.5126E-38  4.5126E-38
  4.5146E-38  4.5146E-38  4.5146E-38  4.5146E-38  4.5146E-38
  4.5152E-38  4.5152E-38  4.5152E-38  4.5152E-38  4.5152E-38
  4.5000E-38  4.5000E-38  4.5000E-38  4.5000E-38  4.5000E-38
  4.5000E-38  4.5000E-38  4.5000E-38  4.5000E-38  4.5000E-38
  4.5000E-38  4.5000E-38  4.5000E-38  4.5000E-38  4.5000E-38
  4.5000E-38  4.5000E-38  4.5000E-38  4.5000E-38  4.5000E-38
  4.5000E-38  4.5000E-38  4.5000E-38  4.5000E-38  4.5000E-38
  4.5000E-38  4.5000E-38  4.5000E-38  4.5000E-38  4.5000E-38
  4.5000E-38  4.5000E-38  4.5000E-38  4.5000E-38  4.5000E-38
  4.5000E-38  4.5000E-38  4.5000E-38  4.5000E-38  4.5000E-38
  4.5000E-38  4.5000E-38  4.5000E-38  4.5000E-38  4.5000E-38
  4.5000E-38  4.5000E-38  4.5000E-38  4.5000E-38  4.5000E-38
  4.5000E-38  4.5000E-38  4.5000E-38  4.5000E-38  4.5000E-38
  4.5000E-38  4.5000E-38  4.5000E-38  4.5000E-38  4.5000E-38
  4.5000E-38  4.5000E-38  4.5000E-38  4.5000E-38  4.5000E-38
  4.5000E-38  4.5000E-38  4.5000E-38  4.5000E-38  4.5000E-38
  4.5000E-38  4.5000E-38  4.5000E-38  4.5000E-38  4.5000E-38
  4.5065E-38  4.5065E-38  4.5065E-38  4.5065E-38  4.5065E-38
  4.5101E-38  4.5101E-38  4.5101E-38  4.5101E-38  4.5101E-38
  4.5112E-38  4.5112E-38  4.5112E-38  4.5112E-38  4.5112E-38
  4.5000E-38  4.5000E-38  4.5000E-38  4.5000E-38  4.5000E-38
  4.5000E-38  4.5000E-38  4.5000E-38  4.5000E-38  4.5000E-38
  4.5000E-38  4.5000E-38  4.5000E-38  4.5000E-38  4.5000E-38
  4.5000E-38  4.5000E-38  4.5000E-38  4.5000E-38  4.5000E-38
  4.5000E-38  4.5000E-38  4.5000E-38  4.5000E-38  4.5000E-38
  4.5000E-38  4.5000E-38  4.5000E-38  4.5000E-38  4.5000E-38
  4.5000E-38  4.5000E-38  4.5000E-38  4.5000E-38  4.5000E-38
  4.5000E-38  4.5000E-38  4.5000E-38  4.5000E-38  4.5000E-38
  4.5000E-38  4.5000E-38  4.5000E-38  4.5000E-38  4.5000E-38
  4.5000E-38  4.5000E-38  4.5000E-38  4.5000E-38  4.5000E-38
  4.5000E-38  4.5000E-38  4.5000E-38  4.5000E-38  4.5000E-38
  4.5000E-38  4.5000E-38  4.5000E-38  4.5000E-38  4.5000E-38
  4.5000E-38  4.5000E-38  4.5000E-38  4.5000E-38  4.5000E-38
  4.5000E-38  4.5000E-38  4.5000E-38  4.5000E-38  4.5000E-38
  4.5000E-38  4.5000E-38  4.5000E-38  4.5000E-38  4.5000E-38
  4.5025E-38  4.5025E-38  4.5025E-38  4.5025E-38  4.5025E-38
  4.5090E-38  4.5090E-38  4.5090E-38  4.5090E-38  4.5090E-38
  4.5108E-38  4.5108E-38  4.5108E-38  4.5108E-38  4.5108E-38
  4.5000E-38  4.5000E-38  4.5000E-38  4.5000E-38  4.5000E-38
  4.5000E-38  4.5000E-38  4.5000E-38  4.5000E-38  4.5000E-38
  4.5000E-38  4.5000E-38  4.5000E-38  4.5000E-38  4.5000E-38
  4.5000E-38  4.5000E-38  4.5000E-38  4.5000E-38  4.5000E-38
  4.5000E-38  4.5000E-38  4.5000E-38  4.5000E-38  4.5000E-38
  4.5000E-38  4.5000E-38  4.5000E-38  4.5000E-38  4.5000E-38
  4.5000E-38  4.5000E-38  4.5000E-38  4.5000E-38  4.5000E-38
  4.5000E-38  4.5000E-38  4.5000E-38  4.5000E-38  4.5000E-38
  4.5000E-38  4.5000E-38  4.5000E-38  4.5000E-38  4.5000E-38
  4.5000E-38  4.5000E-38  4.5000E-38  4.5000E-38  4.5000E-38
  4.5000E-38  4.5000E-38  4.5000E-38  4.5000E-38  4.5000E-38
  4.5000E-38  4.5000E-38  4.5000E-38  4.5000E-38  4.5000E-38
  4.5000E-38  4.5000E-38  4.5000E-38  4.5000E-38  4.5000E-38
  4.5000E-38  4.5000E-38  4.5000E-38  4.5000E-38  4.5000E-38
  4.5000E-38  4.5000E-38  4.5000E-38  4.5000E-38  4.5000E-38
  4.5000E-38  4.5000E-38  4.5000E-38  4.5000E-38  4.5000E-38
  4.5071E-38  4.5071E-38  4.5071E-38  4.5071E-38  4.5071E-38
  4.5102E-38  4.5102E-38  4.5102E-38  4.5102E-38  4.5102E-38
  4.5000E-38  4.5000E-38  4.5000E-38  4.5000E-38  4.5000E-38
  4.5000E-38  4.5000E-38  4.5000E-38  4.5000E-38  4.5000E-38
  4.5000E-38  4.5000E-38  4.5000E-38  4.5000E-38  4.5000E-38
  4.5000E-38  4.5000E-38  4.5000E-38  4.5000E-38  4.5000E-38
  4.5000E-38  4.5000E-38  4.5000E-38  4.5000E-38  4.5000E-38
  4.5000E-38  4.5000E-38  4.5000E-38  4.5000E-38  4.5000E-38
  4.5000E-38  4.5000E-38  4.5000E-38  4.5000E-38  4.5000E-38
  4.5000E-38  4.5000E-38  4.5000E-38  4.5000E-38  4.5000E-38
  4.5000E-38  4.5000E-38  4.5000E-38  4.5000E-38  4.5000E-38
  4.5000E-38  4.5000E-38  4.5000E-38  4.5000E-38  4.5000E-38
  4.5000E-38  4.5000E-38  4.5000E-38  4.5000E-38  4.5000E-38
  4.5000E-38  4.5000E-38  4.5000E-38  4.5000E-38  4.5000E-38
  4.5000E-38  4.5000E-38  4.5000E-38  4.5000E-38  4.5000E-38
  4.5000E-38  4.5000E-38  4.5000E-38  4.5000E-38  4.5000E-38
  4.5000E-38  4.5000E-38  4.5000E-38  4.5000E-38  4.5000E-38
  4.5000E-38  4.5000E-38  4.5000E-38  4.5000E-38  4.5000E-38
  4.5041E-38  4.5041E-38  4.5041E-38  4.5041E-38  4.5041E-38
  4.5092E-38  4.5092E-38  4.5092E-38  4.5092E-38  4.5092E-38
  4.5000E-38  4.5000E-38  4.5000E-38  4.5000E-38  4.5000E-38
  4.5000E-38  4.5000E-38  4.5000E-38  4.5000E-38  4.5000E-38
  4.5000E-38  4.5000E-38  4.5000E-38  4.5000E-38  4.5000E-38
  4.5000E-38  4.5000E-38  4.5000E-38  4.5000E-38  4.5000E-38
  4.5000E-38  4.5000E-38  4.5000E-38  4.5000E-38  4.5000E-38
  4.5000E-38  4.5000E-38  4.5000E-38  4.5000E-38  4.5000E-38
  4.5000E-38  4.5000E-38  4.5000E-38  4.5000E-38  4.5000E-38
  4.5000E-38  4.5000E-38  4.5000E-38  4.5000E-38  4.5000E-38
  4.5000E-38  4.5000E-38  4.5000E-38  4.5000E-38  4.5000E-38
  4.5000E-38  4.5000E-38  4.5000E-38  4.5000E-38  4.5000E-38
  4.5000E-38  4.5000E-38  4.5000E-38  4.5000E-38  4.5000E-38
  4.5000E-38  4.5000E-38  4.5000E-38  4.5000E-38  4.5000E-38
  4.5000E-38  4.5000E-38  4.5000E-38  4.5000E-38  4.5000E-38
  4.5000E-38  4.5000E-38  4.5000E-38  4.5000E-38  4.5000E-38
  4.5000E-38  4.5000E-38  4.5000E-38  4.5000E-38  4.5000E-38
  4.5000E-38  4.5000E-38  4.5000E-38  4.5000E-38  4.5000E-38
  4.5000E-38  4.5000E-38  4.5000E-38  4.5000E-38  4.5000E-38
  4.5077E-38  4.5077E-38  4.5077E-38  4.5077E-38  4.5077E-38
  4.5000E-38  4.5000E-38  4.5000E-38  4.5000E-38  4.5000E-38
  4.5000E-38  4.5000E-38  4.5000E-38  4.5000E-38  4.5000E-38
  4.5000E-38  4.5000E-38  4.5000E-38  4.5000E-38  4.5000E-38
  4.5000E-38  4.5000E-38  4.5000E-38  4.5000E-38  4.5000E-38
  4.5000E-38  4.5000E-38  4.5000E-38  4.5000E-38  4.5000E-38
  4.5000E-38  4.5000E-38  4.5000E-38  4.5000E-38  4.5000E-38
  4.5000E-38  4.5000E-38  4.5000E-38  4.5000E-38  4.5000E-38
  4.5000E-38  4.5000E-38  4.5000E-38  4.5000E-38  4.5000E-38
  4.5000E-38  4.5000E-38  4.5000E-38  4.5000E-38  4.5000E-38
  4.5000E-38  4.5000E-38  4.5000E-38  4.5000E-38  4.5000E-38
  4.5000E-38  4.5000E-38  4.5000E-38  4.5000E-38  4.5000E-38
  4.5000E-38  4.5000E-38  4.5000E-38  4.5000E-38  4.5000E-38
  4.5000E-38  4.5000E-38  4.5000E-38  4.5000E-38  4.5000E-38
  4.5000E-38  4.5000E-38  4.5000E-38  4.5000E-38  4.5000E-38
  4.5000E-38  4.5000E-38  4.5000E-38  4.5000E-38  4.5000E-38
  4.5000E-38  4.5000E-38  4.5000E-38  4.5000E-38  4.5000E-38
  4.5000E-38  4.5000E-38  4.5000E-38  4.5000E-38  4.5000E-38
  4.5055E-38  4.5055E-38  4.5055E-38  4.5055E-38  4.5055E-38
  4.5000E-38  4.5000E-38  4.5000E-38  4.5000E-38  4.5000E-38
  4.5000E-38  4.5000E-38  4.5000E-38  4.5000E-38  4.5000E-38
  4.5000E-38  4.5000E-38  4.5000E-38  4.5000E-38  4.5000E-38
  4.5000E-38  4.5000E-38  4.5000E-38  4.5000E-38  4.5000E-38
  4.5000E-38  4.5000E-38  4.5000E-38  4.5000E-38  4.5000E-38
  4.5000E-38  4.5000E-38  4.5000E-38  4.5000E-38  4.5000E-38
  4.5000E-38  4.5000E-38  4.5000E-38  4.5000E-38  4.5000E-38
  4.5000E-38  4.5000E-38  4.5000E-38  4.5000E-38  4.5000E-38
  4.5000E-38  4.5000E-38  4.5000E-38  4.5000E-38  4.5000E-38
  4.5000E-38  4.5000E-38  4.5000E-38  4.5000E-38  4.5000E-38
  4.5000E-38  4.5000E-38  4.5000E-38  4.5000E-38  4.5000E-38
  4.5000E-38  4.5000E-38  4.5000E-38  4.5000E-38  4.5000E-38
  4.5000E-38  4.5000E-38  4.5000E-38  4.5000E-38  4.5000E-38
  4.5000E-38  4.5000E-38  4.5000E-38  4.5000E-38  4.5000E-38
  4.5000E-38  4.5000E-38  4.5000E-38  4.5000E-38  4.5000E-38
  4.5000E-38  4.5000E-38  4.5000E-38  4.5000E-38  4.5000E-38
  4.5000E-38  4.5000E-38  4.5000E-38  4.5000E-38  4.5000E-38
  4.5000E-38  4.5000E-38  4.5000E-38  4.5000E-38  4.5000E-38
  4.5017E-38  7.1395E-22  2.4001E-31  2.8202E-30  1.1893E-30
  4.5017E-38  2.3799E-22  4.3472E-32  5.1081E-31  2.1540E-31
  4.5017E-38  7.1401E-23  6.8673E-33  8.0692E-32  3.4027E-32
  4.5017E-38  2.3800E-23  1.2944E-33  1.5210E-32  6.4139E-33
  4.5017E-38  7.1402E-24  2.0993E-34  2.4667E-33  1.0402E-33
  4.5017E-38  2.3800E-24  4.0129E-35  4.7153E-34  1.9884E-34
  4.5017E-38  7.1400E-25  6.5658E-36  7.7151E-35  3.2535E-35
  4.5017E-38  2.3798E-25  1.2607E-36  1.4814E-35  6.2469E-36
  4.5018E-38  7.1384E-26  2.0683E-37  2.4304E-36  1.0249E-36
  4.5017E-38  2.3792E-26  4.5017E-38  4.6734E-37  1.9708E-37
  4.5017E-38  7.1375E-27  4.5017E-38  7.6757E-38  4.5017E-38
  4.5017E-38  2.3792E-27  4.5017E-38  4.5017E-38  4.5017E-38
  4.5017E-38  7.1376E-28  4.5017E-38  4.5017E-38  4.5017E-38
  4.5017E-38  2.3792E-28  4.5018E-38  4.5018E-38  4.5018E-38
  4.5017E-38  7.1377E-29  4.5018E-38  4.5018E-38  4.5018E-38
  4.5017E-38  2.3792E-29  4.5018E-38  4.5018E-38  4.5018E-38
  4.5017E-38  7.1377E-30  4.5018E-38  4.5018E-38  4.5018E-38
  4.5017E-38  2.3792E-30  4.5018E-38  4.5018E-38  4.5018E-38
  6.6395E-36  9.7819E-20  7.1478E-28  7.1056E-27  3.1380E-27
  1.2778E-36  3.2610E-20  1.1394E-28  1.1326E-27  5.0023E-28
  2.0996E-37  9.7839E-21  1.6324E-29  1.6228E-28  7.1669E-29
  4.5017E-38  3.2615E-21  2.9054E-30  2.8883E-29  1.2756E-29
  4.5017E-38  9.7850E-22  4.5342E-31  4.5074E-30  1.9907E-30
  4.5017E-38  3.2616E-22  8.4899E-32  8.4396E-31  3.7272E-31
  4.5018E-38  9.7849E-23  1.3710E-32  1.3629E-31  6.0190E-32
  4.5017E-38  3.2616E-23  2.6147E-33  2.5992E-32  1.1479E-32
  4.5018E-38  9.7835E-24  4.2716E-34  4.2463E-33  1.8753E-33
  4.5018E-38  3.2608E-24  8.1955E-35  8.1470E-34  3.5980E-34
  4.5018E-38  9.7818E-25  1.3441E-35  1.3362E-34  5.9010E-35
  4.5017E-38  3.2605E-25  2.5844E-36  2.5691E-35  1.1346E-35
  4.5017E-38  9.7817E-26  4.2441E-37  4.2190E-36  1.8632E-36
  4.5017E-38  3.2606E-26  8.1656E-38  8.1174E-37  3.5848E-37
  4.5017E-38  9.7818E-27  4.5018E-38  1.3335E-37  5.8894E-38
  4.5017E-38  3.2606E-27  4.5018E-38  4.5018E-38  4.5018E-38
  4.5017E-38  9.7818E-28  4.5018E-38  4.5018E-38  4.5018E-38
  4.5017E-38  3.2606E-28  4.5018E-38  4.5018E-38  4.5018E-38
  1.8041E-32  7.7026E-18  1.2795E-24  1.0960E-23  6.0086E-25
  3.4720E-33  2.5679E-18  1.7235E-25  1.4764E-24  2.4280E-25
  5.7052E-34  7.7046E-19  2.0817E-26  1.7832E-25  8.2024E-26
  1.0979E-34  2.5685E-19  3.2671E-27  2.7987E-26  1.2873E-26
  1.8041E-35  7.7062E-20  4.6180E-28  3.9558E-27  1.8196E-27
  3.4720E-36  2.5689E-20  8.1479E-29  6.9797E-28  3.2104E-28
  5.7052E-37  7.7070E-21  1.2638E-29  1.0825E-28  4.9796E-29
  1.0979E-37  2.5690E-21  2.3581E-30  2.0200E-29  9.2916E-30
  4.5017E-38  7.7066E-22  3.7993E-31  3.2546E-30  1.4970E-30
  4.5017E-38  2.5686E-22  7.2364E-32  6.1988E-31  2.8513E-31
  4.5017E-38  7.7049E-23  1.1814E-32  1.0119E-31  4.6547E-32
  4.5017E-38  2.5682E-23  2.2660E-33  1.9410E-32  8.9283E-33
  4.5017E-38  7.7046E-24  3.7158E-34  3.1830E-33  1.4642E-33
  4.5017E-38  2.5682E-24  7.1437E-35  6.1194E-34  2.8148E-34
  4.5017E-38  7.7046E-25  1.1730E-35  1.0049E-34  4.6222E-35
  4.5017E-38  2.5682E-25  2.2569E-36  1.9333E-35  8.8927E-36
  4.5017E-38  7.7047E-26  3.7076E-37  3.1760E-36  1.4609E-36
  4.5017E-38  2.5682E-26  7.1347E-38  6.1118E-37  2.8112E-37
  2.1233E-29  3.8067E-16  1.3616E-21  1.0208E-20  3.6146E-23
  4.0860E-30  1.2689E-16  1.6413E-22  1.2305E-21  1.3072E-23
  6.7141E-31  3.8072E-17  1.7031E-23  1.2768E-22  4.5213E-24
  1.2921E-31  1.2692E-17  2.2986E-24  1.7233E-23  1.8306E-24
  2.1232E-32  3.8081E-18  2.7829E-25  2.0863E-24  7.3879E-25
  4.0861E-33  1.2695E-18  4.3764E-26  3.2810E-25  1.5646E-25
  6.7140E-34  3.8089E-19  6.1969E-27  4.6458E-26  2.2155E-26
  1.2921E-34  1.2697E-19  1.0946E-27  8.2064E-27  3.9134E-27
  2.1230E-35  3.8091E-20  1.6991E-28  1.2738E-27  6.0744E-28
  4.0852E-36  1.2696E-20  3.1715E-29  2.3776E-28  1.1338E-28
  6.7110E-37  3.8083E-21  5.1106E-30  3.8314E-29  1.8271E-29
  1.2914E-37  1.2694E-21  9.7363E-31  7.2992E-30  3.4809E-30
  4.5017E-38  3.8080E-22  1.5898E-31  1.1920E-30  5.6840E-31
  4.5017E-38  1.2694E-22  3.0499E-32  2.2865E-31  1.0904E-31
  4.5017E-38  3.8080E-23  5.0015E-33  3.7496E-32  1.7881E-32
  4.5017E-38  1.2694E-23  9.6158E-34  7.2089E-33  3.4377E-33
  4.5017E-38  3.8081E-24  1.5790E-34  1.1838E-33  5.6453E-34
  4.5017E-38  1.2694E-24  3.0379E-35  2.2775E-34  1.0861E-34
  1.2274E-26  1.2667E-14  8.0533E-19  1.1509E-18  1.6188E-21
  2.3613E-27  4.2216E-15  9.2412E-20  3.9629E-19  5.5741E-22
  3.8798E-28  1.2665E-15  8.8384E-21  5.8761E-20  1.7772E-22
  7.4666E-29  4.2219E-16  1.0759E-21  7.1531E-21  6.4900E-23
  1.2269E-29  1.2667E-16  1.1333E-22  7.5348E-22  2.2788E-23
  2.3611E-30  4.2228E-17  1.5560E-23  1.0345E-22  9.3859E-24
  3.8797E-31  1.2670E-17  1.9220E-24  1.2779E-23  3.8647E-24
  7.4664E-32  4.2238E-18  3.0737E-25  2.0435E-24  1.0064E-24
  1.2269E-32  1.2673E-18  4.4156E-26  2.9357E-25  1.4458E-25
  2.3608E-33  4.2241E-19  7.8719E-27  5.2335E-26  2.5775E-26
  3.8785E-34  1.2671E-19  1.2297E-27  8.1758E-27  4.0265E-27
  7.4627E-35  4.2233E-20  2.3036E-28  1.5316E-27  7.5427E-28
  1.2262E-35  1.2670E-20  3.7215E-29  2.4742E-28  1.2186E-28
  2.3597E-36  4.2232E-21  7.0994E-30  4.7200E-29  2.3246E-29
  3.8774E-37  1.2670E-21  1.1602E-30  7.7137E-30  3.7988E-30
  7.4622E-38  4.2232E-22  2.2265E-31  1.4804E-30  7.2906E-31
  4.5017E-38  1.2670E-22  3.6523E-32  2.4282E-31  1.1959E-31
  4.5017E-38  4.2232E-23  7.0227E-33  4.6690E-32  2.2994E-32
  8.3935E-20  7.2949E-11  6.5502E-12  1.0178E-14  2.2555E-17
  1.6158E-20  2.4315E-11  7.2987E-13  3.4024E-15  7.5399E-18
  2.6551E-21  7.2938E-12  6.6036E-14  1.0263E-15  2.2742E-18
  5.1079E-22  2.4304E-12  7.3979E-15  3.4504E-16  7.6462E-19
  8.3915E-23  7.2903E-13  6.7713E-16  1.0529E-16  2.3332E-19
  1.6149E-23  2.4300E-13  7.7308E-17  3.6065E-17  7.9920E-20
  2.6536E-24  7.2904E-14  7.3230E-18  1.1387E-17  2.5235E-20
  5.1070E-25  2.4303E-14  8.7935E-19  4.1023E-18  9.0906E-21
  8.3916E-26  7.2915E-15  9.0688E-20  4.4750E-19  3.1251E-21
  1.6149E-26  2.4307E-15  1.2153E-20  5.9967E-20  1.2564E-21
  2.6534E-27  7.2929E-16  1.4587E-21  7.1979E-21  5.0268E-22
  5.1059E-28  2.4311E-16  2.2768E-22  1.1235E-21  2.3541E-22
  8.3878E-29  7.2927E-17  3.2022E-23  1.5801E-22  8.4197E-23
  1.6140E-29  2.4309E-17  5.6321E-24  2.7792E-23  1.4809E-23
  2.6521E-30  7.2929E-18  8.7163E-25  4.3010E-24  2.2918E-24
  5.1040E-31  2.4310E-18  1.6244E-25  8.0160E-25  4.2712E-25
  8.3869E-32  7.2933E-19  2.6155E-26  1.2906E-25  6.8769E-26
  1.6140E-32  2.4311E-19  4.9804E-27  2.4577E-26  1.3095E-26
  2.9718E-15  5.5103E-08  6.9451E-09  1.0657E-11  3.3727E-14
  9.9075E-16  1.8370E-08  2.3682E-09  3.6294E-12  1.1434E-14
  2.9723E-16  5.5113E-09  7.1691E-10  1.0981E-12  3.4540E-15
  8.9226E-17  1.8371E-09  2.3988E-10  3.6741E-13  1.1551E-15
  1.4714E-17  5.5108E-10  7.2218E-11  1.1060E-13  3.4766E-16
  2.8356E-18  1.8364E-10  1.4632E-11  3.7026E-14  1.1638E-16
  4.6632E-19  5.5079E-11  1.3273E-12  1.1199E-14  3.5202E-17
  8.9791E-20  1.8359E-11  1.4946E-13  3.7832E-15  1.1892E-17
  1.4760E-20  5.5078E-12  1.3800E-14  1.1644E-15  3.6602E-18
  2.8410E-21  1.8360E-12  1.5961E-15  4.0405E-16  1.2700E-18
  4.6687E-22  5.5082E-13  1.5469E-16  1.3053E-16  4.1029E-19
  8.9850E-23  1.8361E-13  1.9171E-17  4.8534E-17  1.5256E-19
  1.4762E-23  5.5086E-14  2.0741E-18  8.1344E-18  5.5020E-20
  2.8404E-24  1.8361E-14  2.9313E-19  1.1496E-18  2.3331E-20
  4.6666E-25  5.5087E-15  3.7406E-20  1.4671E-19  9.9252E-21
  8.9807E-26  1.8364E-15  6.1393E-21  2.4077E-20  4.8871E-21
  1.4757E-26  5.5096E-16  9.0125E-22  3.5345E-21  1.9995E-21
  2.8400E-27  1.8366E-16  1.6285E-22  6.3867E-22  3.6129E-22
  8.0679E-13  9.9836E-06  3.7525E-07  6.4319E-10  4.4485E-12
  4.3126E-13  3.3954E-06  2.2677E-07  3.7318E-10  2.0165E-12
  2.1632E-13  1.0264E-06  1.0860E-07  1.7318E-10  8.0519E-13
  1.1209E-13  3.4293E-07  4.7090E-08  7.3883E-11  3.2124E-13
  3.3704E-14  1.0297E-07  1.6291E-08  2.5350E-11  1.0682E-13
  1.1237E-14  3.4330E-08  5.7283E-09  8.8842E-12  3.7032E-14
  3.3712E-15  1.0299E-08  1.7569E-09  2.7228E-12  1.1312E-14
  1.1234E-15  3.4318E-09  5.9083E-10  9.1517E-13  3.7971E-15
  2.0620E-16  1.0294E-09  1.7880E-10  2.7696E-13  1.1488E-15
  3.9853E-17  3.4312E-10  2.2476E-11  9.3326E-14  3.8708E-16
  6.5661E-18  1.0294E-10  2.0615E-12  2.8535E-14  1.1835E-16
  1.2654E-18  3.4312E-11  2.3594E-13  9.7984E-15  4.0638E-17
  2.0808E-19  1.0294E-11  2.2445E-14  3.1072E-15  1.2887E-17
  4.0057E-20  3.4311E-12  2.7114E-15  1.1261E-15  4.6705E-18
  6.5821E-21  1.0293E-12  2.8224E-16  3.9084E-16  1.6209E-18
  1.2667E-21  3.4312E-13  3.8243E-17  1.2500E-16  6.5895E-19
  2.0815E-22  1.0295E-13  4.6525E-18  1.5207E-17  2.6721E-19
  4.0061E-23  3.4319E-14  7.3465E-19  2.4012E-18  1.2659E-19
  9.7847E-12  1.1082E-05  4.2578E-07  7.4282E-10  7.0395E-12
  7.6539E-12  1.1081E-05  4.2513E-07  7.4183E-10  7.0235E-12
  5.4262E-12  1.1079E-05  4.2408E-07  7.4036E-10  7.0004E-12
  3.7469E-12  1.1077E-05  4.2252E-07  7.3822E-10  6.9671E-12
  2.1763E-12  6.9157E-06  3.5089E-07  6.0223E-10  4.9438E-12
  1.1524E-12  2.3383E-06  2.0660E-07  3.4143E-10  2.2412E-12
  5.6594E-13  7.0527E-07  9.6343E-08  1.5472E-10  8.8802E-13
  2.8344E-13  2.3546E-07  4.0980E-08  6.4854E-11  3.5095E-13
  1.0060E-13  7.0666E-08  1.4023E-08  2.2029E-11  1.1604E-13
  3.3531E-14  2.3552E-08  4.9203E-09  7.7072E-12  4.0236E-14
  1.0059E-14  7.0658E-09  1.5160E-09  2.3715E-12  1.2340E-14
  2.8501E-15  2.3552E-09  5.1391E-10  8.0352E-13  4.1766E-15
  4.7335E-16  7.0659E-10  4.9112E-11  2.4661E-13  1.2813E-15
  9.1590E-17  2.3552E-10  5.6190E-12  8.4671E-14  4.3989E-16
  1.5098E-17  7.0650E-11  5.3375E-13  2.6816E-14  1.3931E-16
  2.9098E-18  2.3548E-11  6.4347E-14  9.7008E-15  5.0395E-17
  4.7858E-19  7.0648E-12  6.6794E-15  3.3568E-15  1.7439E-17
  9.2148E-20  2.3552E-12  9.0196E-16  1.3599E-15  7.0647E-18
  4.4671E-11  1.1085E-05  4.7161E-07  8.3630E-10  1.0911E-11
  4.1796E-11  1.1069E-05  4.6712E-07  8.2745E-10  1.0686E-11
  3.8067E-11  1.1058E-05  4.6405E-07  8.2153E-10  1.0540E-11
  3.3689E-11  1.1052E-05  4.6211E-07  8.1797E-10  1.0453E-11
  2.7736E-11  1.1047E-05  4.6023E-07  8.1481E-10  1.0379E-11
  2.1697E-11  1.1042E-05  4.5817E-07  8.1167E-10  1.0307E-11
  1.5347E-11  1.1036E-05  4.5482E-07  8.0679E-10  1.0199E-11
  1.0531E-11  1.1027E-05  4.4980E-07  7.9962E-10  1.0043E-11
  5.9849E-12  6.3382E-06  3.6338E-07  6.3411E-10  6.7294E-12
  3.1519E-12  2.1405E-06  2.1654E-07  3.6430E-10  3.0805E-12
  1.5060E-12  6.4517E-07  1.0226E-07  1.6713E-10  1.2302E-12
  7.4644E-13  2.1534E-07  4.4376E-08  7.1362E-11  4.9391E-13
  3.2676E-13  6.4637E-08  1.5653E-08  2.4926E-11  1.6759E-13
  1.4268E-13  2.1549E-08  5.6323E-09  8.9291E-12  5.9439E-14
  4.4883E-14  6.4648E-09  1.7769E-09  2.8104E-12  1.8634E-14
  1.1171E-14  2.1547E-09  2.2304E-10  9.8154E-13  6.4999E-15
  1.8663E-15  6.4638E-10  2.1167E-11  3.1100E-13  2.0585E-15
  3.6216E-16  2.1546E-10  2.5381E-12  1.1194E-13  7.4082E-16
  1.7700E-10  1.1346E-05  5.8185E-07  1.0645E-09  2.1735E-11
  1.4401E-10  1.1252E-05  5.5214E-07  1.0025E-09  1.8797E-11
  1.2186E-10  1.1168E-05  5.2784E-07  9.5259E-10  1.6753E-11
  1.0843E-10  1.1113E-05  5.1271E-07  9.2188E-10  1.5618E-11
  9.6795E-11  1.1072E-05  5.0197E-07  9.0034E-10  1.4872E-11
  8.6379E-11  1.1049E-05  4.9563E-07  8.8792E-10  1.4459E-11
  7.3418E-11  1.1032E-05  4.9068E-07  8.7867E-10  1.4163E-11
  5.9881E-11  1.1020E-05  4.8668E-07  8.7178E-10  1.3951E-11
  4.4382E-11  1.1007E-05  4.8145E-07  8.6350E-10  1.3706E-11
  3.1438E-11  1.0993E-05  4.7445E-07  8.5291E-10  1.3404E-11
  2.0026E-11  1.0967E-05  4.6181E-07  8.3409E-10  1.2884E-11
  1.1702E-11  7.6184E-06  3.9567E-07  7.0986E-10  9.6856E-12
  5.7264E-12  2.3228E-06  2.3041E-07  3.9811E-10  4.1742E-12
  3.0380E-12  7.7821E-07  1.2034E-07  2.0198E-10  1.8461E-12
  1.4783E-12  2.3391E-07  5.0710E-08  8.3215E-11  7.0496E-13
  7.2909E-13  7.8015E-08  2.0600E-08  3.3369E-11  2.7405E-13
  3.1308E-13  2.3407E-08  7.0812E-09  1.1375E-11  9.2120E-14
  1.3757E-13  7.8028E-09  1.5820E-09  4.2093E-12  3.3923E-14
  1.1951E-09  1.1680E-05  7.1909E-07  1.3622E-09  5.0467E-11
  7.8740E-10  1.1616E-05  6.9431E-07  1.3080E-09  4.3791E-11
  5.1438E-10  1.1523E-05  6.6019E-07  1.2337E-09  3.6230E-11
  3.6388E-10  1.1421E-05  6.2616E-07  1.1603E-09  3.0326E-11
  2.6138E-10  1.1306E-05  5.9093E-07  1.0857E-09  2.5492E-11
  1.9953E-10  1.1212E-05  5.6434E-07  1.0303E-09  2.2488E-11
  1.4948E-10  1.1130E-05  5.4271E-07  9.8583E-10  2.0369E-11
  1.1227E-10  1.1077E-05  5.2891E-07  9.5808E-10  1.9159E-11
  7.7992E-11  1.1037E-05  5.1815E-07  9.3719E-10  1.8305E-11
  5.2906E-11  1.1009E-05  5.1013E-07  9.2263E-10  1.7742E-11
  3.2655E-11  1.0982E-05  5.0089E-07  9.0708E-10  1.7172E-11
  2.0047E-11  1.0953E-05  4.8942E-07  8.8887E-10  1.6539E-11
  1.0904E-11  1.0903E-05  4.6826E-07  8.5609E-10  1.5461E-11
  6.0761E-12  1.0821E-05  4.3635E-07  8.0634E-10  1.3947E-11
  3.2530E-12  4.2646E-06  2.9693E-07  5.3615E-10  7.3039E-12
  1.8459E-12  1.4346E-06  1.6902E-07  2.9563E-10  3.3752E-12
  9.8685E-13  4.3184E-07  7.8212E-08  1.3283E-10  1.3638E-12
  5.5117E-13  1.4410E-07  3.4647E-08  5.7674E-11  5.6496E-13
  5.8198E-09  1.1771E-05  7.5698E-07  1.4330E-09  5.6821E-11
  4.3406E-09  1.1756E-05  7.5217E-07  1.4298E-09  5.9805E-11
  2.9496E-09  1.1728E-05  7.4207E-07  1.4117E-09  5.9086E-11
  1.9965E-09  1.1687E-05  7.2708E-07  1.3804E-09  5.5254E-11
  1.2863E-09  1.1618E-05  7.0319E-07  1.3285E-09  4.8704E-11
  8.7264E-10  1.1533E-05  6.7498E-07  1.2671E-09  4.1969E-11
  5.8939E-10  1.1420E-05  6.4013E-07  1.1919E-09  3.5222E-11
  4.2601E-10  1.1311E-05  6.0901E-07  1.1259E-09  3.0362E-11
  3.0561E-10  1.1201E-05  5.7973E-07  1.0649E-09  2.6568E-11
  2.2529E-10  1.1119E-05  5.5880E-07  1.0223E-09  2.4242E-11
  1.5638E-10  1.1050E-05  5.4112E-07  9.8763E-10  2.2524E-11
  1.0700E-10  1.1000E-05  5.2737E-07  9.6221E-10  2.1364E-11
  6.6229E-11  1.0947E-05  5.1109E-07  9.3425E-10  2.0182E-11
  3.9319E-11  1.0885E-05  4.8961E-07  8.9929E-10  1.8812E-11
  2.1391E-11  1.0775E-05  4.5336E-07  8.4094E-10  1.6729E-11
  1.2546E-11  1.0614E-05  4.0795E-07  7.6680E-10  1.4371E-11
  6.8311E-12  4.7185E-06  2.8300E-07  5.2508E-10  8.0791E-12
  3.8692E-12  1.5888E-06  1.6284E-07  2.9337E-10  3.8297E-12
  9.8913E-09  1.1779E-05  7.5117E-07  1.3569E-09  3.6382E-11
  9.0708E-09  1.1778E-05  7.5633E-07  1.4012E-09  4.6304E-11
  7.8213E-09  1.1775E-05  7.5794E-07  1.4264E-09  5.5144E-11
  6.4130E-09  1.1766E-05  7.5617E-07  1.4339E-09  6.0214E-11
  4.7815E-09  1.1746E-05  7.5018E-07  1.4275E-09  6.2075E-11
  3.4387E-09  1.1715E-05  7.4006E-07  1.4084E-09  6.0562E-11
  2.2888E-09  1.1660E-05  7.2245E-07  1.3713E-09  5.5955E-11
  1.5525E-09  1.1588E-05  6.9974E-07  1.3221E-09  4.9988E-11
  1.0214E-09  1.1483E-05  6.6861E-07  1.2549E-09  4.2925E-11
  7.1001E-10  1.1372E-05  6.3758E-07  1.1888E-09  3.7119E-11
  4.8515E-10  1.1247E-05  6.0502E-07  1.1207E-09  3.2107E-11
  3.4288E-10  1.1143E-05  5.7910E-07  1.0680E-09  2.8772E-11
  2.2865E-10  1.1045E-05  5.5465E-07  1.0205E-09  2.6110E-11
  1.5022E-10  1.0962E-05  5.3297E-07  9.8092E-10  2.4126E-11
  8.6382E-11  1.0856E-05  5.0277E-07  9.2929E-10  2.1800E-11
  5.1047E-11  1.0718E-05  4.6532E-07  8.6672E-10  1.9290E-11
  2.8926E-11  1.0485E-05  4.1098E-07  7.7553E-10  1.6082E-11
  1.7080E-11  1.0146E-05  3.4750E-07  6.6672E-10  1.2794E-11
  1.0983E-08  1.1760E-05  7.0319E-07  1.0936E-09  1.6321E-11
  1.0750E-08  1.1770E-05  7.2948E-07  1.2315E-09  2.4713E-11
  1.0310E-08  1.1776E-05  7.4575E-07  1.3313E-09  3.5665E-11
  9.6918E-09  1.1776E-05  7.5353E-07  1.3864E-09  4.5764E-11
  8.7032E-09  1.1773E-05  7.5705E-07  1.4196E-09  5.5013E-11
  7.4879E-09  1.1768E-05  7.5683E-07  1.4325E-09  6.0680E-11
  5.9070E-09  1.1751E-05  7.5262E-07  1.4316E-09  6.3439E-11
  4.4421E-09  1.1722E-05  7.4448E-07  1.4178E-09  6.2931E-11
  3.0538E-09  1.1672E-05  7.2955E-07  1.3873E-09  5.9451E-11
  2.0927E-09  1.1604E-05  7.0941E-07  1.3444E-09  5.4245E-11
  1.3632E-09  1.1500E-05  6.8039E-07  1.2823E-09  4.7458E-11
  9.2354E-10  1.1384E-05  6.4967E-07  1.2174E-09  4.1399E-11
  6.0509E-10  1.1246E-05  6.1496E-07  1.1456E-09  3.5755E-11
  4.0760E-10  1.1118E-05  5.8445E-07  1.0849E-09  3.1679E-11
  2.5164E-10  1.0977E-05  5.5064E-07  1.0212E-09  2.7991E-11
  1.5157E-10  1.0826E-05  5.1405E-07  9.5620E-10  2.4725E-11
  8.7080E-11  1.0603E-05  4.6481E-07  8.7100E-10  2.1028E-11
  5.2284E-11  1.0301E-05  4.0793E-07  7.7284E-10  1.7367E-11
  1.1166E-08  1.1685E-05  5.6069E-07  6.4477E-10  6.0715E-12
  1.1130E-08  1.1728E-05  6.4002E-07  8.7030E-10  1.0525E-11
  1.1012E-08  1.1755E-05  6.9476E-07  1.0807E-09  1.7799E-11
  1.0801E-08  1.1767E-05  7.2440E-07  1.2227E-09  2.6649E-11
  1.0398E-08  1.1774E-05  7.4289E-07  1.3259E-09  3.7845E-11
  9.8018E-09  1.1775E-05  7.5181E-07  1.3830E-09  4.7826E-11
  8.8970E-09  1.1771E-05  7.5608E-07  1.4176E-09  5.6695E-11
  7.7389E-09  1.1765E-05  7.5623E-07  1.4314E-09  6.1994E-11
  6.2134E-09  1.1747E-05  7.5228E-07  1.4313E-09  6.4522E-11
  4.7349E-09  1.1716E-05  7.4424E-07  1.4180E-09  6.4008E-11
  3.2807E-09  1.1662E-05  7.2925E-07  1.3879E-09  6.0700E-11
  2.2444E-09  1.1586E-05  7.0876E-07  1.3449E-09  5.5697E-11
  1.4419E-09  1.1471E-05  6.7876E-07  1.2818E-09  4.9024E-11
  9.5235E-10  1.1337E-05  6.4595E-07  1.2140E-09  4.2858E-11
  5.9434E-10  1.1166E-05  6.0629E-07  1.1346E-09  3.6776E-11
  3.6746E-10  1.0985E-05  5.6576E-07  1.0574E-09  3.1815E-11
  2.1065E-10  1.0736E-05  5.1417E-07  9.6331E-10  2.6749E-11
  1.2798E-10  1.0430E-05  4.5913E-07  8.6536E-10  2.2323E-11
  1.1040E-08  1.1453E-05  3.0479E-07  2.4938E-10  1.9313E-12
  1.1131E-08  1.1596E-05  4.4288E-07  4.3793E-10  3.9036E-12
  1.1151E-08  1.1684E-05  5.6595E-07  6.8636E-10  7.6300E-12
  1.1104E-08  1.1728E-05  6.4336E-07  9.0935E-10  1.2984E-11
  1.0964E-08  1.1754E-05  6.9664E-07  1.1113E-09  2.1359E-11
  1.0720E-08  1.1766E-05  7.2539E-07  1.2441E-09  3.0998E-11
  1.0263E-08  1.1772E-05  7.4320E-07  1.3389E-09  4.2383E-11
  9.5945E-09  1.1772E-05  7.5161E-07  1.3903E-09  5.1804E-11
  8.5969E-09  1.1767E-05  7.5532E-07  1.4206E-09  5.9575E-11
  7.3907E-09  1.1757E-05  7.5466E-07  1.4310E-09  6.3792E-11
  5.8275E-09  1.1732E-05  7.4942E-07  1.4272E-09  6.5307E-11
  4.3672E-09  1.1692E-05  7.3960E-07  1.4098E-09  6.4071E-11
  2.9660E-09  1.1621E-05  7.2166E-07  1.3739E-09  6.0163E-11
  1.9893E-09  1.1522E-05  6.9745E-07  1.3241E-09  5.4773E-11
  1.2423E-09  1.1368E-05  6.6185E-07  1.2515E-09  4.7778E-11
  7.7935E-10  1.1181E-05  6.2109E-07  1.1705E-09  4.1174E-11
  4.4338E-10  1.0909E-05  5.6603E-07  1.0655E-09  3.4094E-11
  2.6797E-10  1.0577E-05  5.0798E-07  9.5802E-10  2.8179E-11
  1.0586E-08  1.0774E-05  1.0288E-07  7.1645E-11  5.5623E-13
  1.0887E-08  1.1220E-05  2.0099E-07  1.5482E-10  1.2669E-12
  1.1061E-08  1.1485E-05  3.4788E-07  3.1789E-10  2.9052E-12
  1.1126E-08  1.1616E-05  4.8002E-07  5.2601E-10  5.6442E-12
  1.1116E-08  1.1694E-05  5.9188E-07  7.7931E-10  1.0601E-11
  1.1030E-08  1.1733E-05  6.6018E-07  9.9096E-10  1.7361E-11
  1.0824E-08  1.1756E-05  7.0636E-07  1.1715E-09  2.7200E-11
  1.0488E-08  1.1766E-05  7.3089E-07  1.2849E-09  3.7543E-11
  9.8778E-09  1.1769E-05  7.4567E-07  1.3627E-09  4.8548E-11
  9.0255E-09  1.1765E-05  7.5202E-07  1.4030E-09  5.6706E-11
  7.8370E-09  1.1756E-05  7.5376E-07  1.4242E-09  6.2672E-11
  6.4968E-09  1.1735E-05  7.5086E-07  1.4274E-09  6.5263E-11
  4.8922E-09  1.1694E-05  7.4216E-07  1.4150E-09  6.5178E-11
  3.5180E-09  1.1629E-05  7.2769E-07  1.3877E-09  6.2641E-11
  2.2909E-09  1.1513E-05  7.0236E-07  1.3373E-09  5.7467E-11
  1.4727E-09  1.1353E-05  6.6858E-07  1.2700E-09  5.1078E-11
  8.4741E-10  1.1090E-05  6.1686E-07  1.1690E-09  4.2897E-11
  5.0394E-10  1.0743E-05  5.5681E-07  1.0546E-09  3.5294E-11
  9.5861E-09  9.1447E-06  3.2560E-08  2.2530E-11  1.8895E-13
  1.0272E-08  1.0241E-05  6.9504E-08  4.9761E-11  4.2425E-13
  1.0731E-08  1.0965E-05  1.4974E-07  1.1576E-10  1.0275E-12
  1.0962E-08  1.1330E-05  2.6708E-07  2.3333E-10  2.2326E-12
  1.1081E-08  1.1543E-05  4.1648E-07  4.3529E-10  4.8039E-12
  1.1100E-08  1.1649E-05  5.3540E-07  6.6239E-10  8.8262E-12
  1.1030E-08  1.1711E-05  6.2895E-07  9.0913E-10  1.5628E-11
  1.0865E-08  1.1742E-05  6.8365E-07  1.0962E-09  2.4155E-11
  1.0527E-08  1.1758E-05  7.1957E-07  1.2441E-09  3.5298E-11
  1.0009E-08  1.1763E-05  7.3798E-07  1.3314E-09  4.5611E-11
  9.1247E-09  1.1760E-05  7.4812E-07  1.3876E-09  5.5176E-11
  7.9847E-09  1.1748E-05  7.5113E-07  1.4135E-09  6.1278E-11
  6.5911E-09  1.1723E-05  7.4898E-07  1.4218E-09  6.4852E-11
  5.1319E-09  1.1678E-05  7.4127E-07  1.4127E-09  6.5349E-11
  3.6153E-09  1.1593E-05  7.2497E-07  1.3836E-09  6.3100E-11
  2.4478E-09  1.1462E-05  7.0015E-07  1.3357E-09  5.8628E-11
  1.4685E-09  1.1228E-05  6.5737E-07  1.2525E-09  5.1287E-11
  8.7068E-10  1.0891E-05  6.0073E-07  1.1434E-09  4.2997E-11
  7.8940E-09  6.3654E-06  1.0938E-08  7.8375E-12  7.1714E-14
  9.0936E-09  8.2674E-06  2.4945E-08  1.8108E-11  1.6675E-13
  1.0017E-08  9.7733E-06  5.7398E-08  4.2893E-11  4.0086E-13
  1.0546E-08  1.0640E-05  1.1615E-07  9.1557E-11  8.8077E-13
  1.0876E-08  1.1184E-05  2.2698E-07  1.9926E-10  2.0483E-12
  1.1022E-08  1.1451E-05  3.5936E-07  3.6441E-10  4.1817E-12
  1.1065E-08  1.1607E-05  4.9877E-07  6.0372E-10  8.3246E-12
  1.1009E-08  1.1683E-05  5.9628E-07  8.3432E-10  1.4268E-11
  1.0829E-08  1.1728E-05  6.6741E-07  1.0539E-09  2.3366E-11
  1.0515E-08  1.1748E-05  7.0700E-07  1.2034E-09  3.3456E-11
  9.9324E-09  1.1755E-05  7.3177E-07  1.3119E-09  4.4833E-11
  9.1074E-09  1.1749E-05  7.4323E-07  1.3708E-09  5.3786E-11
  7.8347E-09  1.1731E-05  7.4740E-07  1.4037E-09  6.0731E-11
  6.4392E-09  1.1697E-05  7.4487E-07  1.4118E-09  6.4113E-11
  4.9235E-09  1.1627E-05  7.3509E-07  1.4007E-09  6.4783E-11
  3.5466E-09  1.1516E-05  7.1716E-07  1.3692E-09  6.2639E-11
  2.2739E-09  1.1310E-05  6.8358E-07  1.3058E-09  5.7346E-11
  1.3841E-09  1.0993E-05  6.3406E-07  1.2108E-09  4.9803E-11
  5.5877E-09  3.2228E-06  3.5158E-09  2.6283E-12  2.6133E-14
  7.2670E-09  5.3792E-06  9.0026E-09  6.7676E-12  6.7485E-14
  8.7610E-09  7.6603E-06  2.2793E-08  1.7351E-11  1.7416E-13
  9.7355E-09  9.2532E-06  4.9050E-08  3.8203E-11  3.8818E-13
  1.0418E-08  1.0398E-05  1.0588E-07  8.6666E-11  9.0584E-13
  1.0776E-08  1.1011E-05  1.9679E-07  1.7516E-10  1.9303E-12
  1.0970E-08  1.1380E-05  3.3492E-07  3.4318E-10  4.2131E-12
  1.1020E-08  1.1558E-05  4.6506E-07  5.5499E-10  7.9490E-12
  1.0954E-08  1.1661E-05  5.7961E-07  8.0842E-10  1.4454E-11
  1.0772E-08  1.1711E-05  6.5116E-07  1.0154E-09  2.2773E-11
  1.0388E-08  1.1736E-05  6.9977E-07  1.1877E-09  3.3833E-11
  9.8006E-09  1.1741E-05  7.2503E-07  1.2927E-09  4.4219E-11
  8.8170E-09  1.1729E-05  7.3878E-07  1.3610E-09  5.3940E-11
  7.5831E-09  1.1700E-05  7.4217E-07  1.3912E-09  6.0115E-11
  5.9561E-09  1.1638E-05  7.3708E-07  1.3967E-09  6.3466E-11
  4.5824E-09  1.1538E-05  7.2446E-07  1.3799E-09  6.3639E-11
  3.1423E-09  1.1345E-05  6.9771E-07  1.3326E-09  6.0582E-11
  2.0161E-09  1.1044E-05  6.5555E-07  1.2533E-09  5.4633E-11
  1.8305E-09  6.1565E-07  5.9377E-10  4.7261E-13  5.2636E-15
  3.5810E-09  1.5558E-06  1.7404E-09  1.3872E-12  1.5460E-14
  5.7625E-09  3.4749E-06  5.3568E-09  4.2863E-12  4.7872E-14
  7.5275E-09  5.7181E-06  1.3578E-08  1.0948E-11  1.2281E-13
  9.0010E-09  7.9709E-06  3.3377E-08  2.7372E-11  3.1000E-13
  9.9068E-09  9.4801E-06  6.9347E-08  5.8594E-11  6.7549E-13
  1.0510E-08  1.0534E-05  1.4207E-07  1.2767E-10  1.5310E-12
  1.0804E-08  1.1089E-05  2.4719E-07  2.4433E-10  3.1409E-12
  1.0928E-08  1.1418E-05  3.8890E-07  4.4363E-10  6.4964E-12
  1.0901E-08  1.1575E-05  5.0992E-07  6.6934E-10  1.1627E-11
  1.0715E-08  1.1664E-05  6.0983E-07  9.1437E-10  1.9907E-11
  1.0364E-08  1.1701E-05  6.6950E-07  1.0983E-09  2.9557E-11
  9.7072E-09  1.1709E-05  7.0802E-07  1.2403E-09  4.0993E-11
  8.7909E-09  1.1690E-05  7.2571E-07  1.3195E-09  5.0373E-11
  7.4169E-09  1.1634E-05  7.3100E-07  1.3618E-09  5.7782E-11
  5.9187E-09  1.1537E-05  7.2458E-07  1.3669E-09  6.1207E-11
  4.2349E-09  1.1344E-05  7.0337E-07  1.3373E-09  6.1081E-11
  2.9928E-09  1.1052E-05  6.6970E-07  1.2777E-09  5.7836E-11
  3.1759E-10  9.5764E-08  1.1290E-10  9.5134E-14  1.1717E-15
  8.5983E-10  2.7638E-07  3.3493E-10  2.8230E-13  3.4756E-15
  2.2185E-09  8.4705E-07  1.1192E-09  9.4430E-13  1.1630E-14
  4.1788E-09  2.0762E-06  3.3121E-09  2.8012E-12  3.4548E-14
  6.4507E-09  4.3143E-06  9.9675E-09  8.4833E-12  1.0503E-13
  8.1435E-09  6.5960E-06  2.4063E-08  2.0726E-11  2.5846E-13
  9.4424E-09  8.6553E-06  5.5734E-08  4.9238E-11  6.2387E-13
  1.0182E-08  9.9408E-06  1.0946E-07  1.0095E-10  1.3161E-12
  1.0632E-08  1.0797E-05  2.0721E-07  2.0741E-10  2.8726E-12
  1.0804E-08  1.1232E-05  3.2831E-07  3.6711E-10  5.6045E-12
  1.0794E-08  1.1484E-05  4.6622E-07  6.0114E-10  1.0788E-11
  1.0609E-08  1.1600E-05  5.6928E-07  8.2900E-10  1.7948E-11
  1.0175E-08  1.1654E-05  6.4677E-07  1.0454E-09  2.8198E-11
  9.5015E-09  1.1657E-05  6.8896E-07  1.1891E-09  3.8538E-11
  8.3960E-09  1.1613E-05  7.1151E-07  1.2854E-09  4.8803E-11
  7.0586E-09  1.1518E-05  7.1495E-07  1.3242E-09  5.5451E-11
  5.3780E-09  1.1324E-05  7.0143E-07  1.3197E-09  5.8664E-11
  3.8533E-09  1.1014E-05  6.7071E-07  1.2718E-09  5.7510E-11
  6.3479E-11  2.0226E-08  3.0179E-11  2.6747E-14  3.6020E-16
  1.6730E-10  5.3710E-08  8.0552E-11  7.1397E-14  9.6065E-16
  5.0477E-10  1.6784E-07  2.5609E-10  2.2703E-13  3.0532E-15
  1.3184E-09  4.8129E-07  7.6945E-10  6.8256E-13  9.1809E-15
  3.1322E-09  1.4220E-06  2.6102E-09  2.3201E-12  3.1246E-14
  5.3298E-09  3.1615E-06  7.5488E-09  6.7415E-12  9.1062E-14
  7.4983E-09  5.6828E-06  2.1028E-08  1.8992E-11  2.5841E-13
  8.9307E-09  7.8024E-06  4.6769E-08  4.3093E-11  5.9414E-13
  9.9267E-09  9.4921E-06  9.9711E-08  9.5675E-11  1.3568E-12
  1.0433E-08  1.0465E-05  1.8055E-07  1.8467E-10  2.7498E-12
  1.0668E-08  1.1078E-05  3.0518E-07  3.4714E-10  5.6825E-12
  1.0653E-08  1.1374E-05  4.3078E-07  5.5217E-10  1.0330E-11
  1.0396E-08  1.1533E-05  5.4899E-07  7.9977E-10  1.8095E-11
  9.9064E-09  1.1586E-05  6.2502E-07  1.0009E-09  2.7367E-11
  9.0223E-09  1.1569E-05  6.7421E-07  1.1615E-09  3.8464E-11
  7.8648E-09  1.1483E-05  6.9337E-07  1.2467E-09  4.7391E-11
  6.2797E-09  1.1285E-05  6.9038E-07  1.2767E-09  5.3703E-11
  4.7185E-09  1.0964E-05  6.6598E-07  1.2494E-09  5.5187E-11
  2.1395E-11  7.2696E-09  1.3476E-11  1.2490E-14  1.8162E-16
  4.6861E-11  1.5977E-08  2.9655E-11  2.7487E-14  4.0042E-16
  1.2313E-10  4.2221E-08  7.8678E-11  7.2932E-14  1.0614E-15
  3.2389E-10  1.1309E-07  2.1300E-10  1.9747E-13  2.8727E-15
  9.5298E-10  3.5561E-07  6.9404E-10  6.4381E-13  9.3670E-15
  2.3065E-09  9.9907E-07  2.1379E-09  1.9862E-12  2.8927E-14
  4.6667E-09  2.6305E-06  7.1109E-09  6.6371E-12  9.6964E-14
  6.8427E-09  4.8776E-06  1.8817E-08  1.7732E-11  2.6074E-13
  8.6243E-09  7.3353E-06  4.6391E-08  4.4632E-11  6.6587E-13
  9.6582E-09  9.0480E-06  9.3383E-08  9.3001E-11  1.4230E-12
  1.0282E-08  1.0266E-05  1.7912E-07  1.9033E-10  3.0669E-12
  1.0505E-08  1.0912E-05  2.8949E-07  3.3632E-10  5.8848E-12
  1.0442E-08  1.1288E-05  4.2454E-07  5.5686E-10  1.1196E-11
  1.0113E-08  1.1446E-05  5.3227E-07  7.7955E-10  1.8477E-11
  9.4121E-09  1.1487E-05  6.1500E-07  9.9426E-10  2.8659E-11
  8.4173E-09  1.1425E-05  6.5673E-07  1.1319E-09  3.8416E-11
  6.9574E-09  1.1232E-05  6.6963E-07  1.2071E-09  4.7048E-11
  5.4187E-09  1.0900E-05  6.5371E-07  1.2070E-09  5.1026E-11
  8.5849E-12  3.1393E-09  7.5119E-12  7.3370E-15  1.1703E-16
  1.6629E-11  6.0971E-09  1.4596E-11  1.4257E-14  2.2740E-16
  3.5466E-11  1.3056E-08  3.1287E-11  3.0560E-14  4.8831E-16
  7.5494E-11  2.7930E-08  6.7081E-11  6.5525E-14  1.0461E-15
  1.9170E-10  7.1649E-08  1.7320E-10  1.6920E-13  2.7000E-15
  4.9207E-10  1.8908E-07  4.6499E-10  4.5440E-13  7.2509E-15
  1.4075E-09  5.9236E-07  1.5417E-09  1.5083E-12  2.4086E-14
  3.1854E-09  1.6031E-06  4.7868E-09  4.6972E-12  7.5171E-14
  5.7432E-09  3.7331E-06  1.5062E-08  1.4903E-11  2.3994E-13
  7.7322E-09  6.0941E-06  3.6517E-08  3.6703E-11  5.9858E-13
  9.1794E-09  8.3000E-06  8.1986E-08  8.5072E-11  1.4200E-12
  9.9150E-09  9.6916E-06  1.5207E-07  1.6584E-10  2.8844E-12
  1.0230E-08  1.0613E-05  2.6358E-07  3.1258E-10  5.8817E-12
  1.0150E-08  1.1062E-05  3.8333E-07  5.0192E-10  1.0564E-11
  9.6804E-09  1.1275E-05  5.0325E-07  7.3797E-10  1.8290E-11
  8.8789E-09  1.1290E-05  5.8097E-07  9.3060E-10  2.7225E-11
  7.5886E-09  1.1130E-05  6.2386E-07  1.0722E-09  3.7110E-11
  6.1223E-09  1.0795E-05  6.2535E-07  1.1199E-09  4.3648E-11
  3.9678E-12  1.5508E-09  4.6347E-12  4.7378E-15  8.1972E-17
  7.9094E-12  3.0949E-09  9.2512E-12  9.4572E-15  1.6363E-16
  1.6309E-11  6.3952E-09  1.9126E-11  1.9551E-14  3.3829E-16
  3.1492E-11  1.2388E-08  3.7078E-11  3.7905E-14  6.5696E-16
  6.6922E-11  2.6463E-08  7.9377E-11  8.1150E-14  1.4052E-15
  1.4224E-10  5.6689E-08  1.7080E-10  1.7463E-13  3.0228E-15
  3.6204E-10  1.4715E-07  4.4917E-10  4.5938E-13  7.9514E-15
  9.2546E-10  3.9593E-07  1.2511E-09  1.2806E-12  2.2178E-14
  2.4673E-09  1.2166E-06  4.2828E-09  4.3958E-12  7.6284E-14
  4.7474E-09  2.8859E-06  1.2664E-08  1.3083E-11  2.2848E-13
  7.1610E-09  5.4334E-06  3.4965E-08  3.6697E-11  6.4856E-13
  8.6864E-09  7.6075E-06  7.4947E-08  8.0798E-11  1.4592E-12
  9.6095E-09  9.3315E-06  1.4920E-07  1.6913E-10  3.1905E-12
  9.9002E-09  1.0298E-05  2.4736E-07  3.0072E-10  6.0668E-12
  9.7152E-09  1.0854E-05  3.7374E-07  5.0190E-10  1.1367E-11
  9.1140E-09  1.1039E-05  4.7881E-07  7.0785E-10  1.8438E-11
  7.9936E-09  1.0968E-05  5.5584E-07  8.9964E-10  2.7745E-11
  6.6198E-09  1.0658E-05  5.8155E-07  9.9937E-10  3.5503E-11
  1.3660E-12  5.7438E-10  2.1837E-12  2.3453E-15  4.4376E-17
  3.0980E-12  1.3032E-09  4.9549E-12  5.3216E-15  1.0069E-16
  7.0486E-12  2.9675E-09  1.1285E-11  1.2121E-14  2.2935E-16
  1.4103E-11  5.9452E-09  2.2620E-11  2.4294E-14  4.5969E-16
  2.9066E-11  1.2284E-08  4.6783E-11  5.0247E-14  9.5232E-16
  5.5835E-11  2.3690E-08  9.0368E-11  9.7065E-14  1.8383E-15
  1.1738E-10  5.0166E-08  1.9210E-10  2.0636E-13  3.9064E-15
  2.4665E-10  1.0673E-07  4.1201E-10  4.4269E-13  8.3796E-15
  6.2199E-10  2.7796E-07  1.0986E-09  1.1812E-12  2.2369E-14
  1.5483E-09  7.4794E-07  3.1408E-09  3.3829E-12  6.4260E-14
  3.6616E-09  2.1095E-06  1.0493E-08  1.1365E-11  2.1673E-13
  6.0281E-09  4.2453E-06  2.8070E-08  3.0770E-11  5.9242E-13
  8.0245E-09  6.7751E-06  6.8041E-08  7.6520E-11  1.5055E-12
  9.0490E-09  8.5918E-06  1.3087E-07  1.5320E-10  3.1255E-12
  9.4048E-09  9.8580E-06  2.3133E-07  2.8978E-10  6.3281E-12
  9.1353E-09  1.0449E-05  3.4007E-07  4.6213E-10  1.1108E-11
  8.2645E-09  1.0620E-05  4.4683E-07  6.6860E-10  1.8479E-11
  7.0305E-09  1.0411E-05  5.0543E-07  8.1687E-10  2.6000E-11
  4.1827E-13  1.8727E-10  8.7649E-13  9.8254E-16  2.0122E-17
  1.0753E-12  4.8152E-10  2.2537E-12  2.5263E-15  5.1740E-17
  2.8123E-12  1.2598E-09  5.8970E-12  6.6105E-15  1.3538E-16
  6.3054E-12  2.8263E-09  1.3232E-11  1.4833E-14  3.0379E-16
  1.4166E-11  6.3566E-09  2.9776E-11  3.3380E-14  6.8520E-16
  2.8082E-11  1.2626E-08  5.9198E-11  6.6365E-14  1.3612E-15
  5.7526E-11  2.5961E-08  1.2195E-10  1.3673E-13  2.8025E-15
  1.1041E-10  5.0127E-08  2.3630E-10  2.6495E-13  5.4286E-15
  2.3422E-10  1.0764E-07  5.1150E-10  5.7368E-13  1.1754E-14
  5.0361E-10  2.3680E-07  1.1452E-09  1.2852E-12  2.6343E-14
  1.2906E-09  6.4571E-07  3.2875E-09  3.6956E-12  7.5968E-14
  2.9297E-09  1.6624E-06  9.5546E-09  1.0790E-11  2.2254E-13
  5.4656E-09  3.7914E-06  2.8414E-08  3.2484E-11  6.7691E-13
  7.4083E-09  6.1071E-06  6.4743E-08  7.5678E-11  1.6084E-12
  8.5834E-09  8.1947E-06  1.3319E-07  1.6235E-10  3.5905E-12
  8.8193E-09  9.4059E-06  2.2215E-07  2.8701E-10  6.7476E-12
  8.3019E-09  1.0018E-05  3.3203E-07  4.6592E-10  1.2124E-11
  7.2577E-09  1.0025E-05  4.1347E-07  6.2858E-10  1.8449E-11
  1.2210E-13  5.7715E-11  3.2401E-13  3.7716E-16  8.2947E-18
  3.4736E-13  1.6420E-10  9.2182E-13  1.0731E-15  2.3598E-17
  1.0274E-12  4.8572E-10  2.7270E-12  3.1743E-15  6.9811E-17
  2.5802E-12  1.2201E-09  6.8506E-12  7.9745E-15  1.7537E-16
  6.5561E-12  3.1019E-09  1.7421E-11  2.0280E-14  4.4600E-16
  1.4281E-11  6.7635E-09  3.8007E-11  4.4243E-14  9.7496E-16
  3.1204E-11  1.4807E-08  8.3302E-11  9.6975E-14  2.1354E-15
  6.0813E-11  2.8953E-08  1.6321E-10  1.9002E-13  4.1819E-15
  1.2376E-10  5.9309E-08  3.3576E-10  3.9098E-13  8.6021E-15
  2.4002E-10  1.1629E-07  6.6357E-10  7.7290E-13  1.7008E-14
  5.2975E-10  2.6291E-07  1.5295E-09  1.7829E-12  3.9255E-14
  1.1897E-09  6.2046E-07  3.7705E-09  4.4025E-12  9.7181E-14
  2.8416E-09  1.6696E-06  1.1446E-08  1.3434E-11  2.9778E-13
  5.0664E-09  3.5237E-06  3.0142E-08  3.5787E-11  8.0137E-13
  7.1326E-09  5.9896E-06  7.2971E-08  8.8837E-11  2.0363E-12
  8.0783E-09  7.8481E-06  1.3784E-07  1.7444E-10  4.1565E-12
  8.0803E-09  9.0685E-06  2.3269E-07  3.1354E-10  8.0125E-12
  7.3141E-09  9.4377E-06  3.2012E-07  4.6316E-10  1.2991E-11
  3.8828E-14  1.9237E-11  1.2688E-13  1.5275E-16  3.5852E-18
  1.1283E-13  5.5902E-11  3.6872E-13  4.4390E-16  1.0419E-17
  3.6009E-13  1.7841E-10  1.1768E-12  1.4168E-15  3.3252E-17
  9.9716E-13  4.9408E-10  3.2591E-12  3.9237E-15  9.2091E-17
  2.8333E-12  1.4042E-09  9.2637E-12  1.1153E-14  2.6176E-16
  6.8411E-12  3.3921E-09  2.2384E-11  2.6949E-14  6.3252E-16
  1.6589E-11  8.2342E-09  5.4373E-11  6.5464E-14  1.5390E-15
  3.4667E-11  1.7241E-08  1.1399E-10  1.3724E-13  3.2246E-15
  7.3184E-11  3.6537E-08  2.4222E-10  2.9168E-13  6.8498E-15
  1.4044E-10  7.0562E-08  4.7001E-10  5.6608E-13  1.3292E-14
  2.8809E-10  1.4664E-07  9.8691E-10  1.1892E-12  2.7931E-14
  5.8185E-10  3.0316E-07  2.0815E-09  2.5102E-12  5.9095E-14
  1.3577E-09  7.4768E-07  5.4074E-09  6.5367E-12  1.5410E-13
  2.8701E-09  1.7549E-06  1.4193E-08  1.7251E-11  4.0864E-13
  5.1796E-09  3.7749E-06  3.8699E-08  4.7710E-11  1.1452E-12
  6.8534E-09  5.9280E-06  8.2737E-08  1.0459E-10  2.5725E-12
  7.5481E-09  7.7554E-06  1.5721E-07  2.0786E-10  5.3624E-12
  7.1827E-09  8.5986E-06  2.3800E-07  3.3326E-10  9.2105E-12
