Li Na K Rb Cs
  4.5055E-38  4.5055E-38  4.5055E-38  4.5055E-38  4.5055E-38
  4.5055E-38  4.5055E-38  4.5055E-38  4.5055E-38  4.5055E-38
  4.5055E-38  4.5055E-38  4.5055E-38  4.5055E-38  4.5055E-38
  4.5055E-38  4.5055E-38  4.5055E-38  4.5055E-38  4.5055E-38
  4.5055E-38  4.5055E-38  4.5055E-38  4.5055E-38  4.5055E-38
  4.5055E-38  4.5055E-38  4.5055E-38  4.5055E-38  4.5055E-38
  4.5055E-38  4.5055E-38  4.5055E-38  4.5055E-38  4.5055E-38
  4.5055E-38  4.5055E-38  4.5055E-38  4.5055E-38  4.5055E-38
  4.5055E-38  4.5055E-38  4.5055E-38  4.5055E-38  4.5055E-38
  4.5055E-38  4.5055E-38  4.5055E-38  4.5055E-38  4.5055E-38
  4.5055E-38  4.5055E-38  4.5055E-38  4.5055E-38  4.5055E-38
  4.5055E-38  4.5055E-38  4.5055E-38  4.5055E-38  4.5055E-38
  4.5055E-38  4.5055E-38  4.5055E-38  4.5055E-38  4.5055E-38
  4.5055E-38  4.5055E-38  4.5055E-38  4.5055E-38  4.5055E-38
  4.5055E-38  4.5055E-38  4.5055E-38  4.5055E-38  4.5055E-38
  4.5048E-38  4.5048E-38  4.5048E-38  4.5048E-38  4.5048E-38
  4.5048E-38  4.5048E-38  4.5048E-38  4.5048E-38  4.5048E-38
  4.5050E-38  4.5050E-38  4.5050E-38  4.5050E-38  4.5050E-38
  4.5053E-38  4.5053E-38  4.5053E-38  4.5053E-38  4.5053E-38
  4.5054E-38  4.5054E-38  4.5054E-38  4.5054E-38  4.5054E-38
  4.5054E-38  4.5054E-38  4.5054E-38  4.5054E-38  4.5054E-38
  4.5055E-38  4.5055E-38  4.5055E-38  4.5055E-38  4.5055E-38
  4.5055E-38  4.5055E-38  4.5055E-38  4.5055E-38  4.5055E-38
  4.5055E-38  4.5055E-38  4.5055E-38  4.5055E-38  4.5055E-38
  4.5055E-38  4.5055E-38  4.5055E-38  4.5055E-38  4.5055E-38
  4.5055E-38  4.5055E-38  4.5055E-38  4.5055E-38  4.5055E-38
  4.5055E-38  4.5055E-38  4.5055E-38  4.5055E-38  4.5055E-38
  4.5055E-38  4.5055E-38  4.5055E-38  4.5055E-38  4.5055E-38
  4.5055E-38  4.5055E-38  4.5055E-38  4.5055E-38  4.5055E-38
  4.5055E-38  4.5055E-38  4.5055E-38  4.5055E-38  4.5055E-38
  4.5055E-38  4.5055E-38  4.5055E-38  4.5055E-38  4.5055E-38
  4.5048E-38  4.5048E-38  4.5048E-38  4.5048E-38  4.5048E-38
  4.5048E-38  4.5048E-38  4.5048E-38  4.5048E-38  4.5048E-38
  4.5048E-38  4.5048E-38  4.5048E-38  4.5048E-38  4.5048E-38
  4.5048E-38  4.5048E-38  4.5048E-38  4.5048E-38  4.5048E-38
  4.5048E-38  4.5048E-38  4.5048E-38  4.5048E-38  4.5048E-38
  4.5050E-38  4.5050E-38  4.5050E-38  4.5050E-38  4.5050E-38
  4.5053E-38  4.5053E-38  4.5053E-38  4.5053E-38  4.5053E-38
  4.5054E-38  4.5054E-38  4.5054E-38  4.5054E-38  4.5054E-38
  4.5054E-38  4.5054E-38  4.5054E-38  4.5054E-38  4.5054E-38
  4.5055E-38  4.5055E-38  4.5055E-38  4.5055E-38  4.5055E-38
  4.5055E-38  4.5055E-38  4.5055E-38  4.5055E-38  4.5055E-38
  4.5055E-38  4.5055E-38  4.5055E-38  4.5055E-38  4.5055E-38
  4.5055E-38  4.5055E-38  4.5055E-38  4.5055E-38  4.5055E-38
  4.5055E-38  4.5055E-38  4.5055E-38  4.5055E-38  4.5055E-38
  4.5055E-38  4.5055E-38  4.5055E-38  4.5055E-38  4.5055E-38
  4.5055E-38  4.5055E-38  4.5055E-38  4.5055E-38  4.5055E-38
  4.5055E-38  4.5055E-38  4.5055E-38  4.5055E-38  4.5055E-38
  4.5048E-38  4.5048E-38  4.5048E-38  4.5048E-38  4.5048E-38
  4.5048E-38  4.5048E-38  4.5048E-38  4.5048E-38  4.5048E-38
  4.5048E-38  4.5048E-38  4.5048E-38  4.5048E-38  4.5048E-38
  4.5048E-38  4.5048E-38  4.5048E-38  4.5048E-38  4.5048E-38
  4.5048E-38  4.5048E-38  4.5048E-38  4.5048E-38  4.5048E-38
  4.5048E-38  4.5048E-38  4.5048E-38  4.5048E-38  4.5048E-38
  4.5048E-38  4.5048E-38  4.5048E-38  4.5048E-38  4.5048E-38
  4.5048E-38  4.5048E-38  4.5048E-38  4.5048E-38  4.5048E-38
  4.5053E-38  4.5053E-38  4.5053E-38  4.5053E-38  4.5053E-38
  4.5054E-38  4.5054E-38  4.5054E-38  4.5054E-38  4.5054E-38
  4.5054E-38  4.5054E-38  4.5054E-38  4.5054E-38  4.5054E-38
  4.5055E-38  4.5055E-38  4.5055E-38  4.5055E-38  4.5055E-38
  4.5055E-38  4.5055E-38  4.5055E-38  4.5055E-38  4.5055E-38
  4.5055E-38  4.5055E-38  4.5055E-38  4.5055E-38  4.5055E-38
  4.5055E-38  4.5055E-38  4.5055E-38  4.5055E-38  4.5055E-38
  4.5055E-38  4.5055E-38  4.5055E-38  4.5055E-38  4.5055E-38
  4.5055E-38  4.5055E-38  4.5055E-38  4.5055E-38  4.5055E-38
  4.5048E-38  4.5048E-38  4.5048E-38  4.5048E-38  4.5048E-38
  4.5048E-38  4.5048E-38  4.5048E-38  4.5048E-38  4.5048E-38
  4.5048E-38  4.5048E-38  4.5048E-38  4.5048E-38  4.5048E-38
  4.5048E-38  4.5048E-38  4.5048E-38  4.5048E-38  4.5048E-38
  4.5048E-38  4.5048E-38  4.5048E-38  4.5048E-38  4.5048E-38
  4.5048E-38  4.5048E-38  4.5048E-38  4.5048E-38  4.5048E-38
  4.5048E-38  4.5048E-38  4.5048E-38  4.5048E-38  4.5048E-38
  4.5048E-38  4.5048E-38  4.5048E-38  4.5048E-38  4.5048E-38
  4.5048E-38  4.5048E-38  4.5048E-38  4.5048E-38  4.5048E-38
  4.5048E-38  4.5048E-38  4.5048E-38  4.5048E-38  4.5048E-38
  4.5052E-38  4.5052E-38  4.5052E-38  4.5052E-38  4.5052E-38
  4.5054E-38  4.5054E-38  4.5054E-38  4.5054E-38  4.5054E-38
  4.5054E-38  4.5054E-38  4.5054E-38  4.5054E-38  4.5054E-38
  4.5055E-38  4.5055E-38  4.5055E-38  4.5055E-38  4.5055E-38
  4.5055E-38  4.5055E-38  4.5055E-38  4.5055E-38  4.5055E-38
  4.5055E-38  4.5055E-38  4.5055E-38  4.5055E-38  4.5055E-38
  4.5055E-38  4.5055E-38  4.5055E-38  4.5055E-38  4.5055E-38
  4.5047E-38  4.5047E-38  4.5047E-38  4.5047E-38  4.5047E-38
  4.5047E-38  4.5047E-38  4.5047E-38  4.5047E-38  4.5047E-38
  4.5047E-38  4.5047E-38  4.5047E-38  4.5047E-38  4.5047E-38
  4.5048E-38  4.5048E-38  4.5048E-38  4.5048E-38  4.5048E-38
  4.5048E-38  4.5048E-38  4.5048E-38  4.5048E-38  4.5048E-38
  4.5048E-38  4.5048E-38  4.5048E-38  4.5048E-38  4.5048E-38
  4.5048E-38  4.5048E-38  4.5048E-38  4.5048E-38  4.5048E-38
  4.5048E-38  4.5048E-38  4.5048E-38  4.5048E-38  4.5048E-38
  4.5048E-38  4.5048E-38  4.5048E-38  4.5048E-38  4.5048E-38
  4.5048E-38  4.5048E-38  4.5048E-38  4.5048E-38  4.5048E-38
  4.5048E-38  4.5048E-38  4.5048E-38  4.5048E-38  4.5048E-38
  4.5049E-38  4.5049E-38  4.5049E-38  4.5049E-38  4.5049E-38
  4.5053E-38  4.5053E-38  4.5053E-38  4.5053E-38  4.5053E-38
  4.5054E-38  4.5054E-38  4.5054E-38  4.5054E-38  4.5054E-38
  4.5054E-38  4.5054E-38  4.5054E-38  4.5054E-38  4.5054E-38
  4.5055E-38  4.5055E-38  4.5055E-38  4.5055E-38  4.5055E-38
  4.5055E-38  4.5055E-38  4.5055E-38  4.5055E-38  4.5055E-38
  4.5045E-38  4.5045E-38  4.5045E-38  4.5045E-38  4.5045E-38
  4.5046E-38  4.5046E-38  4.5046E-38  4.5046E-38  4.5046E-38
  4.5047E-38  4.5047E-38  4.5047E-38  4.5047E-38  4.5047E-38
  4.5047E-38  4.5047E-38  4.5047E-38  4.5047E-38  4.5047E-38
  4.5047E-38  4.5047E-38  4.5047E-38  4.5047E-38  4.5047E-38
  4.5048E-38  4.5048E-38  4.5048E-38  4.5048E-38  4.5048E-38
  4.5048E-38  4.5048E-38  4.5048E-38  4.5048E-38  4.5048E-38
  4.5048E-38  4.5048E-38  4.5048E-38  4.5048E-38  4.5048E-38
  4.5048E-38  4.5048E-38  4.5048E-38  4.5048E-38  4.5048E-38
  4.5048E-38  4.5048E-38  4.5048E-38  4.5048E-38  4.5048E-38
  4.5048E-38  4.5048E-38  4.5048E-38  4.5048E-38  4.5048E-38
  4.5048E-38  4.5048E-38  4.5048E-38  4.5048E-38  4.5048E-38
  4.5048E-38  4.5048E-38  4.5048E-38  4.5048E-38  4.5048E-38
  4.5052E-38  4.5052E-38  4.5052E-38  4.5052E-38  4.5052E-38
  4.5054E-38  4.5054E-38  4.5054E-38  4.5054E-38  4.5054E-38
  4.5054E-38  4.5054E-38  4.5054E-38  4.5054E-38  4.5054E-38
  4.5055E-38  4.5055E-38  4.5055E-38  4.5055E-38  4.5055E-38
  4.5014E-38  4.5014E-38  4.5014E-38  4.5014E-38  4.5014E-38
  4.5036E-38  4.5036E-38  4.5036E-38  4.5036E-38  4.5036E-38
  4.5044E-38  4.5044E-38  4.5044E-38  4.5044E-38  4.5044E-38
  4.5046E-38  4.5046E-38  4.5046E-38  4.5046E-38  4.5046E-38
  4.5047E-38  4.5047E-38  4.5047E-38  4.5047E-38  4.5047E-38
  4.5047E-38  4.5047E-38  4.5047E-38  4.5047E-38  4.5047E-38
  4.5047E-38  4.5047E-38  4.5047E-38  4.5047E-38  4.5047E-38
  4.5048E-38  4.5048E-38  4.5048E-38  4.5048E-38  4.5048E-38
  4.5048E-38  4.5048E-38  4.5048E-38  4.5048E-38  4.5048E-38
  4.5048E-38  4.5048E-38  4.5048E-38  4.5048E-38  4.5048E-38
  4.5048E-38  4.5048E-38  4.5048E-38  4.5048E-38  4.5048E-38
  4.5048E-38  4.5048E-38  4.5048E-38  4.5048E-38  4.5048E-38
  4.5048E-38  4.5048E-38  4.5048E-38  4.5048E-38  4.5048E-38
  4.5048E-38  4.5048E-38  4.5048E-38  4.5048E-38  4.5048E-38
  4.5050E-38  4.5050E-38  4.5050E-38  4.5050E-38  4.5050E-38
  4.5053E-38  4.5053E-38  4.5053E-38  4.5053E-38  4.5053E-38
  4.5054E-38  4.5054E-38  4.5054E-38  4.5054E-38  4.5054E-38
  4.5009E-38  4.5009E-38  4.5009E-38  4.5009E-38  4.5009E-38
  4.5009E-38  4.5009E-38  4.5009E-38  4.5009E-38  4.5009E-38
  4.5015E-38  4.5015E-38  4.5015E-38  4.5015E-38  4.5015E-38
  4.5036E-38  4.5036E-38  4.5036E-38  4.5036E-38  4.5036E-38
  4.5043E-38  4.5043E-38  4.5043E-38  4.5043E-38  4.5043E-38
  4.5045E-38  4.5045E-38  4.5045E-38  4.5045E-38  4.5045E-38
  4.5046E-38  4.5046E-38  4.5046E-38  4.5046E-38  4.5046E-38
  4.5047E-38  4.5047E-38  4.5047E-38  4.5047E-38  4.5047E-38
  4.5047E-38  4.5047E-38  4.5047E-38  4.5047E-38  4.5047E-38
  4.5048E-38  4.5048E-38  4.5048E-38  4.5048E-38  4.5048E-38
  4.5048E-38  4.5048E-38  4.5048E-38  4.5048E-38  4.5048E-38
  4.5048E-38  4.5048E-38  4.5048E-38  4.5048E-38  4.5048E-38
  4.5048E-38  4.5048E-38  4.5048E-38  4.5048E-38  4.5048E-38
  4.5048E-38  4.5048E-38  4.5048E-38  4.5048E-38  4.5048E-38
  4.5048E-38  4.5048E-38  4.5048E-38  4.5048E-38  4.5048E-38
  4.5049E-38  4.5049E-38  4.5049E-38  4.5049E-38  4.5049E-38
  4.5053E-38  4.5053E-38  4.5053E-38  4.5053E-38  4.5053E-38
  4.5010E-38  4.5010E-38  4.5010E-38  4.5010E-38  4.5010E-38
  4.5010E-38  4.5010E-38  4.5010E-38  4.5010E-38  4.5010E-38
  4.5010E-38  4.5010E-38  4.5010E-38  4.5010E-38  4.5010E-38
  4.5010E-38  4.5010E-38  4.5010E-38  4.5010E-38  4.5010E-38
  4.5023E-38  4.5023E-38  4.5023E-38  4.5023E-38  4.5023E-38
  4.5039E-38  4.5039E-38  4.5039E-38  4.5039E-38  4.5039E-38
  4.5045E-38  4.5045E-38  4.5045E-38  4.5045E-38  4.5045E-38
  4.5047E-38  4.5047E-38  4.5047E-38  4.5047E-38  4.5047E-38
  4.5047E-38  4.5047E-38  4.5047E-38  4.5047E-38  4.5047E-38
  4.5048E-38  4.5048E-38  4.5048E-38  4.5048E-38  4.5048E-38
  4.5049E-38  4.5049E-38  4.5049E-38  4.5049E-38  4.5049E-38
  4.5049E-38  4.5049E-38  4.5049E-38  4.5049E-38  4.5049E-38
  4.5049E-38  4.5049E-38  4.5049E-38  4.5049E-38  4.5049E-38
  4.5049E-38  4.5049E-38  4.5049E-38  4.5049E-38  4.5049E-38
  4.5049E-38  4.5049E-38  4.5049E-38  4.5049E-38  4.5049E-38
  4.5049E-38  4.5049E-38  4.5049E-38  4.5049E-38  4.5049E-38
  4.5050E-38  4.5050E-38  4.5050E-38  4.5050E-38  4.5050E-38
  4.5011E-38  4.5011E-38  4.5011E-38  4.5011E-38  4.5011E-38
  4.5011E-38  4.5011E-38  4.5011E-38  4.5011E-38  4.5011E-38
  4.5011E-38  4.5011E-38  4.5011E-38  4.5011E-38  4.5011E-38
  4.5011E-38  4.5011E-38  4.5011E-38  4.5011E-38  4.5011E-38
  4.5011E-38  4.5011E-38  4.5011E-38  4.5011E-38  4.5011E-38
  4.5011E-38  4.5011E-38  4.5011E-38  4.5011E-38  4.5011E-38
  4.5034E-38  4.5034E-38  4.5034E-38  4.5034E-38  4.5034E-38
  4.5043E-38  4.5043E-38  4.5043E-38  4.5043E-38  4.5043E-38
  4.5047E-38  4.5047E-38  4.5047E-38  4.5047E-38  4.5047E-38
  4.5048E-38  4.5048E-38  4.5048E-38  4.5048E-38  4.5048E-38
  4.5049E-38  4.5049E-38  4.5049E-38  4.5049E-38  4.5049E-38
  4.5049E-38  4.5049E-38  4.5049E-38  4.5049E-38  4.5049E-38
  4.5049E-38  4.5049E-38  4.5049E-38  4.5049E-38  4.5049E-38
  4.5050E-38  4.5050E-38  4.5050E-38  4.5050E-38  4.5050E-38
  4.5050E-38  4.5050E-38  4.5050E-38  4.5050E-38  4.5050E-38
  4.5050E-38  4.5050E-38  4.5050E-38  4.5050E-38  4.5050E-38
  4.5050E-38  4.5050E-38  4.5050E-38  4.5050E-38  4.5050E-38
  4.5011E-38  4.5011E-38  4.5011E-38  4.5011E-38  4.5011E-38
  4.5011E-38  4.5011E-38  4.5011E-38  4.5011E-38  4.5011E-38
  4.5011E-38  4.5011E-38  4.5011E-38  4.5011E-38  4.5011E-38
  4.5011E-38  4.5011E-38  4.5011E-38  4.5011E-38  4.5011E-38
  4.5011E-38  4.5011E-38  4.5011E-38  4.5011E-38  4.5011E-38
  4.5011E-38  4.5011E-38  4.5011E-38  4.5011E-38  4.5011E-38
  4.5011E-38  4.5011E-38  4.5011E-38  4.5011E-38  4.5011E-38
  4.5024E-38  4.5024E-38  4.5024E-38  4.5024E-38  4.5024E-38
  4.5040E-38  4.5040E-38  4.5040E-38  4.5040E-38  4.5040E-38
  4.5046E-38  4.5046E-38  4.5046E-38  4.5046E-38  4.5046E-38
  4.5048E-38  4.5048E-38  4.5048E-38  4.5048E-38  4.5048E-38
  4.5048E-38  4.5048E-38  4.5048E-38  4.5048E-38  4.5048E-38
  4.5048E-38  4.5048E-38  4.5048E-38  4.5048E-38  4.5048E-38
  4.5049E-38  4.5049E-38  4.5049E-38  4.5049E-38  4.5049E-38
  4.5050E-38  4.5050E-38  4.5050E-38  4.5050E-38  4.5050E-38
  4.5050E-38  4.5050E-38  4.5050E-38  4.5050E-38  4.5050E-38
  4.5050E-38  4.5050E-38  4.5050E-38  4.5050E-38  4.5050E-38
  4.5011E-38  4.5011E-38  4.5011E-38  4.5011E-38  4.5011E-38
  4.5011E-38  4.5011E-38  4.5011E-38  4.5011E-38  4.5011E-38
  4.5011E-38  4.5011E-38  4.5011E-38  4.5011E-38  4.5011E-38
  4.5011E-38  4.5011E-38  4.5011E-38  4.5011E-38  4.5011E-38
  4.5011E-38  4.5011E-38  4.5011E-38  4.5011E-38  4.5011E-38
  4.5011E-38  4.5011E-38  4.5011E-38  4.5011E-38  4.5011E-38
  4.5011E-38  4.5011E-38  4.5011E-38  4.5011E-38  4.5011E-38
  4.5011E-38  4.5011E-38  4.5011E-38  4.5011E-38  4.5011E-38
  4.5016E-38  4.5016E-38  4.5016E-38  4.5016E-38  4.5016E-38
  4.5038E-38  4.5038E-38  4.5038E-38  4.5038E-38  4.5038E-38
  4.5045E-38  4.5045E-38  4.5045E-38  4.5045E-38  4.5045E-38
  4.5048E-38  4.5048E-38  4.5048E-38  4.5048E-38  4.5048E-38
  4.5048E-38  4.5048E-38  4.5048E-38  4.5048E-38  4.5048E-38
  4.5048E-38  4.5048E-38  4.5048E-38  4.5048E-38  4.5048E-38
  4.5049E-38  4.5049E-38  4.5049E-38  4.5049E-38  4.5049E-38
  4.5050E-38  4.5050E-38  4.5050E-38  4.5050E-38  4.5050E-38
  4.5050E-38  4.5050E-38  4.5050E-38  4.5050E-38  4.5050E-38
  4.5011E-38  4.5011E-38  4.5011E-38  4.5011E-38  4.5011E-38
  4.5011E-38  4.5011E-38  4.5011E-38  4.5011E-38  4.5011E-38
  4.5011E-38  4.5011E-38  4.5011E-38  4.5011E-38  4.5011E-38
  4.5011E-38  4.5011E-38  4.5011E-38  4.5011E-38  4.5011E-38
  4.5011E-38  4.5011E-38  4.5011E-38  4.5011E-38  4.5011E-38
  4.5011E-38  4.5011E-38  4.5011E-38  4.5011E-38  4.5011E-38
  4.5011E-38  4.5011E-38  4.5011E-38  4.5011E-38  4.5011E-38
  4.5011E-38  4.5011E-38  4.5011E-38  4.5011E-38  4.5011E-38
  4.5011E-38  4.5011E-38  4.5011E-38  4.5011E-38  4.5011E-38
  4.5011E-38  4.5011E-38  4.5011E-38  4.5011E-38  4.5011E-38
  4.5037E-38  4.5037E-38  4.5037E-38  4.5037E-38  4.5037E-38
  4.5045E-38  4.5045E-38  4.5045E-38  4.5045E-38  4.5045E-38
  4.5047E-38  4.5047E-38  4.5047E-38  4.5047E-38  4.5047E-38
  4.5048E-38  4.5048E-38  4.5048E-38  4.5048E-38  4.5048E-38
  4.5049E-38  4.5049E-38  4.5049E-38  4.5049E-38  4.5049E-38
  4.5049E-38  4.5049E-38  4.5049E-38  4.5049E-38  4.5049E-38
  4.5050E-38  4.5050E-38  4.5050E-38  4.5050E-38  4.5050E-38
  4.5011E-38  4.5011E-38  4.5011E-38  4.5011E-38  4.5011E-38
  4.5011E-38  4.5011E-38  4.5011E-38  4.5011E-38  4.5011E-38
  4.5011E-38  4.5011E-38  4.5011E-38  4.5011E-38  4.5011E-38
  4.5011E-38  4.5011E-38  4.5011E-38  4.5011E-38  4.5011E-38
  4.5011E-38  4.5011E-38  4.5011E-38  4.5011E-38  4.5011E-38
  4.5011E-38  4.5011E-38  4.5011E-38  4.5011E-38  4.5011E-38
  4.5011E-38  4.5011E-38  4.5011E-38  4.5011E-38  4.5011E-38
  4.5011E-38  4.5011E-38  4.5011E-38  4.5011E-38  4.5011E-38
  4.5011E-38  4.5011E-38  4.5011E-38  4.5011E-38  4.5011E-38
  4.5011E-38  4.5011E-38  4.5011E-38  4.5011E-38  4.5011E-38
  4.5012E-38  4.5012E-38  4.5012E-38  4.5012E-38  4.5012E-38
  4.5035E-38  4.5035E-38  4.5035E-38  4.5035E-38  4.5035E-38
  4.5045E-38  4.5045E-38  4.5045E-38  4.5045E-38  4.5045E-38
  4.5047E-38  4.5047E-38  4.5047E-38  4.5047E-38  4.5047E-38
  4.5048E-38  4.5048E-38  4.5048E-38  4.5048E-38  4.5048E-38
  4.5049E-38  4.5049E-38  4.5049E-38  4.5049E-38  4.5049E-38
  4.5049E-38  4.5049E-38  4.5049E-38  4.5049E-38  4.5049E-38
  4.5012E-38  4.5012E-38  4.5012E-38  4.5012E-38  4.5012E-38
  4.5011E-38  4.5011E-38  4.5011E-38  4.5011E-38  4.5011E-38
  4.5011E-38  4.5011E-38  4.5011E-38  4.5011E-38  4.5011E-38
  4.5011E-38  4.5011E-38  4.5011E-38  4.5011E-38  4.5011E-38
  4.5011E-38  4.5011E-38  4.5011E-38  4.5011E-38  4.5011E-38
  4.5011E-38  4.5011E-38  4.5011E-38  4.5011E-38  4.5011E-38
  4.5011E-38  4.5011E-38  4.5011E-38  4.5011E-38  4.5011E-38
  4.5011E-38  4.5011E-38  4.5011E-38  4.5011E-38  4.5011E-38
  4.5011E-38  4.5011E-38  4.5011E-38  4.5011E-38  4.5011E-38
  4.5011E-38  4.5011E-38  4.5011E-38  4.5011E-38  4.5011E-38
  4.5012E-38  4.5012E-38  4.5012E-38  4.5012E-38  4.5012E-38
  4.5012E-38  4.5012E-38  4.5012E-38  4.5012E-38  4.5012E-38
  4.5036E-38  4.5036E-38  4.5036E-38  4.5036E-38  4.5036E-38
  4.5044E-38  4.5044E-38  4.5044E-38  4.5044E-38  4.5044E-38
  4.5047E-38  4.5047E-38  4.5047E-38  4.5047E-38  4.5047E-38
  4.5048E-38  4.5048E-38  4.5048E-38  4.5048E-38  4.5048E-38
  4.5048E-38  4.5048E-38  4.5048E-38  4.5048E-38  4.5048E-38
  4.5012E-38  4.5012E-38  4.5012E-38  4.5012E-38  4.5012E-38
  4.5012E-38  4.5012E-38  4.5012E-38  4.5012E-38  4.5012E-38
  4.5012E-38  4.5012E-38  4.5012E-38  4.5012E-38  4.5012E-38
  4.5011E-38  4.5011E-38  4.5011E-38  4.5011E-38  4.5011E-38
  4.5011E-38  4.5011E-38  4.5011E-38  4.5011E-38  4.5011E-38
  4.5011E-38  4.5011E-38  4.5011E-38  4.5011E-38  4.5011E-38
  4.5011E-38  4.5011E-38  4.5011E-38  4.5011E-38  4.5011E-38
  4.5011E-38  4.5011E-38  4.5011E-38  4.5011E-38  4.5011E-38
  4.5011E-38  4.5011E-38  4.5011E-38  4.5011E-38  4.5011E-38
  4.5011E-38  4.5011E-38  4.5011E-38  4.5011E-38  4.5011E-38
  4.5012E-38  4.5012E-38  4.5012E-38  4.5012E-38  4.5012E-38
  4.5012E-38  4.5012E-38  4.5012E-38  4.5012E-38  4.5012E-38
  4.5014E-38  4.5014E-38  4.5014E-38  4.5014E-38  4.5014E-38
  4.5037E-38  4.5037E-38  4.5037E-38  4.5037E-38  4.5037E-38
  4.5045E-38  4.5045E-38  4.5045E-38  4.5045E-38  4.5045E-38
  4.5048E-38  4.5048E-38  4.5048E-38  4.5048E-38  4.5048E-38
  4.5048E-38  4.5048E-38  4.5048E-38  4.5048E-38  4.5048E-38
  4.5013E-38  4.5013E-38  4.5013E-38  4.5013E-38  4.5013E-38
  4.5012E-38  4.5012E-38  4.5012E-38  4.5012E-38  4.5012E-38
  4.5012E-38  4.5012E-38  4.5012E-38  4.5012E-38  4.5012E-38
  4.5012E-38  4.5012E-38  4.5012E-38  4.5012E-38  4.5012E-38
  4.5011E-38  4.5011E-38  4.5011E-38  4.5011E-38  4.5011E-38
  4.5011E-38  4.5011E-38  4.5011E-38  4.5011E-38  4.5011E-38
  4.5011E-38  4.5011E-38  4.5011E-38  4.5011E-38  4.5011E-38
  4.5011E-38  4.5011E-38  4.5011E-38  4.5011E-38  4.5011E-38
  4.5011E-38  4.5011E-38  4.5011E-38  4.5011E-38  4.5011E-38
  4.5011E-38  4.5011E-38  4.5011E-38  4.5011E-38  4.5011E-38
  4.5012E-38  4.5012E-38  4.5012E-38  4.5012E-38  4.5012E-38
  4.5012E-38  4.5012E-38  4.5012E-38  4.5012E-38  4.5012E-38
  4.5012E-38  4.5012E-38  4.5012E-38  4.5012E-38  4.5012E-38
  4.5019E-38  4.5019E-38  4.5019E-38  4.5019E-38  4.5019E-38
  4.5040E-38  4.5040E-38  4.5040E-38  4.5040E-38  4.5040E-38
  4.5046E-38  4.5046E-38  4.5046E-38  4.5046E-38  4.5046E-38
  4.5048E-38  4.5048E-38  4.5048E-38  4.5048E-38  4.5048E-38
  4.5048E-38  4.5048E-38  4.5048E-38  4.5048E-38  4.5048E-38
  4.5013E-38  4.5013E-38  4.5013E-38  4.5013E-38  4.5013E-38
  4.5013E-38  4.5013E-38  4.5013E-38  4.5013E-38  4.5013E-38
  4.5013E-38  4.5013E-38  4.5013E-38  4.5013E-38  4.5013E-38
  4.5012E-38  4.5012E-38  4.5012E-38  4.5012E-38  4.5012E-38
  4.5012E-38  4.5012E-38  4.5012E-38  4.5012E-38  4.5012E-38
  4.5011E-38  4.5011E-38  4.5011E-38  4.5011E-38  4.5011E-38
  4.5011E-38  4.5011E-38  4.5011E-38  4.5011E-38  4.5011E-38
  4.5011E-38  4.5011E-38  4.5011E-38  4.5011E-38  4.5011E-38
  4.5011E-38  4.5011E-38  4.5011E-38  4.5011E-38  4.5011E-38
  4.5011E-38  4.5011E-38  4.5011E-38  4.5011E-38  4.5011E-38
  4.5012E-38  4.5012E-38  4.5012E-38  4.5012E-38  4.5012E-38
  4.5012E-38  4.5012E-38  4.5012E-38  4.5012E-38  4.5012E-38
  4.5012E-38  4.5012E-38  4.5012E-38  4.5012E-38  4.5012E-38
  4.5012E-38  4.5012E-38  4.5012E-38  4.5012E-38  4.5012E-38
  4.5027E-38  4.5027E-38  4.5027E-38  4.5027E-38  4.5027E-38
  4.5041E-38  4.5041E-38  4.5041E-38  4.5041E-38  4.5041E-38
  4.5047E-38  4.5047E-38  4.5047E-38  4.5047E-38  4.5047E-38
  4.5048E-38  4.5048E-38  4.5048E-38  4.5048E-38  4.5048E-38
  4.5013E-38  4.5013E-38  4.5013E-38  4.5013E-38  4.5013E-38
  4.5013E-38  4.5013E-38  4.5013E-38  4.5013E-38  4.5013E-38
  4.5013E-38  4.5013E-38  4.5013E-38  4.5013E-38  4.5013E-38
  4.5012E-38  4.5012E-38  4.5012E-38  4.5012E-38  4.5012E-38
  4.5012E-38  4.5012E-38  4.5012E-38  4.5012E-38  4.5012E-38
  4.5012E-38  4.5012E-38  4.5012E-38  4.5012E-38  4.5012E-38
  4.5011E-38  4.5011E-38  4.5011E-38  4.5011E-38  4.5011E-38
  4.5011E-38  4.5011E-38  4.5011E-38  4.5011E-38  4.5011E-38
  4.5011E-38  4.5011E-38  4.5011E-38  4.5011E-38  4.5011E-38
  4.5011E-38  4.5011E-38  4.5011E-38  4.5011E-38  4.5011E-38
  4.5012E-38  4.5012E-38  4.5012E-38  4.5012E-38  4.5012E-38
  4.5012E-38  4.5012E-38  4.5012E-38  4.5012E-38  4.5012E-38
  4.5012E-38  4.5012E-38  4.5012E-38  4.5012E-38  4.5012E-38
  4.5012E-38  4.5012E-38  4.5012E-38  4.5012E-38  4.5012E-38
  4.5016E-38  4.5016E-38  4.5016E-38  4.5016E-38  4.5016E-38
  4.5038E-38  4.5038E-38  4.5038E-38  4.5038E-38  4.5038E-38
  4.5045E-38  4.5045E-38  4.5045E-38  4.5045E-38  4.5045E-38
  4.5048E-38  4.5048E-38  4.5048E-38  4.5048E-38  4.5048E-38
  4.5013E-38  4.5013E-38  4.5013E-38  4.5013E-38  4.5013E-38
  4.5013E-38  4.5013E-38  4.5013E-38  4.5013E-38  4.5013E-38
  4.5013E-38  4.5013E-38  4.5013E-38  4.5013E-38  4.5013E-38
  4.5012E-38  4.5012E-38  4.5012E-38  4.5012E-38  4.5012E-38
  4.5012E-38  4.5012E-38  4.5012E-38  4.5012E-38  4.5012E-38
  4.5012E-38  4.5012E-38  4.5012E-38  4.5012E-38  4.5012E-38
  4.5011E-38  4.5011E-38  4.5011E-38  4.5011E-38  4.5011E-38
  4.5011E-38  4.5011E-38  4.5011E-38  4.5011E-38  4.5011E-38
  4.5011E-38  4.5011E-38  4.5011E-38  4.5011E-38  4.5011E-38
  4.5011E-38  4.5011E-38  4.5011E-38  4.5011E-38  4.5011E-38
  4.5012E-38  4.5012E-38  4.5012E-38  4.5012E-38  4.5012E-38
  4.5012E-38  4.5012E-38  4.5012E-38  4.5012E-38  4.5012E-38
  4.5012E-38  4.5012E-38  4.5012E-38  4.5012E-38  4.5012E-38
  4.5012E-38  4.5012E-38  4.5012E-38  4.5012E-38  4.5012E-38
  4.5012E-38  4.5012E-38  4.5012E-38  4.5012E-38  4.5012E-38
  4.5034E-38  4.5034E-38  4.5034E-38  4.5034E-38  4.5034E-38
  4.5044E-38  4.5044E-38  4.5044E-38  4.5044E-38  4.5044E-38
  4.5047E-38  4.5047E-38  4.5047E-38  4.5047E-38  4.5047E-38
  4.5013E-38  4.5013E-38  4.5013E-38  4.5013E-38  4.5013E-38
  4.5013E-38  4.5013E-38  4.5013E-38  4.5013E-38  4.5013E-38
  4.5013E-38  4.5013E-38  4.5013E-38  4.5013E-38  4.5013E-38
  4.5013E-38  4.5013E-38  4.5013E-38  4.5013E-38  4.5013E-38
  4.5013E-38  4.5013E-38  4.5013E-38  4.5013E-38  4.5013E-38
  4.5012E-38  4.5012E-38  4.5012E-38  4.5012E-38  4.5012E-38
  4.5012E-38  4.5012E-38  4.5012E-38  4.5012E-38  4.5012E-38
  4.5011E-38  4.5011E-38  4.5011E-38  4.5011E-38  4.5011E-38
  4.5011E-38  4.5011E-38  4.5011E-38  4.5011E-38  4.5011E-38
  4.5011E-38  4.5011E-38  4.5011E-38  4.5011E-38  4.5011E-38
  4.5012E-38  4.5012E-38  4.5012E-38  4.5012E-38  4.5012E-38
  4.5012E-38  4.5012E-38  4.5012E-38  4.5012E-38  4.5012E-38
  4.5012E-38  4.5012E-38  4.5012E-38  4.5012E-38  4.5012E-38
  4.5012E-38  4.5012E-38  4.5012E-38  4.5012E-38  4.5012E-38
  4.5012E-38  4.5012E-38  4.5012E-38  4.5012E-38  4.5012E-38
  4.5020E-38  4.5020E-38  4.5020E-38  4.5020E-38  4.5020E-38
  4.5040E-38  4.5040E-38  4.5040E-38  4.5040E-38  4.5040E-38
  4.5046E-38  4.5046E-38  4.5046E-38  4.5046E-38  4.5046E-38
  4.5000E-38  4.5000E-38  4.5000E-38  4.5000E-38  4.5000E-38
  4.5000E-38  4.5000E-38  4.5000E-38  4.5000E-38  4.5000E-38
  4.5000E-38  4.5000E-38  4.5000E-38  4.5000E-38  4.5000E-38
  4.5000E-38  4.5000E-38  4.5000E-38  4.5000E-38  4.5000E-38
  4.5000E-38  4.5000E-38  4.5000E-38  4.5000E-38  4.5000E-38
  4.5000E-38  4.5000E-38  4.5000E-38  4.5000E-38  4.5000E-38
  4.5000E-38  4.5000E-38  4.5000E-38  4.5000E-38  4.5000E-38
  4.5000E-38  4.5000E-38  4.5000E-38  4.5000E-38  4.5000E-38
  4.5000E-38  4.5000E-38  4.5000E-38  4.5000E-38  4.5000E-38
  4.5000E-38  4.5000E-38  4.5000E-38  4.5000E-38  4.5000E-38
  4.5000E-38  4.5000E-38  4.5000E-38  4.5000E-38  4.5000E-38
  4.5000E-38  4.5000E-38  4.5000E-38  4.5000E-38  4.5000E-38
  4.5000E-38  4.5000E-38  4.5000E-38  4.5000E-38  4.5000E-38
  4.5000E-38  4.5000E-38  4.5000E-38  4.5000E-38  4.5000E-38
  4.5000E-38  4.5000E-38  4.5000E-38  4.5000E-38  4.5000E-38
  4.5000E-38  4.5000E-38  4.5000E-38  4.5000E-38  4.5000E-38
  4.5021E-38  4.5021E-38  4.5021E-38  4.5021E-38  4.5021E-38
  4.5032E-38  4.5032E-38  4.5032E-38  4.5032E-38  4.5032E-38
  4.5000E-38  4.5000E-38  4.5000E-38  4.5000E-38  4.5000E-38
  4.5000E-38  4.5000E-38  4.5000E-38  4.5000E-38  4.5000E-38
  4.5000E-38  4.5000E-38  4.5000E-38  4.5000E-38  4.5000E-38
  4.5000E-38  4.5000E-38  4.5000E-38  4.5000E-38  4.5000E-38
  4.5000E-38  4.5000E-38  4.5000E-38  4.5000E-38  4.5000E-38
  4.5000E-38  4.5000E-38  4.5000E-38  4.5000E-38  4.5000E-38
  4.5000E-38  4.5000E-38  4.5000E-38  4.5000E-38  4.5000E-38
  4.5000E-38  4.5000E-38  4.5000E-38  4.5000E-38  4.5000E-38
  4.5000E-38  4.5000E-38  4.5000E-38  4.5000E-38  4.5000E-38
  4.5000E-38  4.5000E-38  4.5000E-38  4.5000E-38  4.5000E-38
  4.5000E-38  4.5000E-38  4.5000E-38  4.5000E-38  4.5000E-38
  4.5000E-38  4.5000E-38  4.5000E-38  4.5000E-38  4.5000E-38
  4.5000E-38  4.5000E-38  4.5000E-38  4.5000E-38  4.5000E-38
  4.5000E-38  4.5000E-38  4.5000E-38  4.5000E-38  4.5000E-38
  4.5000E-38  4.5000E-38  4.5000E-38  4.5000E-38  4.5000E-38
  4.5000E-38  4.5000E-38  4.5000E-38  4.5000E-38  4.5000E-38
  4.5009E-38  4.5009E-38  4.5009E-38  4.5009E-38  4.5009E-38
  4.5028E-38  4.5028E-38  4.5028E-38  4.5028E-38  4.5028E-38
  4.5000E-38  4.5000E-38  4.5000E-38  4.5000E-38  4.5000E-38
  4.5000E-38  4.5000E-38  4.5000E-38  4.5000E-38  4.5000E-38
  4.5000E-38  4.5000E-38  4.5000E-38  4.5000E-38  4.5000E-38
  4.5000E-38  4.5000E-38  4.5000E-38  4.5000E-38  4.5000E-38
  4.5000E-38  4.5000E-38  4.5000E-38  4.5000E-38  4.5000E-38
  4.5000E-38  4.5000E-38  4.5000E-38  4.5000E-38  4.5000E-38
  4.5000E-38  4.5000E-38  4.5000E-38  4.5000E-38  4.5000E-38
  4.5000E-38  4.5000E-38  4.5000E-38  4.5000E-38  4.5000E-38
  4.5000E-38  4.5000E-38  4.5000E-38  4.5000E-38  4.5000E-38
  4.5000E-38  4.5000E-38  4.5000E-38  4.5000E-38  4.5000E-38
  4.5000E-38  4.5000E-38  4.5000E-38  4.5000E-38  4.5000E-38
  4.5000E-38  4.5000E-38  4.5000E-38  4.5000E-38  4.5000E-38
  4.5000E-38  4.5000E-38  4.5000E-38  4.5000E-38  4.5000E-38
  4.5000E-38  4.5000E-38  4.5000E-38  4.5000E-38  4.5000E-38
  4.5000E-38  4.5000E-38  4.5000E-38  4.5000E-38  4.5000E-38
  4.5000E-38  4.5000E-38  4.5000E-38  4.5000E-38  4.5000E-38
  4.5000E-38  4.5000E-38  4.5000E-38  4.5000E-38  4.5000E-38
  4.5021E-38  4.5021E-38  4.5021E-38  4.5021E-38  4.5021E-38
  4.5000E-38  4.5000E-38  4.5000E-38  4.5000E-38  4.5000E-38
  4.5000E-38  4.5000E-38  4.5000E-38  4.5000E-38  4.5000E-38
  4.5000E-38  4.5000E-38  4.5000E-38  4.5000E-38  4.5000E-38
  4.5000E-38  4.5000E-38  4.5000E-38  4.5000E-38  4.5000E-38
  4.5000E-38  4.5000E-38  4.5000E-38  4.5000E-38  4.5000E-38
  4.5000E-38  4.5000E-38  4.5000E-38  4.5000E-38  4.5000E-38
  4.5000E-38  4.5000E-38  4.5000E-38  4.5000E-38  4.5000E-38
  4.5000E-38  4.5000E-38  4.5000E-38  4.5000E-38  4.5000E-38
  4.5000E-38  4.5000E-38  4.5000E-38  4.5000E-38  4.5000E-38
  4.5000E-38  4.5000E-38  4.5000E-38  4.5000E-38  4.5000E-38
  4.5000E-38  4.5000E-38  4.5000E-38  4.5000E-38  4.5000E-38
  4.5000E-38  4.5000E-38  4.5000E-38  4.5000E-38  4.5000E-38
  4.5000E-38  4.5000E-38  4.5000E-38  4.5000E-38  4.5000E-38
  4.5000E-38  4.5000E-38  4.5000E-38  4.5000E-38  4.5000E-38
  4.5000E-38  4.5000E-38  4.5000E-38  4.5000E-38  4.5000E-38
  4.5000E-38  4.5000E-38  4.5000E-38  4.5000E-38  4.5000E-38
  4.5000E-38  4.5000E-38  4.5000E-38  4.5000E-38  4.5000E-38
  4.5012E-38  4.5012E-38  4.5012E-38  4.5012E-38  4.5012E-38
  4.5000E-38  4.5000E-38  4.5000E-38  4.5000E-38  4.5000E-38
  4.5000E-38  4.5000E-38  4.5000E-38  4.5000E-38  4.5000E-38
  4.5000E-38  4.5000E-38  4.5000E-38  4.5000E-38  4.5000E-38
  4.5000E-38  4.5000E-38  4.5000E-38  4.5000E-38  4.5000E-38
  4.5000E-38  4.5000E-38  4.5000E-38  4.5000E-38  4.5000E-38
  4.5000E-38  4.5000E-38  4.5000E-38  4.5000E-38  4.5000E-38
  4.5000E-38  4.5000E-38  4.5000E-38  4.5000E-38  4.5000E-38
  4.5000E-38  4.5000E-38  4.5000E-38  4.5000E-38  4.5000E-38
  4.5000E-38  4.5000E-38  4.5000E-38  4.5000E-38  4.5000E-38
  4.5000E-38  4.5000E-38  4.5000E-38  4.5000E-38  4.5000E-38
  4.5000E-38  4.5000E-38  4.5000E-38  4.5000E-38  4.5000E-38
  4.5000E-38  4.5000E-38  4.5000E-38  4.5000E-38  4.5000E-38
  4.5000E-38  4.5000E-38  4.5000E-38  4.5000E-38  4.5000E-38
  4.5000E-38  4.5000E-38  4.5000E-38  4.5000E-38  4.5000E-38
  4.5000E-38  4.5000E-38  4.5000E-38  4.5000E-38  4.5000E-38
  4.5000E-38  4.5000E-38  4.5000E-38  4.5000E-38  4.5000E-38
  4.5000E-38  4.5000E-38  4.5000E-38  4.5000E-38  4.5000E-38
  4.5000E-38  4.5000E-38  4.5000E-38  4.5000E-38  4.5000E-38
  4.5000E-38  4.5000E-38  4.5000E-38  4.5000E-38  4.5000E-38
  4.5000E-38  4.5000E-38  4.5000E-38  4.5000E-38  4.5000E-38
  4.5000E-38  4.5000E-38  4.5000E-38  4.5000E-38  4.5000E-38
  4.5000E-38  4.5000E-38  4.5000E-38  4.5000E-38  4.5000E-38
  4.5000E-38  4.5000E-38  4.5000E-38  4.5000E-38  4.5000E-38
  4.5000E-38  4.5000E-38  4.5000E-38  4.5000E-38  4.5000E-38
  4.5000E-38  4.5000E-38  4.5000E-38  4.5000E-38  4.5000E-38
  4.5000E-38  4.5000E-38  4.5000E-38  4.5000E-38  4.5000E-38
  4.5000E-38  4.5000E-38  4.5000E-38  4.5000E-38  4.5000E-38
  4.5000E-38  4.5000E-38  4.5000E-38  4.5000E-38  4.5000E-38
  4.5000E-38  4.5000E-38  4.5000E-38  4.5000E-38  4.5000E-38
  4.5000E-38  4.5000E-38  4.5000E-38  4.5000E-38  4.5000E-38
  4.5000E-38  4.5000E-38  4.5000E-38  4.5000E-38  4.5000E-38
  4.5000E-38  4.5000E-38  4.5000E-38  4.5000E-38  4.5000E-38
  4.5000E-38  4.5000E-38  4.5000E-38  4.5000E-38  4.5000E-38
  4.5000E-38  4.5000E-38  4.5000E-38  4.5000E-38  4.5000E-38
  4.5000E-38  4.5000E-38  4.5000E-38  4.5000E-38  4.5000E-38
  4.5000E-38  4.5000E-38  4.5000E-38  4.5000E-38  4.5000E-38
  4.5000E-38  4.5000E-38  4.5000E-38  4.5000E-38  4.5000E-38
  4.5000E-38  4.5000E-38  4.5000E-38  4.5000E-38  4.5000E-38
  4.5000E-38  4.5000E-38  4.5000E-38  4.5000E-38  4.5000E-38
  4.5000E-38  4.5000E-38  4.5000E-38  4.5000E-38  4.5000E-38
  4.5000E-38  4.5000E-38  4.5000E-38  4.5000E-38  4.5000E-38
  4.5000E-38  4.5000E-38  4.5000E-38  4.5000E-38  4.5000E-38
  4.5000E-38  4.5000E-38  4.5000E-38  4.5000E-38  4.5000E-38
  4.5000E-38  4.5000E-38  4.5000E-38  4.5000E-38  4.5000E-38
  4.5000E-38  4.5000E-38  4.5000E-38  4.5000E-38  4.5000E-38
  4.5000E-38  4.5000E-38  4.5000E-38  4.5000E-38  4.5000E-38
  4.5000E-38  4.5000E-38  4.5000E-38  4.5000E-38  4.5000E-38
  4.5000E-38  4.5000E-38  4.5000E-38  4.5000E-38  4.5000E-38
  4.5000E-38  4.5000E-38  4.5000E-38  4.5000E-38  4.5000E-38
  4.5000E-38  4.5000E-38  4.5000E-38  4.5000E-38  4.5000E-38
  4.5000E-38  4.5000E-38  4.5000E-38  4.5000E-38  4.5000E-38
  4.5000E-38  4.5000E-38  4.5000E-38  4.5000E-38  4.5000E-38
  4.5000E-38  4.5000E-38  4.5000E-38  4.5000E-38  4.5000E-38
  4.5000E-38  4.5000E-38  4.5000E-38  4.5000E-38  4.5000E-38
  4.5005E-38  1.2704E-21  8.4155E-31  9.8885E-30  4.1699E-30
  4.5005E-38  4.2349E-22  1.4667E-31  1.7234E-30  7.2676E-31
  4.5005E-38  1.2706E-22  2.2549E-32  2.6495E-31  1.1173E-31
  4.5005E-38  4.2353E-23  4.1865E-33  4.9193E-32  2.0744E-32
  4.5005E-38  1.2706E-23  6.7239E-34  7.9008E-33  3.3318E-33
  4.5006E-38  4.2354E-24  1.2788E-34  1.5026E-33  6.3362E-34
  4.5005E-38  1.2706E-24  2.0856E-35  2.4506E-34  1.0334E-34
  4.5005E-38  4.2352E-25  3.9982E-36  4.6980E-35  1.9811E-35
  4.5005E-38  1.2704E-25  6.5537E-37  7.7008E-36  3.2474E-36
  4.5005E-38  4.2349E-26  1.2598E-37  1.4802E-36  6.2420E-37
  4.5005E-38  1.2705E-26  4.5005E-38  2.4304E-37  1.0249E-37
  4.5005E-38  4.2349E-27  4.5005E-38  4.6755E-38  4.5005E-38
  4.5005E-38  1.2705E-27  4.5005E-38  4.5005E-38  4.5005E-38
  4.5005E-38  4.2349E-28  4.5005E-38  4.5005E-38  4.5005E-38
  4.5005E-38  1.2705E-28  4.5005E-38  4.5005E-38  4.5005E-38
  4.5005E-38  4.2349E-29  4.5005E-38  4.5005E-38  4.5005E-38
  4.5005E-38  1.2705E-29  4.5005E-38  4.5005E-38  4.5005E-38
  4.5005E-38  4.2349E-30  4.5005E-38  4.5005E-38  4.5005E-38
  2.1005E-35  1.7405E-19  2.9758E-27  2.9582E-26  1.1036E-26
  4.0425E-36  5.8023E-20  4.3987E-28  4.3727E-27  1.9311E-27
  6.6426E-37  1.7409E-20  5.8793E-29  5.8445E-28  2.5811E-28
  1.2784E-37  5.8035E-21  9.9861E-30  9.9271E-29  4.3841E-29
  4.5005E-38  1.7412E-21  1.5060E-30  1.4971E-29  6.6117E-30
  4.5005E-38  5.8041E-22  2.7654E-31  2.7490E-30  1.2140E-30
  4.5005E-38  1.7412E-22  4.4090E-32  4.3829E-31  1.9356E-31
  4.5006E-38  5.8041E-23  8.3521E-33  8.3027E-32  3.6668E-32
  4.5005E-38  1.7412E-23  1.3588E-33  1.3508E-32  5.9653E-33
  4.5006E-38  5.8038E-24  2.6015E-34  2.5862E-33  1.1421E-33
  4.5005E-38  1.7411E-24  4.2613E-35  4.2361E-34  1.8708E-34
  4.5005E-38  5.8037E-25  8.1875E-36  8.1391E-35  3.5945E-35
  4.5005E-38  1.7411E-25  1.3440E-36  1.3361E-35  5.9004E-36
  4.5005E-38  5.8038E-26  2.5852E-37  2.5699E-36  1.1349E-36
  4.5005E-38  1.7411E-26  4.5005E-38  4.2215E-37  1.8643E-37
  4.5005E-38  5.8038E-27  4.5005E-38  8.1229E-38  4.5005E-38
  4.5005E-38  1.7411E-27  4.5005E-38  4.5005E-38  4.5005E-38
  4.5005E-38  5.8038E-28  4.5005E-38  4.5005E-38  4.5005E-38
  5.7078E-32  1.3706E-17  6.2834E-24  5.3824E-23  9.3355E-25
  1.0984E-32  4.5689E-18  7.9364E-25  6.7985E-24  3.5375E-25
  1.8049E-33  1.3709E-18  8.8216E-26  7.5568E-25  1.3107E-25
  3.4736E-34  4.5701E-19  1.2821E-26  1.0982E-25  5.0517E-26
  5.7078E-35  1.3712E-19  1.6846E-27  1.4431E-26  6.6379E-27
  1.0984E-35  4.5710E-20  2.8263E-28  2.4211E-27  1.1136E-27
  1.8049E-36  1.3715E-20  4.2219E-29  3.6166E-28  1.6635E-28
  3.4735E-37  4.5715E-21  7.7091E-30  6.6038E-29  3.0376E-29
  5.7073E-38  1.3715E-21  1.2244E-30  1.0489E-29  4.8246E-30
  4.5006E-38  4.5714E-22  2.3147E-31  1.9828E-30  9.1205E-31
  4.5005E-38  1.3714E-22  3.7611E-32  3.2218E-31  1.4820E-31
  4.5005E-38  4.5714E-23  7.1967E-33  6.1647E-32  2.8356E-32
  4.5005E-38  1.3714E-23  1.1783E-33  1.0093E-32  4.6428E-33
  4.5005E-38  4.5713E-24  2.2635E-34  1.9389E-33  8.9187E-34
  4.5005E-38  1.3714E-24  3.7150E-35  3.1824E-34  1.4638E-34
  4.5005E-38  4.5713E-25  7.1455E-36  6.1209E-35  2.8155E-35
  4.5005E-38  1.3714E-25  1.1737E-36  1.0054E-35  4.6247E-36
  4.5005E-38  4.5713E-26  2.2584E-37  1.9345E-36  8.8986E-37
  6.7174E-29  6.7737E-16  7.2695E-21  5.2147E-20  6.1056E-23
  1.2928E-29  2.2580E-16  8.4836E-22  6.3602E-21  2.1377E-23
  2.1242E-30  6.7742E-17  8.3500E-23  6.2599E-22  7.0132E-24
  4.0879E-31  2.2583E-17  1.0563E-23  7.9192E-23  2.6616E-24
  6.7171E-32  6.7756E-18  1.1766E-24  8.8214E-24  9.8829E-25
  1.2928E-32  2.2588E-18  1.7138E-25  1.2849E-24  4.3182E-25
  2.1241E-33  6.7773E-19  2.2569E-26  1.6919E-25  8.0685E-26
  4.0879E-34  2.2593E-19  3.7924E-27  2.8432E-26  1.3559E-26
  6.7168E-35  6.7782E-20  5.6720E-28  4.2523E-27  2.0278E-27
  1.2926E-35  2.2594E-20  1.0364E-28  7.7699E-28  3.7053E-28
  2.1237E-36  6.7781E-21  1.6470E-29  1.2347E-28  5.8882E-29
  4.0872E-37  2.2594E-21  3.1145E-30  2.3349E-29  1.1134E-29
  6.7159E-38  6.7782E-22  5.0616E-31  3.7947E-30  1.8096E-30
  4.5005E-38  2.2594E-22  9.6860E-32  7.2615E-31  3.4629E-31
  4.5005E-38  6.7782E-23  1.5860E-32  1.1890E-31  5.6701E-32
  4.5005E-38  2.2595E-23  3.0467E-33  2.2841E-32  1.0892E-32
  4.5005E-38  6.7783E-24  5.0006E-34  3.7490E-33  1.7878E-33
  4.5005E-38  2.2595E-24  9.6182E-35  7.2108E-34  3.4386E-34
  3.8824E-26  2.2539E-14  4.4390E-18  2.0073E-18  2.8234E-21
  7.4703E-27  7.5121E-15  5.0247E-19  6.8173E-19  9.5893E-22
  1.2274E-27  2.2537E-15  4.6873E-20  2.1199E-19  2.9818E-22
  2.3622E-28  7.5125E-16  5.5050E-21  3.6599E-20  1.0506E-22
  3.8816E-29  2.2539E-16  5.4767E-22  3.6411E-21  3.4839E-23
  7.4700E-30  7.5137E-17  7.0240E-23  4.6700E-22  1.3405E-23
  1.2274E-30  2.2544E-17  7.9722E-24  5.3003E-23  5.0716E-24
  2.3622E-31  7.5156E-18  1.1826E-24  7.8626E-24  2.2570E-24
  3.8815E-32  2.2549E-18  1.5862E-25  1.0546E-24  5.1937E-25
  7.4695E-33  7.5168E-19  2.7008E-26  1.7956E-25  8.8433E-26
  1.2273E-33  2.2551E-19  4.0804E-27  2.7128E-26  1.3361E-26
  2.3618E-34  7.5170E-20  7.5008E-28  4.9869E-27  2.4560E-27
  3.8808E-35  2.2552E-20  1.1967E-28  7.9568E-28  3.9187E-28
  7.4686E-36  7.5173E-21  2.2681E-29  1.5079E-28  7.4262E-29
  1.2272E-36  2.2552E-21  3.6910E-30  2.4540E-29  1.2085E-29
  2.3618E-37  7.5174E-22  7.0682E-31  4.6993E-30  2.3144E-30
  4.5005E-38  2.2552E-22  1.1578E-31  7.6980E-31  3.7912E-31
  4.5005E-38  7.5174E-23  2.2248E-32  1.4792E-31  7.2847E-32
  2.6554E-19  1.2989E-10  1.1981E-11  1.8088E-14  4.0085E-17
  5.1128E-20  4.3285E-11  3.9998E-12  6.0386E-15  1.3382E-17
  8.3986E-21  1.2980E-11  3.6944E-13  1.8165E-15  4.0253E-18
  1.6156E-21  4.3247E-12  4.1222E-14  6.0832E-16  1.3481E-18
  2.6546E-22  1.2973E-12  3.7457E-15  1.8427E-16  4.0835E-19
  5.1090E-23  4.3242E-13  4.2274E-16  6.2393E-17  1.3827E-19
  8.3953E-24  1.2973E-13  3.9202E-17  1.9286E-17  4.2739E-20
  1.6157E-24  4.3245E-14  4.5635E-18  6.7356E-18  1.4926E-20
  2.6549E-25  1.2975E-14  4.4725E-19  2.2005E-18  4.8761E-21
  5.1093E-26  4.3251E-15  5.6265E-20  2.7764E-19  1.8402E-21
  8.3952E-27  1.2977E-15  6.2187E-21  3.0687E-20  6.7800E-22
  1.6156E-27  4.3259E-16  8.9860E-22  4.4341E-21  2.9392E-22
  2.6544E-28  1.2979E-16  1.1738E-22  5.7922E-22  1.2798E-22
  5.1084E-29  4.3266E-17  1.9608E-23  9.6756E-23  5.1555E-23
  8.3940E-30  1.2981E-17  2.9192E-24  1.4405E-23  7.6755E-24
  1.6154E-30  4.3271E-18  5.3197E-25  2.6250E-24  1.3988E-24
  2.6544E-31  1.2982E-18  8.4385E-26  4.1640E-25  2.2188E-25
  5.1084E-32  4.3273E-19  1.5942E-26  7.8664E-26  4.1916E-26
  5.2868E-15  9.8029E-08  1.0893E-08  1.6837E-11  5.4776E-14
  1.7635E-15  3.2699E-08  4.0149E-09  6.1697E-12  1.9637E-14
  5.2918E-16  9.8120E-09  1.2560E-09  1.9255E-12  6.0759E-15
  1.7638E-16  3.2704E-09  4.2423E-10  6.4995E-13  2.0457E-15
  4.6395E-17  9.8074E-10  1.2798E-10  1.9602E-13  6.1641E-16
  8.9522E-18  3.2677E-10  4.2801E-11  6.5552E-14  2.0607E-16
  1.4737E-18  9.8012E-11  7.4048E-12  1.9765E-14  6.2132E-17
  2.8389E-19  3.2670E-11  8.2907E-13  6.6396E-15  2.0871E-17
  4.6679E-20  9.8011E-12  7.5722E-14  2.0214E-15  6.3539E-18
  8.9864E-21  3.2671E-12  8.6121E-15  6.8972E-16  2.1680E-18
  1.4769E-21  9.8016E-13  8.1002E-16  2.1625E-16  6.7970E-19
  2.8425E-22  3.2673E-13  9.6281E-17  7.7111E-17  2.4238E-19
  4.6708E-23  9.8023E-14  9.7688E-18  2.6080E-17  8.1978E-20
  8.9886E-24  3.2677E-14  1.2840E-18  5.0353E-18  3.2324E-20
  1.4770E-24  9.8041E-15  1.5046E-19  5.9007E-19  1.2627E-20
  2.8424E-25  3.2684E-15  2.2995E-20  9.0183E-20  5.7894E-21
  4.6707E-26  9.8063E-16  3.1733E-21  1.2445E-20  2.6631E-21
  8.9886E-27  3.2690E-16  5.5107E-22  2.1613E-21  1.2225E-21
  6.2994E-13  3.5142E-06  1.2423E-07  2.1367E-10  1.5287E-12
  4.3216E-13  3.5142E-06  1.2420E-07  2.1363E-10  1.5282E-12
  2.4071E-13  1.8008E-06  9.3466E-08  1.5649E-10  9.3774E-13
  1.2762E-13  6.0743E-07  5.1996E-08  8.4044E-11  4.1762E-13
  5.9911E-14  1.8303E-07  2.2742E-08  3.5881E-11  1.6012E-13
  1.9994E-14  6.1080E-08  9.1577E-09  1.4291E-11  6.0985E-14
  5.9983E-15  1.8324E-08  3.0069E-09  4.6693E-12  1.9545E-14
  1.9989E-15  6.1064E-09  1.0340E-09  1.6032E-12  6.6703E-15
  5.9961E-16  1.8317E-09  3.1490E-10  4.8789E-13  2.0255E-15
  1.2550E-16  6.1058E-10  1.0594E-10  1.6410E-13  6.8081E-16
  2.0721E-17  1.8317E-10  1.1384E-11  4.9849E-14  2.0676E-16
  3.9975E-18  6.1059E-11  1.2870E-12  1.6908E-14  7.0125E-17
  6.5783E-19  1.8318E-11  1.1966E-13  5.2406E-15  2.1735E-17
  1.2669E-19  6.1060E-12  1.3984E-14  1.8374E-15  7.6205E-18
  2.0825E-20  1.8318E-12  1.3797E-15  6.0430E-16  2.5063E-18
  4.0087E-21  6.1066E-13  1.7509E-16  2.3008E-16  9.5422E-19
  6.5878E-22  1.8322E-13  1.9590E-17  6.4032E-17  3.5588E-19
  1.2679E-22  6.1081E-14  2.8658E-18  9.3670E-18  1.5619E-19
  4.3602E-12  3.5052E-06  1.3511E-07  2.3568E-10  2.2395E-12
  3.9248E-12  3.5046E-06  1.3492E-07  2.3533E-10  2.2334E-12
  3.3039E-12  3.5042E-06  1.3480E-07  2.3509E-10  2.2294E-12
  2.6492E-12  3.5039E-06  1.3472E-07  2.3495E-10  2.2270E-12
  1.9332E-12  3.5037E-06  1.3463E-07  2.3481E-10  2.2247E-12
  1.3675E-12  3.5036E-06  1.3452E-07  2.3465E-10  2.2221E-12
  6.8393E-13  1.2427E-06  8.6912E-08  1.4570E-10  1.0518E-12
  3.4123E-13  4.1757E-07  4.7065E-08  7.6432E-11  4.6564E-13
  1.5164E-13  1.2559E-07  1.9960E-08  3.1746E-11  1.7571E-13
  5.9641E-14  4.1893E-08  7.9043E-09  1.2449E-11  6.6287E-14
  1.7898E-14  1.2572E-08  2.5876E-09  4.0563E-12  2.1243E-14
  5.9666E-15  4.1910E-09  8.9321E-10  1.3978E-12  7.2817E-15
  1.4825E-15  1.2574E-09  2.7007E-10  4.2860E-13  2.2286E-15
  2.8811E-16  4.1911E-10  3.0654E-11  1.4607E-13  7.5909E-16
  4.7622E-17  1.2574E-10  2.8496E-12  4.5282E-14  2.3526E-16
  9.1925E-18  4.1911E-11  3.3263E-13  1.5860E-14  8.2396E-17
  1.5133E-18  1.2575E-11  3.2750E-14  5.2056E-15  2.7043E-17
  2.9150E-19  4.1917E-12  4.1448E-15  1.9765E-15  1.0268E-17
  1.6610E-11  3.5274E-06  1.5553E-07  2.7723E-10  3.7953E-12
  1.5399E-11  3.5142E-06  1.5173E-07  2.6960E-10  3.5856E-12
  1.4482E-11  3.5050E-06  1.4917E-07  2.6450E-10  3.4520E-12
  1.3766E-11  3.4999E-06  1.4779E-07  2.6176E-10  3.3822E-12
  1.2894E-11  3.4966E-06  1.4690E-07  2.6000E-10  3.3382E-12
  1.1858E-11  3.4948E-06  1.4642E-07  2.5906E-10  3.3150E-12
  1.0345E-11  3.4937E-06  1.4608E-07  2.5842E-10  3.2994E-12
  8.5821E-12  3.4930E-06  1.4582E-07  2.5797E-10  3.2887E-12
  6.1964E-12  3.4925E-06  1.4527E-07  2.5716E-10  3.2698E-12
  3.8688E-12  3.4910E-06  1.4361E-07  2.5482E-10  3.2173E-12
  1.6581E-12  1.1370E-06  9.0452E-08  1.5439E-10  1.4381E-12
  8.3388E-13  3.8189E-07  4.9562E-08  8.1966E-11  6.4171E-13
  3.9384E-13  1.1489E-07  2.1599E-08  3.4900E-11  2.4743E-13
  1.8761E-13  3.8333E-08  8.8005E-09  1.4052E-11  9.5596E-14
  7.6377E-14  1.1503E-08  2.9610E-09  4.6977E-12  3.1381E-14
  2.6623E-14  3.8347E-09  1.0450E-09  1.6535E-12  1.0979E-14
  5.8139E-15  1.1504E-09  1.1309E-10  5.2460E-13  3.4753E-15
  1.1361E-15  3.8351E-10  1.3197E-11  1.8394E-13  1.2176E-15
  1.0632E-10  3.6531E-06  2.0781E-07  3.8769E-10  1.0320E-11
  7.6131E-11  3.6229E-06  1.9625E-07  3.6266E-10  8.4121E-12
  5.6775E-11  3.5876E-06  1.8402E-07  3.3669E-10  6.8848E-12
  4.6453E-11  3.5576E-06  1.7464E-07  3.1711E-10  5.9513E-12
  3.9729E-11  3.5312E-06  1.6699E-07  3.0135E-10  5.3040E-12
  3.5951E-11  3.5138E-06  1.6226E-07  2.9170E-10  4.9462E-12
  3.3101E-11  3.5012E-06  1.5896E-07  2.8503E-10  4.7140E-12
  3.0904E-11  3.4941E-06  1.5713E-07  2.8135E-10  4.5905E-12
  2.8204E-11  3.4893E-06  1.5588E-07  2.7890E-10  4.5103E-12
  2.4442E-11  3.4867E-06  1.5503E-07  2.7734E-10  4.4605E-12
  1.7365E-11  3.4842E-06  1.5357E-07  2.7503E-10  4.3898E-12
  1.0364E-11  3.4795E-06  1.5050E-07  2.7045E-10  4.2570E-12
  5.9258E-12  3.4692E-06  1.4522E-07  2.6259E-10  4.0401E-12
  3.2176E-12  1.3691E-06  1.0140E-07  1.7789E-10  2.1204E-12
  1.6140E-12  4.1470E-07  5.4678E-08  9.2502E-11  8.9719E-13
  8.3987E-13  1.3865E-07  2.6688E-08  4.4062E-11  3.8619E-13
  3.8983E-13  4.1641E-08  1.0521E-08  1.7076E-11  1.4193E-13
  1.8144E-13  1.3886E-08  4.0865E-09  6.5733E-12  5.3524E-14
  9.6042E-10  3.7163E-06  2.3710E-07  4.5203E-10  1.9144E-11
  6.4584E-10  3.7078E-06  2.3353E-07  4.4460E-10  1.8189E-11
  4.1009E-10  3.6931E-06  2.2744E-07  4.3126E-10  1.6223E-11
  2.7344E-10  3.6729E-06  2.1960E-07  4.1393E-10  1.3971E-11
  1.8203E-10  3.6434E-06  2.0883E-07  3.9033E-10  1.1511E-11
  1.3229E-10  3.6113E-06  1.9809E-07  3.6714E-10  9.6199E-12
  9.9625E-11  3.5750E-06  1.8701E-07  3.4357E-10  8.0820E-12
  8.1400E-11  3.5453E-06  1.7868E-07  3.2615E-10  7.1316E-12
  6.8170E-11  3.5199E-06  1.7200E-07  3.1233E-10  6.4680E-12
  5.8485E-11  3.5035E-06  1.6789E-07  3.0393E-10  6.0980E-12
  4.4790E-11  3.4917E-06  1.6488E-07  2.9792E-10  5.8482E-12
  2.6151E-11  3.4843E-06  1.6255E-07  2.9364E-10  5.6782E-12
  1.1114E-11  3.4756E-06  1.5883E-07  2.8755E-10  5.4531E-12
  5.7909E-12  3.4638E-06  1.5405E-07  2.8004E-10  5.1932E-12
  3.2052E-12  3.4448E-06  1.4701E-07  2.6908E-10  4.8382E-12
  1.8692E-12  2.5016E-06  1.2644E-07  2.3085E-10  3.7036E-12
  1.0050E-12  7.6343E-07  7.5289E-08  1.3261E-10  1.6471E-12
  5.6770E-13  2.5584E-07  4.0151E-08  6.8652E-11  7.4221E-13
  2.8151E-09  3.7263E-06  2.4056E-07  4.5132E-10  1.6018E-11
  2.4411E-09  3.7250E-06  2.4057E-07  4.5567E-10  1.8287E-11
  1.9482E-09  3.7221E-06  2.3976E-07  4.5652E-10  1.9707E-11
  1.4803E-09  3.7172E-06  2.3807E-07  4.5407E-10  1.9990E-11
  1.0260E-09  3.7083E-06  2.3479E-07  4.4748E-10  1.9259E-11
  7.0691E-10  3.6952E-06  2.3003E-07  4.3716E-10  1.7774E-11
  4.6529E-10  3.6737E-06  2.2248E-07  4.2055E-10  1.5547E-11
  3.2378E-10  3.6469E-06  2.1362E-07  4.0109E-10  1.3355E-11
  2.2783E-10  3.6113E-06  2.0269E-07  3.7744E-10  1.1195E-11
  1.7429E-10  3.5770E-06  1.9300E-07  3.5675E-10  9.6554E-12
  1.3638E-10  3.5427E-06  1.8402E-07  3.3786E-10  8.4666E-12
  1.0686E-10  3.5175E-06  1.7773E-07  3.2489E-10  7.7479E-12
  6.6737E-11  3.4965E-06  1.7222E-07  3.1407E-10  7.2028E-12
  3.5416E-11  3.4794E-06  1.6702E-07  3.0474E-10  6.7753E-12
  1.9155E-11  3.4585E-06  1.6068E-07  2.9399E-10  6.3271E-12
  1.1639E-11  3.4341E-06  1.5361E-07  2.8242E-10  5.8844E-12
  6.6739E-12  3.3932E-06  1.4257E-07  2.6453E-10  5.2586E-12
  3.9305E-12  2.7647E-06  1.2279E-07  2.2920E-10  4.1480E-12
  3.4547E-09  3.7262E-06  2.3436E-07  4.0473E-10  8.2044E-12
  3.3621E-09  3.7267E-06  2.3776E-07  4.2884E-10  1.1386E-11
  3.1947E-09  3.7265E-06  2.3972E-07  4.4465E-10  1.4879E-11
  2.9637E-09  3.7258E-06  2.4046E-07  4.5254E-10  1.7550E-11
  2.6093E-09  3.7239E-06  2.4039E-07  4.5638E-10  1.9548E-11
  2.1941E-09  3.7205E-06  2.3952E-07  4.5647E-10  2.0437E-11
  1.6919E-09  3.7140E-06  2.3747E-07  4.5311E-10  2.0434E-11
  1.2557E-09  3.7041E-06  2.3423E-07  4.4644E-10  1.9609E-11
  8.6562E-10  3.6870E-06  2.2869E-07  4.3440E-10  1.7942E-11
  6.0818E-10  3.6642E-06  2.2160E-07  4.1883E-10  1.5965E-11
  4.1988E-10  3.6313E-06  2.1195E-07  3.9778E-10  1.3696E-11
  3.0756E-10  3.5962E-06  2.0240E-07  3.7725E-10  1.1859E-11
  2.1378E-10  3.5573E-06  1.9241E-07  3.5619E-10  1.0281E-11
  1.3355E-10  3.5243E-06  1.8404E-07  3.3927E-10  9.1937E-12
  7.1228E-11  3.4897E-06  1.7510E-07  3.2228E-10  8.2451E-12
  4.3537E-11  3.4569E-06  1.6720E-07  3.0802E-10  7.5457E-12
  2.6045E-11  3.4138E-06  1.5745E-07  2.9121E-10  6.8135E-12
  1.5945E-11  3.3571E-06  1.4566E-07  2.7137E-10  6.0425E-12
  3.5579E-09  3.7194E-06  2.0819E-07  2.8466E-10  3.1180E-12
  3.5416E-09  3.7232E-06  2.2219E-07  3.4393E-10  5.0612E-12
  3.5060E-09  3.7254E-06  2.3127E-07  3.9168E-10  7.9732E-12
  3.4477E-09  3.7263E-06  2.3598E-07  4.2054E-10  1.1152E-11
  3.3383E-09  3.7264E-06  2.3882E-07  4.3995E-10  1.4691E-11
  3.1757E-09  3.7257E-06  2.4005E-07  4.5000E-10  1.7451E-11
  2.9129E-09  3.7243E-06  2.4040E-07  4.5551E-10  1.9597E-11
  2.5874E-09  3.7214E-06  2.3991E-07  4.5687E-10  2.0675E-11
  2.1346E-09  3.7154E-06  2.3837E-07  4.5491E-10  2.0948E-11
  1.6878E-09  3.7065E-06  2.3576E-07  4.4981E-10  2.0436E-11
  1.2279E-09  3.6905E-06  2.3111E-07  4.3989E-10  1.9125E-11
  8.8588E-10  3.6687E-06  2.2493E-07  4.2640E-10  1.7396E-11
  6.0143E-10  3.6360E-06  2.1606E-07  4.0714E-10  1.5224E-11
  3.9231E-10  3.5990E-06  2.0649E-07  3.8681E-10  1.3283E-11
  2.1231E-10  3.5523E-06  1.9481E-07  3.6295E-10  1.1385E-11
  1.2185E-10  3.5047E-06  1.8374E-07  3.4133E-10  9.9535E-12
  7.3196E-11  3.4471E-06  1.7197E-07  3.1925E-10  8.7178E-12
  4.6140E-11  3.3823E-06  1.6013E-07  2.9804E-10  7.7018E-12
  3.5567E-09  3.6933E-06  1.4070E-07  1.3139E-10  1.0078E-12
  3.5640E-09  3.7085E-06  1.7663E-07  2.0142E-10  1.8771E-12
  3.5618E-09  3.7176E-06  2.0387E-07  2.7923E-10  3.4232E-12
  3.5498E-09  3.7221E-06  2.1949E-07  3.3984E-10  5.5230E-12
  3.5214E-09  3.7248E-06  2.2973E-07  3.8898E-10  8.5932E-12
  3.4740E-09  3.7259E-06  2.3508E-07  4.1881E-10  1.1843E-11
  3.3838E-09  3.7260E-06  2.3831E-07  4.3895E-10  1.5343E-11
  3.2472E-09  3.7253E-06  2.3977E-07  4.4943E-10  1.7990E-11
  3.0118E-09  3.7236E-06  2.4025E-07  4.5522E-10  1.9999E-11
  2.7323E-09  3.7203E-06  2.3986E-07  4.5679E-10  2.0995E-11
  2.3252E-09  3.7138E-06  2.3839E-07  4.5504E-10  2.1251E-11
  1.8950E-09  3.7036E-06  2.3584E-07  4.5015E-10  2.0788E-11
  1.4159E-09  3.6858E-06  2.3128E-07  4.4051E-10  1.9583E-11
  9.9102E-10  3.6609E-06  2.2501E-07  4.2708E-10  1.7940E-11
  5.6563E-10  3.6216E-06  2.1528E-07  4.0662E-10  1.5724E-11
  3.0444E-10  3.5720E-06  2.0356E-07  3.8281E-10  1.3564E-11
  1.7101E-10  3.5024E-06  1.8924E-07  3.5451E-10  1.1462E-11
  1.0752E-10  3.4230E-06  1.7540E-07  3.2811E-10  9.8558E-12
  3.4980E-09  3.6018E-06  5.4980E-08  3.8476E-11  2.7317E-13
  3.5356E-09  3.6591E-06  9.5737E-08  7.7812E-11  6.0029E-13
  3.5565E-09  3.6918E-06  1.4312E-07  1.4301E-10  1.2872E-12
  3.5635E-09  3.7077E-06  1.7831E-07  2.1459E-10  2.3639E-12
  3.5607E-09  3.7171E-06  2.0489E-07  2.9152E-10  4.2167E-12
  3.5478E-09  3.7218E-06  2.2011E-07  3.4965E-10  6.6371E-12
  3.5178E-09  3.7244E-06  2.3004E-07  3.9569E-10  9.9826E-12
  3.4679E-09  3.7254E-06  2.3524E-07  4.2313E-10  1.3294E-11
  3.3732E-09  3.7253E-06  2.3834E-07  4.4138E-10  1.6613E-11
  3.2304E-09  3.7242E-06  2.3967E-07  4.5070E-10  1.8958E-11
  2.9855E-09  3.7213E-06  2.4001E-07  4.5553E-10  2.0618E-11
  2.6946E-09  3.7165E-06  2.3939E-07  4.5633E-10  2.1353E-11
  2.2964E-09  3.7071E-06  2.3758E-07  4.5370E-10  2.1401E-11
  1.8400E-09  3.6924E-06  2.3450E-07  4.4768E-10  2.0797E-11
  1.2311E-09  3.6663E-06  2.2876E-07  4.3586E-10  1.9419E-11
  6.9204E-10  3.6276E-06  2.2011E-07  4.1819E-10  1.7482E-11
  3.6058E-10  3.5613E-06  2.0661E-07  3.9107E-10  1.4944E-11
  2.1961E-10  3.4756E-06  1.9182E-07  3.6193E-10  1.2712E-11
  3.3328E-09  3.3050E-06  1.5850E-08  1.0467E-11  7.9296E-14
  3.4411E-09  3.4975E-06  3.2890E-08  2.2868E-11  1.7742E-13
  3.5083E-09  3.6114E-06  6.7013E-08  5.2046E-11  4.2794E-13
  3.5407E-09  3.6645E-06  1.0930E-07  9.9195E-11  9.0223E-13
  3.5576E-09  3.6947E-06  1.5463E-07  1.7107E-10  1.8550E-12
  3.5612E-09  3.7093E-06  1.8659E-07  2.4402E-10  3.2863E-12
  3.5538E-09  3.7179E-06  2.1006E-07  3.1705E-10  5.6312E-12
  3.5345E-09  3.7220E-06  2.2327E-07  3.6905E-10  8.4789E-12
  3.4933E-09  3.7240E-06  2.3180E-07  4.0842E-10  1.2068E-11
  3.4264E-09  3.7244E-06  2.3616E-07  4.3109E-10  1.5285E-11
  3.3021E-09  3.7232E-06  2.3865E-07  4.4566E-10  1.8199E-11
  3.1193E-09  3.7206E-06  2.3955E-07  4.5263E-10  2.0062E-11
  2.8160E-09  3.7148E-06  2.3933E-07  4.5540E-10  2.1222E-11
  2.4748E-09  3.7050E-06  2.3806E-07  4.5438E-10  2.1574E-11
  1.9570E-09  3.6867E-06  2.3503E-07  4.4907E-10  2.1236E-11
  1.2906E-09  3.6577E-06  2.2966E-07  4.3862E-10  2.0169E-11
  6.8207E-10  3.6017E-06  2.1927E-07  4.1803E-10  1.8087E-11
  4.0304E-10  3.5196E-06  2.0585E-07  3.9148E-10  1.5749E-11
  2.9654E-09  2.6129E-06  5.1441E-09  3.5016E-12  2.9144E-14
  3.2147E-09  3.0661E-06  1.0950E-08  7.5782E-12  6.3563E-14
  3.3823E-09  3.3776E-06  2.4157E-08  1.7364E-11  1.4834E-13
  3.4704E-09  3.5389E-06  4.7515E-08  3.6633E-11  3.2472E-13
  3.5231E-09  3.6323E-06  8.8052E-08  7.7605E-11  7.4719E-13
  3.5469E-09  3.6756E-06  1.3094E-07  1.3588E-10  1.4903E-12
  3.5561E-09  3.7003E-06  1.7173E-07  2.1422E-10  2.8874E-12
  3.5524E-09  3.7122E-06  1.9845E-07  2.8524E-10  4.8508E-12
  3.5339E-09  3.7190E-06  2.1726E-07  3.4986E-10  7.8081E-12
  3.4988E-09  3.7218E-06  2.2758E-07  3.9250E-10  1.1040E-11
  3.4290E-09  3.7225E-06  2.3407E-07  4.2299E-10  1.4640E-11
  3.3202E-09  3.7210E-06  2.3722E-07  4.3966E-10  1.7473E-11
  3.1260E-09  3.7169E-06  2.3871E-07  4.4956E-10  1.9735E-11
  2.8542E-09  3.7092E-06  2.3869E-07  4.5320E-10  2.0977E-11
  2.4134E-09  3.6939E-06  2.3716E-07  4.5239E-10  2.1516E-11
  1.8714E-09  3.6697E-06  2.3388E-07  4.4702E-10  2.1292E-11
  1.1097E-09  3.6210E-06  2.2631E-07  4.3278E-10  2.0044E-11
  6.5743E-10  3.5439E-06  2.1498E-07  4.1074E-10  1.8107E-11
  2.2967E-09  1.5290E-06  1.6525E-09  1.1768E-12  1.0735E-14
  2.7651E-09  2.2428E-06  3.9353E-09  2.8209E-12  2.5817E-14
  3.1124E-09  2.8547E-06  9.1858E-09  6.6815E-12  6.1591E-14
  3.3097E-09  3.2254E-06  1.8848E-08  1.4081E-11  1.3158E-13
  3.4366E-09  3.4679E-06  3.9538E-08  3.1332E-11  3.0235E-13
  3.5003E-09  3.5884E-06  7.1594E-08  6.2587E-11  6.4165E-13
  3.5355E-09  3.6567E-06  1.1708E-07  1.1979E-10  1.3859E-12
  3.5477E-09  3.6884E-06  1.5701E-07  1.8876E-10  2.5817E-12
  3.5444E-09  3.7065E-06  1.9047E-07  2.6825E-10  4.6434E-12
  3.5259E-09  3.7149E-06  2.1079E-07  3.3144E-10  7.2730E-12
  3.4824E-09  3.7189E-06  2.2447E-07  3.8319E-10  1.0777E-11
  3.4104E-09  3.7192E-06  2.3167E-07  4.1462E-10  1.4096E-11
  3.2758E-09  3.7162E-06  2.3586E-07  4.3551E-10  1.7268E-11
  3.0777E-09  3.7094E-06  2.3744E-07  4.4572E-10  1.9406E-11
  2.7418E-09  3.6955E-06  2.3725E-07  4.4993E-10  2.0823E-11
  2.2569E-09  3.6721E-06  2.3509E-07  4.4812E-10  2.1292E-11
  1.5364E-09  3.6264E-06  2.2944E-07  4.3862E-10  2.0842E-11
  9.4700E-10  3.5514E-06  2.1972E-07  4.2038E-10  1.9454E-11
  1.3147E-09  5.5732E-07  4.5860E-10  3.4196E-13  3.3958E-15
  2.0088E-09  1.1772E-06  1.3100E-09  9.7950E-13  9.7405E-15
  2.6154E-09  1.9884E-06  3.5634E-09  2.6818E-12  2.6759E-14
  2.9946E-09  2.6231E-06  7.8941E-09  6.0113E-12  6.0349E-14
  3.2563E-09  3.1092E-06  1.7404E-08  1.3595E-11  1.3837E-13
  3.3969E-09  3.3829E-06  3.4035E-08  2.7824E-11  2.9062E-13
  3.4825E-09  3.5523E-06  6.5631E-08  5.8819E-11  6.5130E-13
  3.5213E-09  3.6331E-06  1.0537E-07  1.0736E-10  1.3118E-12
  3.5367E-09  3.6783E-06  1.4998E-07  1.8045E-10  2.6103E-12
  3.5318E-09  3.6993E-06  1.8273E-07  2.5340E-10  4.4878E-12
  3.5047E-09  3.7105E-06  2.0732E-07  3.2480E-10  7.3724E-12
  3.4532E-09  3.7144E-06  2.2123E-07  3.7441E-10  1.0578E-11
  3.3519E-09  3.7135E-06  2.3004E-07  4.1094E-10  1.4207E-11
  3.1976E-09  3.7077E-06  2.3416E-07  4.3095E-10  1.7089E-11
  2.9285E-09  3.6939E-06  2.3570E-07  4.4213E-10  1.9378E-11
  2.5411E-09  3.6706E-06  2.3470E-07  4.4465E-10  2.0568E-11
  1.8702E-09  3.6240E-06  2.3017E-07  4.3873E-10  2.0805E-11
  1.2283E-09  3.5484E-06  2.2161E-07  4.2354E-10  1.9971E-11
  2.4033E-10  6.9894E-08  6.3353E-11  5.0399E-14  5.6128E-16
  6.1820E-10  2.0824E-07  2.0098E-10  1.5998E-13  1.7816E-15
  1.3496E-09  6.1178E-07  7.0598E-10  5.6290E-13  6.2746E-15
  2.0730E-09  1.2685E-06  1.9956E-09  1.5973E-12  1.7843E-14
  2.6806E-09  2.0839E-06  5.2766E-09  4.2609E-12  4.7835E-14
  3.0445E-09  2.6975E-06  1.1367E-08  9.3247E-12  1.0562E-13
  3.2869E-09  3.1562E-06  2.4227E-08  2.0543E-11  2.3733E-13
  3.4126E-09  3.4101E-06  4.5374E-08  4.0701E-11  4.8750E-13
  3.4841E-09  3.5651E-06  8.1705E-08  8.1336E-11  1.0516E-12
  3.5102E-09  3.6385E-06  1.2237E-07  1.3881E-10  2.0212E-12
  3.5075E-09  3.6791E-06  1.6383E-07  2.1659E-10  3.8014E-12
  3.4774E-09  3.6966E-06  1.9236E-07  2.8705E-10  6.1922E-12
  3.4056E-09  3.7033E-06  2.1284E-07  3.5045E-10  9.5402E-12
  3.2885E-09  3.7008E-06  2.2383E-07  3.9126E-10  1.2866E-11
  3.0768E-09  3.6881E-06  2.2994E-07  4.1864E-10  1.6171E-11
  2.7736E-09  3.6639E-06  2.3142E-07  4.3075E-10  1.8414E-11
  2.2484E-09  3.6149E-06  2.2884E-07  4.3194E-10  1.9738E-11
  1.5980E-09  3.5347E-06  2.2147E-07  4.2090E-10  1.9716E-11
  3.4690E-11  1.0239E-08  1.1954E-11  1.0072E-14  1.2416E-16
  9.8826E-11  2.9761E-08  3.5070E-11  2.9551E-14  3.6388E-16
  3.0922E-10  1.0032E-07  1.2207E-10  1.0290E-13  1.2666E-15
  7.7931E-10  2.9948E-07  3.9718E-10  3.3511E-13  4.1274E-15
  1.5895E-09  8.2477E-07  1.3701E-09  1.1594E-12  1.4305E-14
  2.2936E-09  1.5505E-06  3.6519E-09  3.1093E-12  3.8504E-14
  2.8374E-09  2.3365E-06  9.0381E-09  7.8000E-12  9.7389E-14
  3.1455E-09  2.8801E-06  1.8536E-08  1.6375E-11  2.0747E-13
  3.3406E-09  3.2665E-06  3.7454E-08  3.4694E-11  4.5370E-13
  3.4338E-09  3.4725E-06  6.5687E-08  6.5563E-11  9.0601E-13
  3.4750E-09  3.5944E-06  1.0730E-07  1.2085E-10  1.8584E-12
  3.4711E-09  3.6503E-06  1.4675E-07  1.8820E-10  3.3540E-12
  3.4234E-09  3.6784E-06  1.8200E-07  2.6655E-10  5.8335E-12
  3.3305E-09  3.6855E-06  2.0399E-07  3.2851E-10  8.7950E-12
  3.1528E-09  3.6773E-06  2.1825E-07  3.7765E-10  1.2383E-11
  2.8943E-09  3.6533E-06  2.2431E-07  4.0456E-10  1.5375E-11
  2.4583E-09  3.6012E-06  2.2467E-07  4.1639E-10  1.7714E-11
  1.8861E-09  3.5156E-06  2.1898E-07  4.1161E-10  1.8592E-11
  8.0064E-12  2.5454E-09  3.7912E-12  3.3600E-15  4.5167E-17
  1.9375E-11  6.1718E-09  9.2083E-12  8.1611E-15  1.0992E-16
  5.6976E-11  1.8306E-08  2.7469E-11  2.4347E-14  3.2751E-16
  1.6241E-10  5.3948E-08  8.2278E-11  7.2943E-14  9.8080E-16
  4.9803E-10  1.8492E-07  2.9835E-10  2.6469E-13  3.5604E-15
  1.1382E-09  5.2341E-07  9.7015E-10  8.6246E-13  1.1616E-14
  1.9887E-09  1.2249E-06  3.0765E-09  2.7504E-12  3.7177E-14
  2.5994E-09  1.9801E-06  7.4269E-09  6.7107E-12  9.1332E-14
  3.0283E-09  2.6719E-06  1.6844E-08  1.5563E-11  2.1497E-13
  3.2550E-09  3.1054E-06  3.2376E-08  3.1043E-11  4.4004E-13
  3.3844E-09  3.3946E-06  6.0457E-08  6.2175E-11  9.2993E-13
  3.4284E-09  3.5403E-06  9.6237E-08  1.0902E-10  1.7778E-12
  3.4143E-09  3.6212E-06  1.3916E-07  1.7958E-10  3.3898E-12
  3.3454E-09  3.6526E-06  1.7275E-07  2.5051E-10  5.6261E-12
  3.1940E-09  3.6571E-06  1.9843E-07  3.1906E-10  8.8248E-12
  2.9643E-09  3.6373E-06  2.1181E-07  3.6398E-10  1.2015E-11
  2.5794E-09  3.5841E-06  2.1712E-07  3.9092E-10  1.5068E-11
  2.0743E-09  3.4931E-06  2.1405E-07  3.9522E-10  1.6783E-11
  3.2237E-12  1.0914E-09  2.0220E-12  1.8741E-15  2.7253E-17
  6.5639E-12  2.2298E-09  4.1332E-12  3.8309E-15  5.5708E-17
  1.5556E-11  5.3048E-09  9.8473E-12  9.1275E-15  1.3296E-16
  3.8046E-11  1.3041E-08  2.4296E-11  2.2522E-14  3.2773E-16
  1.1412E-10  3.9950E-08  7.5344E-11  6.9853E-14  1.0161E-15
  3.2646E-10  1.2199E-07  2.3827E-10  2.2104E-13  3.2159E-15
  9.0509E-10  4.0411E-07  8.8348E-10  8.2112E-13  1.1962E-14
  1.6896E-09  9.6547E-07  2.6509E-09  2.4750E-12  3.6169E-14
  2.4451E-09  1.7873E-06  7.2736E-09  6.8663E-12  1.0109E-13
  2.9018E-09  2.4699E-06  1.5680E-08  1.5089E-11  2.2514E-13
  3.1924E-09  3.0068E-06  3.2320E-08  3.2309E-11  4.9579E-13
  3.3254E-09  3.3121E-06  5.7096E-08  6.0549E-11  9.7411E-13
  3.3700E-09  3.5001E-06  9.4982E-08  1.1104E-10  1.9556E-12
  3.3351E-09  3.5850E-06  1.3344E-07  1.7425E-10  3.4839E-12
  3.2120E-09  3.6191E-06  1.6984E-07  2.5011E-10  5.9909E-12
  3.0068E-09  3.6115E-06  1.9261E-07  3.1033E-10  8.8995E-12
  2.6552E-09  3.5617E-06  2.0529E-07  3.5464E-10  1.2195E-11
  2.1966E-09  3.4674E-06  2.0634E-07  3.7114E-10  1.4533E-11
  1.3581E-12  4.9578E-10  1.1861E-12  1.1584E-15  1.8477E-17
  2.6389E-12  9.6488E-10  2.3088E-12  2.2550E-15  3.5969E-17
  5.4594E-12  2.0018E-09  4.7925E-12  4.6809E-15  7.4665E-17
  1.0924E-11  4.0207E-09  9.6348E-12  9.4107E-15  1.5040E-16
  2.5222E-11  9.3343E-09  2.2423E-11  2.1903E-14  3.4964E-16
  6.0530E-11  2.2615E-08  5.4656E-11  5.3394E-14  8.5188E-16
  1.8118E-10  6.9963E-08  1.7256E-10  1.6864E-13  2.6910E-15
  5.0685E-10  2.1444E-07  5.6005E-10  5.4794E-13  8.7507E-15
  1.2453E-09  6.4866E-07  1.9988E-09  1.9629E-12  3.1430E-14
  2.0311E-09  1.3328E-06  5.4549E-09  5.3999E-12  8.6967E-14
  2.6751E-09  2.1462E-06  1.3498E-08  1.3599E-11  2.2188E-13
  3.0271E-09  2.7381E-06  2.6961E-08  2.7969E-11  4.6674E-13
  3.2196E-09  3.1671E-06  5.1342E-08  5.6249E-11  9.8229E-13
  3.2664E-09  3.3932E-06  8.3229E-08  9.8417E-11  1.8468E-12
  3.2001E-09  3.5154E-06  1.2377E-07  1.6306E-10  3.4607E-12
  3.0322E-09  3.5484E-06  1.5709E-07  2.2943E-10  5.6571E-12
  2.7175E-09  3.5174E-06  1.8172E-07  2.9220E-10  8.6541E-12
  2.3004E-09  3.4254E-06  1.9083E-07  3.2697E-10  1.1322E-11
  5.7767E-13  2.2562E-10  6.7419E-13  6.8919E-16  1.1924E-17
  1.2146E-12  4.7471E-10  1.4186E-12  1.4503E-15  2.5092E-17
  2.5890E-12  1.0131E-09  3.0285E-12  3.0959E-15  5.3565E-17
  5.0180E-12  1.9674E-09  5.8838E-12  6.0149E-15  1.0406E-16
  1.0363E-11  4.0770E-09  1.2205E-11  1.2477E-14  2.1627E-16
  2.0762E-11  8.2078E-09  2.4617E-11  2.5167E-14  4.3578E-16
  4.8520E-11  1.9353E-08  5.8338E-11  5.9647E-14  1.0323E-15
  1.1983E-10  4.8708E-08  1.4868E-10  1.5206E-13  2.6319E-15
  3.6319E-10  1.5720E-07  5.0064E-10  5.1254E-13  8.8778E-15
  9.1010E-10  4.5346E-07  1.6103E-09  1.6531E-12  2.8693E-14
  1.7713E-09  1.1115E-06  5.0824E-09  5.2584E-12  9.1813E-14
  2.4416E-09  1.8622E-06  1.2078E-08  1.2681E-11  2.2396E-13
  2.8967E-09  2.5726E-06  2.6388E-08  2.8541E-11  5.1636E-13
  3.0950E-09  3.0194E-06  4.7844E-08  5.4171E-11  1.0198E-12
  3.1302E-09  3.3053E-06  8.1285E-08  9.9354E-11  2.0164E-12
  3.0199E-09  3.4254E-06  1.1657E-07  1.5600E-10  3.5203E-12
  2.7482E-09  3.4428E-06  1.5041E-07  2.2348E-10  5.8846E-12
  2.3648E-09  3.3680E-06  1.6894E-07  2.7246E-10  8.3886E-12
  1.7124E-13  7.1987E-11  2.7366E-13  2.9392E-16  5.5616E-18
  4.1533E-13  1.7464E-10  6.6392E-13  7.1306E-16  1.3492E-17
  1.0188E-12  4.2859E-10  1.6296E-12  1.7502E-15  3.3117E-17
  2.1575E-12  9.0824E-10  3.4541E-12  3.7098E-15  7.0195E-17
  4.6188E-12  1.9473E-09  7.4092E-12  7.9577E-15  1.5058E-16
  8.9575E-12  3.7852E-09  1.4414E-11  1.5482E-14  2.9350E-16
  1.8460E-11  7.8346E-09  2.9890E-11  3.2105E-14  6.0797E-16
  3.6962E-11  1.5792E-08  6.0467E-11  6.4955E-14  1.2295E-15
  8.7238E-11  3.7812E-08  1.4614E-10  1.5703E-13  2.9723E-15
  2.1823E-10  9.7682E-08  3.8645E-10  4.1551E-13  7.8692E-15
  6.2325E-10  3.0686E-07  1.3084E-09  1.4099E-12  2.6749E-14
  1.3228E-09  7.7075E-07  3.8761E-09  4.2002E-12  8.0042E-14
  2.1383E-09  1.5463E-06  1.0659E-08  1.1708E-11  2.2565E-13
  2.6467E-09  2.2512E-06  2.2616E-08  2.5435E-11  5.0014E-13
  2.9100E-09  2.8227E-06  4.4379E-08  5.2165E-11  1.0678E-12
  2.9273E-09  3.1317E-06  7.2609E-08  9.0773E-11  1.9777E-12
  2.7407E-09  3.2738E-06  1.0797E-07  1.4752E-10  3.5733E-12
  2.4067E-09  3.2562E-06  1.3498E-07  2.0124E-10  5.5470E-12
  4.6080E-14  2.0631E-11  9.6555E-14  1.0824E-16  2.2168E-18
  1.2647E-13  5.6625E-11  2.6501E-13  2.9708E-16  6.0843E-18
  3.5586E-13  1.5936E-10  7.4586E-13  8.3610E-16  1.7124E-17
  8.5556E-13  3.8325E-10  1.7940E-12  2.0110E-15  4.1185E-17
  2.0728E-12  9.2913E-10  4.3502E-12  4.8766E-15  9.9874E-17
  4.3404E-12  1.9476E-09  9.1229E-12  1.0227E-14  2.0946E-16
  9.2111E-12  4.1419E-09  1.9421E-11  2.1772E-14  4.4662E-16
  1.7824E-11  8.0426E-09  3.7777E-11  4.2353E-14  8.6805E-16
  3.7085E-11  1.6846E-08  7.9438E-11  8.9071E-14  1.8247E-15
  7.6530E-11  3.5165E-08  1.6711E-10  1.8741E-13  3.8398E-15
  1.9091E-10  9.0192E-08  4.3772E-10  4.9126E-13  1.0071E-14
  4.7608E-10  2.3954E-07  1.2247E-09  1.3769E-12  2.8271E-14
  1.1346E-09  6.6140E-07  3.9043E-09  4.4140E-12  9.1177E-14
  1.8766E-09  1.3163E-06  9.9464E-09  1.1376E-11  2.3731E-13
  2.4676E-09  2.0914E-06  2.2995E-08  2.6958E-11  5.7491E-13
  2.7021E-09  2.6355E-06  4.2498E-08  5.1769E-11  1.1452E-12
  2.6622E-09  2.9772E-06  7.1691E-08  9.3063E-11  2.2026E-12
  2.4055E-09  3.0717E-06  1.0002E-07  1.3995E-10  3.6375E-12
  1.2676E-14  5.9915E-12  3.3636E-14  3.9154E-17  8.6111E-19
  3.6877E-14  1.7431E-11  9.7859E-14  1.1392E-16  2.5053E-18
  1.1570E-13  5.4694E-11  3.0705E-13  3.5743E-16  7.8607E-18
  3.1105E-13  1.4705E-10  8.2557E-13  9.6103E-16  2.1135E-17
  8.5299E-13  4.0336E-10  2.2649E-12  2.6364E-15  5.7981E-17
  1.9976E-12  9.4510E-10  5.3080E-12  6.1788E-15  1.3588E-16
  4.6919E-12  2.2222E-09  1.2488E-11  1.4537E-14  3.1970E-16
  9.5909E-12  4.5507E-09  2.5599E-11  2.9801E-14  6.5631E-16
  2.0066E-11  9.5557E-09  5.3875E-11  6.2724E-14  1.3803E-15
  3.9027E-11  1.8699E-08  1.0584E-10  1.2324E-13  2.7113E-15
  8.4401E-11  4.0950E-08  2.3393E-10  2.7248E-13  5.9958E-15
  1.8606E-10  9.2463E-08  5.3841E-10  6.2761E-13  1.3819E-14
  4.7564E-10  2.5130E-07  1.5439E-09  1.8034E-12  3.9842E-14
  1.0248E-09  6.0883E-07  4.2083E-09  4.9413E-12  1.0963E-13
  1.7888E-09  1.2840E-06  1.1360E-08  1.3515E-11  3.0335E-13
  2.2940E-09  1.9665E-06  2.3930E-08  2.9137E-11  6.6829E-13
  2.4801E-09  2.5295E-06  4.5523E-08  5.7835E-11  1.3848E-12
  2.3476E-09  2.7870E-06  7.0241E-08  9.4463E-11  2.4127E-12
  4.5511E-15  2.2542E-12  1.4868E-14  1.7900E-17  4.2015E-19
  1.2185E-14  6.0363E-12  3.9814E-14  4.7932E-17  1.1251E-18
  3.8162E-14  1.8906E-11  1.2470E-13  1.5012E-16  3.5237E-18
  1.0908E-13  5.4041E-11  3.5646E-13  4.2914E-16  1.0072E-17
  3.3184E-13  1.6442E-10  1.0846E-12  1.3058E-15  3.0647E-17
  8.5964E-13  4.2604E-10  2.8106E-12  3.3837E-15  7.9418E-17
  2.2580E-12  1.1197E-09  7.3887E-12  8.8954E-15  2.0878E-16
  5.0696E-12  2.5163E-09  1.6616E-11  2.0004E-14  4.7048E-16
  1.1401E-11  5.6704E-09  3.7494E-11  4.5144E-14  1.0606E-15
  2.2699E-11  1.1330E-08  7.5106E-11  9.0440E-14  2.1237E-15
  4.7414E-11  2.3838E-08  1.5885E-10  1.9133E-13  4.4926E-15
  9.5634E-11  4.8685E-08  3.2766E-10  3.9482E-13  9.2737E-15
  2.2273E-10  1.1666E-07  8.0437E-10  9.7024E-13  2.2812E-14
  5.0005E-10  2.7716E-07  2.0136E-09  2.4346E-12  5.7429E-14
  1.0838E-09  6.8025E-07  5.6312E-09  6.8534E-12  1.6258E-13
  1.7215E-09  1.2789E-06  1.3172E-08  1.6246E-11  3.9026E-13
  2.1665E-09  1.9659E-06  2.8195E-08  3.5750E-11  8.8258E-13
  2.2132E-09  2.3956E-06  4.7821E-08  6.3158E-11  1.6294E-12
