T(K)  p(mbar)  mu(amu)  mean cp(kJ/kg/K)
       75.000000    0.0010000000       2.3609901       12.821401
       75.000000    0.0030000000       2.3609901       12.821401
       75.000000     0.010000000       2.3609901       12.821401
       75.000000     0.030000000       2.3609901       12.821401
       75.000000      0.10000000       2.3609901       12.821401
       75.000000      0.30000000       2.3609901       12.821401
       75.000000       1.0000000       2.3609901       12.821401
       75.000000       3.0000000       2.3609901       12.821401
       75.000000       10.000000       2.3609901       12.821401
       75.000000       30.000000       2.3609901       12.821401
       75.000000       100.00000       2.3609901       12.821401
       75.000000       300.00000       2.3609901       12.821401
       75.000000       1000.0000       2.3609901       12.821401
       75.000000       3000.0000       2.3609901       12.821401
       75.000000       10000.000       2.3527585       12.883428
       100.00000    0.0010000000       2.3673844       12.341589
       100.00000    0.0030000000       2.3661282       12.341589
       100.00000     0.010000000       2.3625319       12.341589
       100.00000     0.030000000       2.3615040       12.341589
       100.00000      0.10000000       2.3611443       12.341589
       100.00000      0.30000000       2.3610415       12.341589
       100.00000       1.0000000       2.3610055       12.341589
       100.00000       3.0000000       2.3609952       12.341589
       100.00000       10.000000       2.3609916       12.341589
       100.00000       30.000000       2.3609906       12.341589
       100.00000       100.00000       2.3609902       12.341589
       100.00000       300.00000       2.3609901       12.341589
       100.00000       1000.0000       2.3609901       12.341589
       100.00000       3000.0000       2.3609901       12.341589
       100.00000       10000.000       2.3609901       12.341589
       100.00000       30000.000       2.3609901       12.341589
       110.00000    0.0010000000       2.3673839       12.281766
       110.00000    0.0030000000       2.3673845       12.281765
       110.00000     0.010000000       2.3673838       12.281766
       110.00000     0.030000000       2.3673844       12.281765
       110.00000      0.10000000       2.3652709       12.281766
       110.00000      0.30000000       2.3624175       12.281765
       110.00000       1.0000000       2.3614177       12.281766
       110.00000       3.0000000       2.3611328       12.281765
       110.00000       10.000000       2.3610322       12.281766
       110.00000       30.000000       2.3610043       12.281765
       110.00000       100.00000       2.3609937       12.281766
       110.00000       300.00000       2.3609915       12.281765
       110.00000       1000.0000       2.3609898       12.281766
       110.00000       3000.0000       2.3609902       12.281765
       110.00000       10000.000       2.3609894       12.281766
       110.00000       30000.000       2.3609901       12.281765
       110.00000       100000.00       2.3609894       12.281766
       120.00000    0.0010000000       2.3673947       12.283274
       120.00000    0.0030000000       2.3673878       12.283274
       120.00000     0.010000000       2.3673854       12.283274
       120.00000     0.030000000       2.3673848       12.283274
       120.00000      0.10000000       2.3673845       12.283274
       120.00000      0.30000000       2.3673845       12.283274
       120.00000       1.0000000       2.3673844       12.283274
       120.00000       3.0000000       2.3632681       12.283274
       120.00000       10.000000       2.3616736       12.283274
       120.00000       30.000000       2.3612179       12.283274
       120.00000       100.00000       2.3610584       12.283274
       120.00000       300.00000       2.3610128       12.283274
       120.00000       1000.0000       2.3609969       12.283274
       120.00000       3000.0000       2.3609923       12.283274
       120.00000       10000.000       2.3609907       12.283274
       120.00000       30000.000       2.3609903       12.283274
       120.00000       100000.00       2.3609901       12.283274
       130.00000    0.0010000000       2.3677449       12.336668
       130.00000    0.0030000000       2.3675046       12.336676
       130.00000     0.010000000       2.3674205       12.336678
       130.00000     0.030000000       2.3673964       12.336679
       130.00000      0.10000000       2.3673880       12.336679
       130.00000      0.30000000       2.3673856       12.336679
       130.00000       1.0000000       2.3673848       12.336679
       130.00000       3.0000000       2.3673845       12.336679
       130.00000       10.000000       2.3673844       12.336679
       130.00000       30.000000       2.3633643       12.336679
       130.00000       100.00000       2.3617024       12.336679
       130.00000       300.00000       2.3612275       12.336679
       130.00000       1000.0000       2.3610613       12.336679
       130.00000       3000.0000       2.3610138       12.336679
       130.00000       10000.000       2.3609972       12.336679
       130.00000       30000.000       2.3609924       12.336679
       130.00000       100000.00       2.3609908       12.336679
       140.00000    0.0010000000       2.3699880       12.432224
       140.00000    0.0030000000       2.3699271       12.432438
       140.00000     0.010000000       2.3681473       12.432513
       140.00000     0.030000000       2.3676387       12.432534
       140.00000      0.10000000       2.3674607       12.432542
       140.00000      0.30000000       2.3674098       12.432544
       140.00000       1.0000000       2.3673920       12.432545
       140.00000       3.0000000       2.3673870       12.432545
       140.00000       10.000000       2.3673852       12.432545
       140.00000       30.000000       2.3673847       12.432545
       140.00000       100.00000       2.3662999       12.432545
       140.00000       300.00000       2.3627604       12.432545
       140.00000       1000.0000       2.3615212       12.432545
       140.00000       3000.0000       2.3611671       12.432545
       140.00000       10000.000       2.3610432       12.432545
       140.00000       30000.000       2.3610078       12.432545
       140.00000       100000.00       2.3609954       12.432545
       150.00000    0.0010000000       2.3707965       12.555292
       150.00000    0.0030000000       2.3702274       12.559387
       150.00000     0.010000000       2.3700282       12.560821
       150.00000     0.030000000       2.3699713       12.561230
       150.00000      0.10000000       2.3684596       12.561374
       150.00000      0.30000000       2.3677428       12.561415
       150.00000       1.0000000       2.3674919       12.561429
       150.00000       3.0000000       2.3674203       12.561433
       150.00000       10.000000       2.3673952       12.561435
       150.00000       30.000000       2.3673880       12.561435
       150.00000       100.00000       2.3673855       12.561435
       150.00000       300.00000       2.3673848       12.561435
       150.00000       1000.0000       2.3640194       12.561435
       150.00000       3000.0000       2.3620000       12.561435
       150.00000       10000.000       2.3612931       12.561435
       150.00000       30000.000       2.3610911       12.561435
       150.00000       100000.00       2.3610204       12.561435
       160.00000    0.0010000000       2.3810707       12.632901
       160.00000    0.0030000000       2.3736252       12.686790
       160.00000     0.010000000       2.3710204       12.705776
       160.00000     0.030000000       2.3702794       12.711212
       160.00000      0.10000000       2.3700469       12.713101
       160.00000      0.30000000       2.3699801       12.713642
       160.00000       1.0000000       2.3684738       12.713832
       160.00000       3.0000000       2.3677476       12.713887
       160.00000       10.000000       2.3674934       12.713906
       160.00000       30.000000       2.3674207       12.713911
       160.00000       100.00000       2.3673953       12.713913
       160.00000       300.00000       2.3673881       12.713914
       160.00000       1000.0000       2.3673855       12.713914
       160.00000       3000.0000       2.3656231       12.713914
       160.00000       10000.000       2.3623803       12.713914
       160.00000       30000.000       2.3614535       12.713914
       160.00000       100000.00       2.3611291       12.713914
       170.00000    0.0010000000       2.4105013       12.586771
       170.00000    0.0030000000       2.4058780       12.619507
       170.00000     0.010000000       2.3807103       12.800927
       170.00000     0.030000000       2.3735049       12.853892
       170.00000      0.10000000       2.3709813       12.872552
       170.00000      0.30000000       2.3702603       12.877895
       170.00000       1.0000000       2.3700113       12.879764
       170.00000       3.0000000       2.3699663       12.880293
       170.00000       10.000000       2.3682254       12.880465
       170.00000       30.000000       2.3676641       12.880519
       170.00000       100.00000       2.3674685       12.880537
       170.00000       300.00000       2.3674118       12.880543
       170.00000       1000.0000       2.3673928       12.880545
       170.00000       3000.0000       2.3673865       12.880545
       170.00000       10000.000       2.3663213       12.880545
       170.00000       30000.000       2.3627669       12.880546
       170.00000       100000.00       2.3615234       12.880545
       180.00000    0.0010000000       2.4105074       12.753539
       180.00000    0.0030000000       2.4105090       12.753528
       180.00000     0.010000000       2.4105090       12.753528
       180.00000     0.030000000       2.3969774       12.851353
       180.00000      0.10000000       2.3780373       12.990980
       180.00000      0.30000000       2.3726177       13.031527
       180.00000       1.0000000       2.3707233       13.045788
       180.00000       3.0000000       2.3701811       13.049869
       180.00000       10.000000       2.3699954       13.051296
       180.00000       30.000000       2.3691082       13.051700
       180.00000       100.00000       2.3679095       13.051828
       180.00000       300.00000       2.3675678       13.051867
       180.00000       1000.0000       2.3674469       13.051882
       180.00000       3000.0000       2.3674125       13.051886
       180.00000       10000.000       2.3674003       13.051887
       180.00000       30000.000       2.3668717       13.051887
       180.00000       100000.00       2.3627624       13.051888
       190.00000    0.0010000000       2.4105317       12.915681
       190.00000    0.0030000000       2.4105325       12.915671
       190.00000     0.010000000       2.4105317       12.915681
       190.00000     0.030000000       2.4105325       12.915671
       190.00000      0.10000000       2.4105332       12.915670
       190.00000      0.30000000       2.3864006       13.093871
       190.00000       1.0000000       2.3748739       13.180841
       190.00000       3.0000000       2.3715763       13.205941
       190.00000       10.000000       2.3704264       13.214749
       190.00000       30.000000       2.3701001       13.217267
       190.00000       100.00000       2.3700172       13.218131
       190.00000       300.00000       2.3682973       13.218378
       190.00000       1000.0000       2.3676835       13.218466
       190.00000       3000.0000       2.3675073       13.218493
       190.00000       10000.000       2.3674465       13.218500
       190.00000       30000.000       2.3674283       13.218502
       190.00000       100000.00       2.3661574       13.218503
       200.00000    0.0010000000       2.4105310       13.064076
       200.00000    0.0030000000       2.4105333       13.064066
       200.00000     0.010000000       2.4105325       13.064068
       200.00000     0.030000000       2.4105332       13.064067
       200.00000      0.10000000       2.4105310       13.064079
       200.00000      0.30000000       2.4105332       13.064069
       200.00000       1.0000000       2.3950022       13.179695
       200.00000       3.0000000       2.3782955       13.306520
       200.00000       10.000000       2.3724422       13.351582
       200.00000       30.000000       2.3707723       13.364523
       200.00000       100.00000       2.3702182       13.369039
       200.00000       300.00000       2.3700620       13.370330
       200.00000       1000.0000       2.3685584       13.370785
       200.00000       3000.0000       2.3677992       13.370923
       200.00000       10000.000       2.3675334       13.370960
       200.00000       30000.000       2.3674575       13.370971
       200.00000       100000.00       2.3674309       13.370974
       210.00000    0.0010000000       2.4105321       13.191903
       210.00000    0.0030000000       2.4105310       13.191940
       210.00000     0.010000000       2.4105325       13.191931
       210.00000     0.030000000       2.4105325       13.191932
       210.00000      0.10000000       2.4105309       13.191944
       210.00000      0.30000000       2.4105325       13.191934
       210.00000       1.0000000       2.4105309       13.191949
       210.00000       3.0000000       2.4062509       13.223977
       210.00000       10.000000       2.3808466       13.417436
       210.00000       30.000000       2.3735745       13.473940
       210.00000       100.00000       2.3710599       13.493817
       210.00000       300.00000       2.3703423       13.499512
       210.00000       1000.0000       2.3700875       13.501514
       210.00000       3000.0000       2.3688483       13.502121
       210.00000       10000.000       2.3678482       13.502283
       210.00000       30000.000       2.3675624       13.502329
       210.00000       100000.00       2.3674624       13.502345
       220.00000    0.0010000000       2.4105279       13.301930
       220.00000    0.0030000000       2.4105318       13.302185
       220.00000     0.010000000       2.4105316       13.302226
       220.00000     0.030000000       2.4105325       13.302217
       220.00000      0.10000000       2.4105317       13.302228
       220.00000      0.30000000       2.4105325       13.302220
       220.00000       1.0000000       2.4105333       13.302222
       220.00000       3.0000000       2.4105325       13.302241
       220.00000       10.000000       2.4105372       13.302258
       220.00000       30.000000       2.3837759       13.507184
       220.00000       100.00000       2.3741171       13.582942
       220.00000       300.00000       2.3713600       13.604766
       220.00000       1000.0000       2.3703938       13.612448
       220.00000       3000.0000       2.3701168       13.614777
       220.00000       10000.000       2.3688503       13.615403
       220.00000       30000.000       2.3678965       13.615579
       220.00000       100000.00       2.3675626       13.615640
       230.00000    0.0010000000       2.4104725       13.398038
       230.00000    0.0030000000       2.4105322       13.399899
       230.00000     0.010000000       2.4105313       13.400156
       230.00000     0.030000000       2.4105333       13.400165
       230.00000      0.10000000       2.4105332       13.400168
       230.00000      0.30000000       2.4105332       13.400170
       230.00000       1.0000000       2.4105332       13.400174
       230.00000       3.0000000       2.4105332       13.400191
       230.00000       10.000000       2.4105333       13.400215
       230.00000       30.000000       2.4105410       13.400383
       230.00000       100.00000       2.3840279       13.605200
       230.00000       300.00000       2.3746660       13.679143
       230.00000       1000.0000       2.3713860       13.705318
       230.00000       3000.0000       2.3704482       13.713264
       230.00000       10000.000       2.3701191       13.715405
       230.00000       30000.000       2.3688543       13.716007
       230.00000       100000.00       2.3678498       13.716218
       240.00000    0.0010000000       2.4102916       13.477975
       240.00000    0.0030000000       2.4105017       13.486127
       240.00000     0.010000000       2.4105332       13.487662
       240.00000     0.030000000       2.4105307       13.487827
       240.00000      0.10000000       2.4105324       13.487833
       240.00000      0.30000000       2.4105311       13.487848
       240.00000       1.0000000       2.4105325       13.487840
       240.00000       3.0000000       2.4105326       13.487857
       240.00000       10.000000       2.4105326       13.487881
       240.00000       30.000000       2.4105366       13.488054
       240.00000       100.00000       2.4105703       13.488241
       240.00000       300.00000       2.3843218       13.692521
       240.00000       1000.0000       2.3742852       13.772557
       240.00000       3000.0000       2.3714142       13.796984
       240.00000       10000.000       2.3704090       13.803593
       240.00000       30000.000       2.3701218       13.805452
       240.00000       100000.00       2.3686005       13.806102
       250.00000    0.0010000000       2.4099679       13.541604
       250.00000    0.0030000000       2.4103422       13.556488
       250.00000     0.010000000       2.4105194       13.563106
       250.00000     0.030000000       2.4105334       13.563961
       250.00000      0.10000000       2.4105346       13.564064
       250.00000      0.30000000       2.4105316       13.564080
       250.00000       1.0000000       2.4105325       13.564073
       250.00000       3.0000000       2.4105332       13.564090
       250.00000       10.000000       2.4105310       13.564126
       250.00000       30.000000       2.4105372       13.564287
       250.00000       100.00000       2.4105702       13.564474
       250.00000       300.00000       2.4100530       13.569452
       250.00000       1000.0000       2.3820236       13.789923
       250.00000       3000.0000       2.3739954       13.858248
       250.00000       10000.000       2.3711836       13.876847
       250.00000       30000.000       2.3703800       13.882086
       250.00000       100000.00       2.3700988       13.883920
       260.00000    0.0010000000       2.4095552       13.597170
       260.00000    0.0030000000       2.4100590       13.609625
       260.00000     0.010000000       2.4104353       13.624034
       260.00000     0.030000000       2.4105272       13.627797
       260.00000      0.10000000       2.4105359       13.628310
       260.00000      0.30000000       2.4105361       13.628362
       260.00000       1.0000000       2.4105325       13.628376
       260.00000       3.0000000       2.4105325       13.628394
       260.00000       10.000000       2.4105325       13.628417
       260.00000       30.000000       2.4105364       13.628591
       260.00000       100.00000       2.4105664       13.628782
       260.00000       300.00000       2.4105802       13.629684
       260.00000       1000.0000       2.4010788       13.707481
       260.00000       3000.0000       2.3803591       13.882203
       260.00000       10000.000       2.3730938       13.930342
       260.00000       30000.000       2.3710170       13.943955
       260.00000       100000.00       2.3702898       13.948727
       260.00000       300000.00       2.3697713       13.950091
       270.00000    0.0010000000       2.4087932       13.651363
       270.00000    0.0030000000       2.4096975       13.654989
       270.00000     0.010000000       2.4102210       13.670787
       270.00000     0.030000000       2.4104784       13.680891
       270.00000      0.10000000       2.4105383       13.683137
       270.00000      0.30000000       2.4105403       13.683357
       270.00000       1.0000000       2.4105370       13.683391
       270.00000       3.0000000       2.4105317       13.683429
       270.00000       10.000000       2.4105354       13.683447
       270.00000       30.000000       2.4105372       13.683614
       270.00000       100.00000       2.4105650       13.683817
       270.00000       300.00000       2.4105801       13.684708
       270.00000       1000.0000       2.4105895       13.689904
       270.00000       3000.0000       2.3949679       13.842752
       270.00000       10000.000       2.3774835       13.957932
       270.00000       30000.000       2.3724814       13.990795
       270.00000       100000.00       2.3707291       14.002344
       270.00000       300000.00       2.3702291       14.005649
       275.00000    0.0010000000       2.4082755       13.678251
       275.00000    0.0030000000       2.4094440       13.677539
       275.00000     0.010000000       2.4100741       13.690636
       275.00000     0.030000000       2.4104340       13.703832
       275.00000      0.10000000       2.4105321       13.707987
       275.00000      0.30000000       2.4105380       13.708446
       275.00000       1.0000000       2.4105354       13.708508
       275.00000       3.0000000       2.4105371       13.708518
       275.00000       10.000000       2.4105355       13.708554
       275.00000       30.000000       2.4105372       13.708721
       275.00000       100.00000       2.4105650       13.708925
       275.00000       300.00000       2.4105816       13.709804
       275.00000       1000.0000       2.4105895       13.715011
       275.00000       3000.0000       2.4075216       13.787088
       275.00000       10000.000       2.3812601       13.958855
       275.00000       30000.000       2.3737407       14.008230
       275.00000       100000.00       2.3711072       14.025620
       275.00000       300000.00       2.3703546       14.030602
       280.00000    0.0010000000       2.4078607       13.703940
       280.00000    0.0030000000       2.4090858       13.700823
       280.00000     0.010000000       2.4099147       13.709642
       280.00000     0.030000000       2.4103442       13.724524
       280.00000      0.10000000       2.4105059       13.731458
       280.00000      0.30000000       2.4105407       13.732356
       280.00000       1.0000000       2.4105398       13.732462
       280.00000       3.0000000       2.4105370       13.732494
       280.00000       10.000000       2.4105363       13.732519
       280.00000       30.000000       2.4105372       13.732697
       280.00000       100.00000       2.4105466       13.732895
       280.00000       300.00000       2.4105794       13.733792
       280.00000       1000.0000       2.4105895       13.738987
       280.00000       3000.0000       2.4105896       13.791446
       280.00000       10000.000       2.3857931       13.953679
       280.00000       30000.000       2.3752535       14.022805
       280.00000       100000.00       2.3715612       14.047219
       280.00000       300000.00       2.3705059       14.054219
       290.00000    0.0010000000       2.4074506       13.749497
       290.00000    0.0030000000       2.4081643       13.747383
       290.00000     0.010000000       2.4094740       13.747219
       290.00000     0.030000000       2.4100936       13.759730
       290.00000      0.10000000       2.4104596       13.773115
       290.00000      0.30000000       2.4105399       13.776183
       290.00000       1.0000000       2.4105422       13.776592
       290.00000       3.0000000       2.4105391       13.776653
       290.00000       10.000000       2.4105348       13.776686
       290.00000       30.000000       2.4105410       13.776847
       290.00000       100.00000       2.4105464       13.777050
       290.00000       300.00000       2.4105793       13.777948
       290.00000       1000.0000       2.4105895       13.783142
       290.00000       3000.0000       2.4105895       13.835601
       290.00000       10000.000       2.3999832       13.906472
       290.00000       30000.000       2.3799951       14.036675
       290.00000       100000.00       2.3729836       14.083055
       290.00000       300000.00       2.3709801       14.096390
       300.00000    0.0010000000       2.4091956       13.771946
       300.00000    0.0030000000       2.4092273       13.773396
       300.00000     0.010000000       2.4093440       13.778105
       300.00000     0.030000000       2.4095816       13.788720
       300.00000      0.10000000       2.4100135       13.805805
       300.00000      0.30000000       2.4101930       13.813529
       300.00000       1.0000000       2.4102233       13.814918
       300.00000       3.0000000       2.4102257       13.815068
       300.00000       10.000000       2.4102259       13.815107
       300.00000       30.000000       2.4102260       13.815286
       300.00000       100.00000       2.4102260       13.815507
       300.00000       300.00000       2.4102260       13.816436
       300.00000       1000.0000       2.4102260       13.821648
       300.00000       3000.0000       2.4102260       13.874039
       300.00000       10000.000       2.4102260       13.877052
       300.00000       30000.000       2.3878538       14.021691
       300.00000       100000.00       2.3751238       14.105708
       300.00000       300000.00       2.3714827       14.129987
       310.00000    0.0010000000       2.4091873       13.802391
       310.00000    0.0030000000       2.4092042       13.803221
       310.00000     0.010000000       2.4092650       13.805946
       310.00000     0.030000000       2.4094264       13.812802
       310.00000      0.10000000       2.4098055       13.828327
       310.00000      0.30000000       2.4101145       13.841556
       310.00000       1.0000000       2.4101956       13.845494
       310.00000       3.0000000       2.4102249       13.845923
       310.00000       10.000000       2.4102258       13.845996
       310.00000       30.000000       2.4102259       13.846179
       310.00000       100.00000       2.4102259       13.846401
       310.00000       300.00000       2.4102260       13.847329
       310.00000       1000.0000       2.4102259       13.852542
       310.00000       3000.0000       2.4102260       13.904932
       310.00000       10000.000       2.4102259       13.907945
       310.00000       30000.000       2.4014776       13.964201
       310.00000       100000.00       2.3792200       14.110003
       310.00000       300000.00       2.3728490       14.152480
       320.00000    0.0010000000       2.4091835       13.827744
       320.00000    0.0030000000       2.4091946       13.828226
       320.00000     0.010000000       2.4092290       13.829828
       320.00000     0.030000000       2.4093330       13.834091
       320.00000      0.10000000       2.4096143       13.845722
       320.00000      0.30000000       2.4099827       13.861556
       320.00000       1.0000000       2.4101945       13.870169
       320.00000       3.0000000       2.4102228       13.871430
       320.00000       10.000000       2.4102257       13.871605
       320.00000       30.000000       2.4102258       13.871798
       320.00000       100.00000       2.4102261       13.872019
       320.00000       300.00000       2.4102259       13.872949
       320.00000       1000.0000       2.4102260       13.878160
       320.00000       3000.0000       2.4102259       13.930552
       320.00000       10000.000       2.4102260       13.933564
       320.00000       30000.000       2.4102259       13.933531
       320.00000       100000.00       2.3858097       14.092362
       320.00000       300000.00       2.3750481       14.163917
       330.00000    0.0010000000       2.4091823       13.850231
       330.00000    0.0030000000       2.4091875       13.850511
       330.00000     0.010000000       2.4092076       13.851487
       330.00000     0.030000000       2.4092656       13.854104
       330.00000      0.10000000       2.4094661       13.862057
       330.00000      0.30000000       2.4098075       13.876655
       330.00000       1.0000000       2.4101317       13.890584
       330.00000       3.0000000       2.4101958       13.893798
       330.00000       10.000000       2.4102258       13.894238
       330.00000       30.000000       2.4102258       13.894457
       330.00000       100.00000       2.4102265       13.894681
       330.00000       300.00000       2.4102259       13.895612
       330.00000       1000.0000       2.4102266       13.900823
       330.00000       3000.0000       2.4102259       13.953214
       330.00000       10000.000       2.4102266       13.956226
       330.00000       30000.000       2.4102259       13.956193
       330.00000       100000.00       2.3960850       14.047643
       330.00000       300000.00       2.3784789       14.164009
       340.00000    0.0010000000       2.4091816       13.870558
       340.00000    0.0030000000       2.4091845       13.870730
       340.00000     0.010000000       2.4091979       13.871329
       340.00000     0.030000000       2.4092323       13.872964
       340.00000      0.10000000       2.4093616       13.878206
       340.00000      0.30000000       2.4096164       13.889675
       340.00000       1.0000000       2.4100240       13.906711
       340.00000       3.0000000       2.4101982       13.913468
       340.00000       10.000000       2.4102245       13.914616
       340.00000       30.000000       2.4102256       13.914902
       340.00000       100.00000       2.4102266       13.915133
       340.00000       300.00000       2.4102259       13.916065
       340.00000       1000.0000       2.4102266       13.921276
       340.00000       3000.0000       2.4102259       13.973667
       340.00000       10000.000       2.4102266       13.976679
       340.00000       30000.000       2.4102259       13.976646
       340.00000       100000.00       2.4102266       13.976203
       340.00000       300000.00       2.3836805       14.149973
       350.00000    0.0010000000       2.4091810       13.887892
       350.00000    0.0030000000       2.4091827       13.887999
       350.00000     0.010000000       2.4091895       13.888369
       350.00000     0.030000000       2.4092106       13.889421
       350.00000      0.10000000       2.4092839       13.892832
       350.00000      0.30000000       2.4094916       13.901157
       350.00000       1.0000000       2.4098777       13.917910
       350.00000       3.0000000       2.4101459       13.929164
       350.00000       10.000000       2.4101996       13.931871
       350.00000       30.000000       2.4102259       13.932304
       350.00000       100.00000       2.4102259       13.932556
       350.00000       300.00000       2.4102265       13.933488
       350.00000       1000.0000       2.4102260       13.938700
       350.00000       3000.0000       2.4102266       13.991091
       350.00000       10000.000       2.4102260       13.994104
       350.00000       30000.000       2.4102266       13.994069
       350.00000       100000.00       2.4102260       13.993628
       350.00000       300000.00       2.3913655       14.116422
       375.00000    0.0010000000       2.4091804       13.917617
       375.00000    0.0030000000       2.4091811       13.917654
       375.00000     0.010000000       2.4091833       13.917780
       375.00000     0.030000000       2.4091898       13.918139
       375.00000      0.10000000       2.4092175       13.919376
       375.00000      0.30000000       2.4092851       13.922678
       375.00000       1.0000000       2.4095222       13.932308
       375.00000       3.0000000       2.4098831       13.947959
       375.00000       10.000000       2.4101546       13.959631
       375.00000       30.000000       2.4101997       13.961916
       375.00000       100.00000       2.4102254       13.962387
       375.00000       300.00000       2.4102259       13.963325
       375.00000       1000.0000       2.4102260       13.968448
       375.00000       3000.0000       2.4102260       14.019790
       375.00000       10000.000       2.4102260       14.022972
       375.00000       30000.000       2.4102260       14.023999
       375.00000       100000.00       2.4102260       14.023597
       375.00000       300000.00       2.4102260       14.022478
       400.00000    0.0010000000       2.4091758       13.938259
       400.00000    0.0030000000       2.4091756       13.938277
       400.00000     0.010000000       2.4091767       13.938324
       400.00000     0.030000000       2.4091789       13.938464
       400.00000      0.10000000       2.4091910       13.938941
       400.00000      0.30000000       2.4092211       13.940272
       400.00000       1.0000000       2.4093254       13.944637
       400.00000       3.0000000       2.4095550       13.954696
       400.00000       10.000000       2.4099660       13.972075
       400.00000       30.000000       2.4101664       13.980994
       400.00000       100.00000       2.4102024       13.982857
       400.00000       300.00000       2.4102208       13.983746
       400.00000       1000.0000       2.4102213       13.987683
       400.00000       3000.0000       2.4102212       14.025329
       400.00000       10000.000       2.4102213       14.030725
       400.00000       30000.000       2.4102212       14.045589
       400.00000       100000.00       2.4102213       14.045711
       400.00000       300000.00       2.4102212       14.044280
       425.00000    0.0010000000       2.4091751       13.951952
       425.00000    0.0030000000       2.4091764       13.951949
       425.00000     0.010000000       2.4091759       13.951976
       425.00000     0.030000000       2.4091768       13.952037
       425.00000      0.10000000       2.4091805       13.952243
       425.00000      0.30000000       2.4091943       13.952825
       425.00000       1.0000000       2.4092372       13.954780
       425.00000       3.0000000       2.4093620       13.959938
       425.00000       10.000000       2.4096708       13.973202
       425.00000       30.000000       2.4100421       13.988837
       425.00000       100.00000       2.4101825       13.995718
       425.00000       300.00000       2.4102192       13.997119
       425.00000       1000.0000       2.4102218       13.999982
       425.00000       3000.0000       2.4102212       14.024805
       425.00000       10000.000       2.4102220       14.032376
       425.00000       30000.000       2.4102212       14.060144
       425.00000       100000.00       2.4102220       14.060786
       425.00000       300000.00       2.4102212       14.059034
       450.00000    0.0010000000       2.4091401       13.960572
       450.00000    0.0030000000       2.4091730       13.960484
       450.00000     0.010000000       2.4091771       13.960465
       450.00000     0.030000000       2.4091761       13.960504
       450.00000      0.10000000       2.4091778       13.960600
       450.00000      0.30000000       2.4091826       13.960875
       450.00000       1.0000000       2.4092045       13.961803
       450.00000       3.0000000       2.4092593       13.964374
       450.00000       10.000000       2.4094359       13.972191
       450.00000       30.000000       2.4097948       13.986772
       450.00000       100.00000       2.4101246       14.001208
       450.00000       300.00000       2.4101922       14.005007
       450.00000       1000.0000       2.4102204       14.007118
       450.00000       3000.0000       2.4102212       14.019897
       450.00000       10000.000       2.4102211       14.029589
       450.00000       30000.000       2.4102213       14.069458
       450.00000       100000.00       2.4102212       14.070610
       450.00000       300000.00       2.4102213       14.068535
       475.00000    0.0010000000       2.4088777       13.967878
       475.00000    0.0030000000       2.4091304       13.966604
       475.00000     0.010000000       2.4091736       13.966461
       475.00000     0.030000000       2.4091750       13.966469
       475.00000      0.10000000       2.4091767       13.966512
       475.00000      0.30000000       2.4091791       13.966649
       475.00000       1.0000000       2.4091908       13.967124
       475.00000       3.0000000       2.4092201       13.968443
       475.00000       10.000000       2.4093246       13.972772
       475.00000       30.000000       2.4095520       13.982799
       475.00000       100.00000       2.4099634       14.000241
       475.00000       300.00000       2.4101657       14.009416
       475.00000       1000.0000       2.4102016       14.012210
       475.00000       3000.0000       2.4102208       14.018975
       475.00000       10000.000       2.4102212       14.028646
       475.00000       30000.000       2.4102213       14.069104
       475.00000       100000.00       2.4102212       14.079639
       475.00000       300000.00       2.4102212       14.077396
       500.00000    0.0010000000       2.4070500       13.982831
       500.00000    0.0030000000       2.4087691       13.975130
       500.00000     0.010000000       2.4091254       13.973473
       500.00000     0.030000000       2.4091570       13.973316
       500.00000      0.10000000       2.4091758       13.973330
       500.00000      0.30000000       2.4091775       13.973401
       500.00000       1.0000000       2.4091818       13.973659
       500.00000       3.0000000       2.4091980       13.974380
       500.00000       10.000000       2.4092480       13.976790
       500.00000       30.000000       2.4093951       13.982978
       500.00000       100.00000       2.4097530       13.997814
       500.00000       300.00000       2.4100905       14.012407
       500.00000       1000.0000       2.4101891       14.018007
       500.00000       3000.0000       2.4102198       14.020365
       500.00000       10000.000       2.4102211       14.029627
       500.00000       30000.000       2.4102212       14.068556
       500.00000       100000.00       2.4102213       14.090230
       500.00000       300000.00       2.4102212       14.087362
       575.00000    0.0010000000       2.4021391       14.033809
       575.00000    0.0030000000       2.4024673       14.032570
       575.00000     0.010000000       2.4043187       14.025695
       575.00000     0.030000000       2.4073002       14.014441
       575.00000      0.10000000       2.4089145       14.008295
       575.00000      0.30000000       2.4091321       14.007440
       575.00000       1.0000000       2.4091749       14.007382
       575.00000       3.0000000       2.4091810       14.007514
       575.00000       10.000000       2.4091928       14.008046
       575.00000       30.000000       2.4092239       14.009502
       575.00000       100.00000       2.4093182       14.014216
       575.00000       300.00000       2.4095739       14.024902
       575.00000       1000.0000       2.4099874       14.042599
       575.00000       3000.0000       2.4101870       14.051522
       575.00000       10000.000       2.4102191       14.056738
       575.00000       30000.000       2.4102209       14.071461
       575.00000       100000.00       2.4102219       14.135600
       575.00000       300000.00       2.4102212       14.184228
       650.00000    0.0010000000       2.4021047       14.063288
       650.00000    0.0030000000       2.4021025       14.063301
       650.00000     0.010000000       2.4021181       14.063244
       650.00000     0.030000000       2.4022970       14.062661
       650.00000      0.10000000       2.4035930       14.058537
       650.00000      0.30000000       2.4064961       14.049155
       650.00000       1.0000000       2.4087285       14.042004
       650.00000       3.0000000       2.4091148       14.040777
       650.00000       10.000000       2.4091758       14.040775
       650.00000       30.000000       2.4091714       14.041200
       650.00000       100.00000       2.4092221       14.042664
       650.00000       300.00000       2.4093182       14.046619
       650.00000       1000.0000       2.4095635       14.057738
       650.00000       3000.0000       2.4099497       14.074208
       650.00000       10000.000       2.4101687       14.085758
       650.00000       30000.000       2.4101981       14.093276
       650.00000       100000.00       2.4102208       14.140175
       650.00000       300000.00       2.4102213       14.426490
       725.00000    0.0010000000       2.4024820       14.115134
       725.00000    0.0030000000       2.4022325       14.115139
       725.00000     0.010000000       2.4021393       14.115135
       725.00000     0.030000000       2.4021154       14.115116
       725.00000      0.10000000       2.4021359       14.115024
       725.00000      0.30000000       2.4023952       14.114339
       725.00000       1.0000000       2.4040340       14.109886
       725.00000       3.0000000       2.4070732       14.101657
       725.00000       10.000000       2.4088555       14.096794
       725.00000       30.000000       2.4091320       14.096222
       725.00000       100.00000       2.4091711       14.096696
       725.00000       300.00000       2.4092264       14.098228
       725.00000       1000.0000       2.4093446       14.103260
       725.00000       3000.0000       2.4095909       14.114554
       725.00000       10000.000       2.4099988       14.133001
       725.00000       30000.000       2.4101897       14.143674
       725.00000       100000.00       2.4102187       14.167890
       725.00000       300000.00       2.4102208       14.364803
       800.00000    0.0010000000       2.4025345       14.199992
       800.00000    0.0030000000       2.4025346       14.199991
       800.00000     0.010000000       2.4025345       14.199992
       800.00000     0.030000000       2.4025322       14.200010
       800.00000      0.10000000       2.4023675       14.200015
       800.00000      0.30000000       2.4022017       14.199978
       800.00000       1.0000000       2.4022222       14.199781
       800.00000       3.0000000       2.4029059       14.198195
       800.00000       10.000000       2.4055949       14.192060
       800.00000       30.000000       2.4082530       14.186054
       800.00000       100.00000       2.4090810       14.184444
       800.00000       300.00000       2.4091868       14.184944
       800.00000       1000.0000       2.4092446       14.187296
       800.00000       3000.0000       2.4093841       14.193430
       800.00000       10000.000       2.4097183       14.208657
       800.00000       30000.000       2.4100774       14.225540
       800.00000       100000.00       2.4101869       14.240443
       800.00000       300000.00       2.4102197       14.281580
       900.00000    0.0010000000       2.4025331       14.316821
       900.00000    0.0030000000       2.4025353       14.316820
       900.00000     0.010000000       2.4025359       14.316821
       900.00000     0.030000000       2.4025363       14.316819
       900.00000      0.10000000       2.4025363       14.316820
       900.00000      0.30000000       2.4025368       14.316817
       900.00000       1.0000000       2.4025379       14.316820
       900.00000       3.0000000       2.4025552       14.316787
       900.00000       10.000000       2.4025896       14.316409
       900.00000       30.000000       2.4037131       14.314211
       900.00000       100.00000       2.4068959       14.308673
       900.00000       300.00000       2.4087693       14.305686
       900.00000       1000.0000       2.4091558       14.306031
       900.00000       3000.0000       2.4092576       14.308752
       900.00000       10000.000       2.4094432       14.317253
       900.00000       30000.000       2.4098008       14.333348
       900.00000       100000.00       2.4101289       14.352846
       900.00000       300000.00       2.4101950       14.372983
       1000.0000    0.0010000000       2.4024964       14.462464
       1000.0000    0.0030000000       2.4025212       14.462463
       1000.0000     0.010000000       2.4025302       14.462464
       1000.0000     0.030000000       2.4025330       14.462463
       1000.0000      0.10000000       2.4025337       14.462464
       1000.0000      0.30000000       2.4025340       14.462463
       1000.0000       1.0000000       2.4025341       14.462463
       1000.0000       3.0000000       2.4025354       14.462459
       1000.0000       10.000000       2.4025467       14.462438
       1000.0000       30.000000       2.4026405       14.462333
       1000.0000       100.00000       2.4035258       14.461257
       1000.0000       300.00000       2.4060183       14.458068
       1000.0000       1000.0000       2.4085677       14.455094
       1000.0000       3000.0000       2.4091527       14.455717
       1000.0000       10000.000       2.4093270       14.460256
       1000.0000       30000.000       2.4095541       14.471169
       1000.0000       100000.00       2.4099664       14.492230
       1000.0000       300000.00       2.4101830       14.511290
       1100.0000    0.0010000000       2.4023280       14.626916
       1100.0000    0.0030000000       2.4024406       14.627005
       1100.0000     0.010000000       2.4025105       14.627103
       1100.0000     0.030000000       2.4025287       14.627138
       1100.0000      0.10000000       2.4025367       14.627163
       1100.0000      0.30000000       2.4025389       14.627176
       1100.0000       1.0000000       2.4025356       14.627212
       1100.0000       3.0000000       2.4025363       14.627210
       1100.0000       10.000000       2.4025347       14.627232
       1100.0000       30.000000       2.4025468       14.627195
       1100.0000       100.00000       2.4026385       14.627151
       1100.0000       300.00000       2.4033456       14.626636
       1100.0000       1000.0000       2.4060917       14.624566
       1100.0000       3000.0000       2.4087236       14.623109
       1100.0000       10000.000       2.4093227       14.625133
       1100.0000       30000.000       2.4094662       14.632016
       1100.0000       100000.00       2.4098005       14.649507
       1100.0000       300000.00       2.4101747       14.670685
       1200.0000    0.0010000000       2.4048593       14.808666
       1200.0000    0.0030000000       2.4030947       14.810085
       1200.0000     0.010000000       2.4026145       14.810611
       1200.0000     0.030000000       2.4025370       14.810733
       1200.0000      0.10000000       2.4025308       14.810803
       1200.0000      0.30000000       2.4025448       14.810806
       1200.0000       1.0000000       2.4025645       14.810869
       1200.0000       3.0000000       2.4025662       14.810898
       1200.0000       10.000000       2.4025591       14.810955
       1200.0000       30.000000       2.4025524       14.811028
       1200.0000       100.00000       2.4025683       14.811043
       1200.0000       300.00000       2.4026659       14.811085
       1200.0000       1000.0000       2.4036295       14.810807
       1200.0000       3000.0000       2.4063202       14.809772
       1200.0000       10000.000       2.4090237       14.810512
       1200.0000       30000.000       2.4097241       14.814781
       1200.0000       100000.00       2.4098378       14.827959
       1200.0000       300000.00       2.4101114       14.849243
       1300.0000    0.0010000000       2.4237813       14.949691
       1300.0000    0.0030000000       2.4182129       14.977707
       1300.0000     0.010000000       2.4118345       14.991149
       1300.0000     0.030000000       2.4055066       14.999447
       1300.0000      0.10000000       2.4033414       15.002761
       1300.0000      0.30000000       2.4027697       15.003736
       1300.0000       1.0000000       2.4025986       15.004082
       1300.0000       3.0000000       2.4025611       15.004195
       1300.0000       10.000000       2.4025605       15.004220
       1300.0000       30.000000       2.4025788       15.004245
       1300.0000       100.00000       2.4025864       15.004249
       1300.0000       300.00000       2.4026091       15.004291
       1300.0000       1000.0000       2.4028351       15.004420
       1300.0000       3000.0000       2.4040978       15.004192
       1300.0000       10000.000       2.4073548       15.006262
       1300.0000       30000.000       2.4093369       15.009569
       1300.0000       100000.00       2.4099183       15.019477
       1300.0000       300000.00       2.4102976       15.038569
       1400.0000    0.0010000000       2.4191670       15.170788
       1400.0000    0.0030000000       2.4217351       15.171027
       1400.0000     0.010000000       2.4235019       15.170943
       1400.0000     0.030000000       2.4245332       15.170760
       1400.0000      0.10000000       2.4178053       15.199683
       1400.0000      0.30000000       2.4099655       15.210813
       1400.0000       1.0000000       2.4047648       15.221259
       1400.0000       3.0000000       2.4032529       15.224672
       1400.0000       10.000000       2.4027402       15.225910
       1400.0000       30.000000       2.4026097       15.226255
       1400.0000       100.00000       2.4025719       15.226410
       1400.0000       300.00000       2.4025909       15.226460
       1400.0000       1000.0000       2.4026472       15.226598
       1400.0000       3000.0000       2.4030709       15.227146
       1400.0000       10000.000       2.4051913       15.229823
       1400.0000       30000.000       2.4082509       15.234649
       1400.0000       100000.00       2.4096870       15.243213
       1400.0000       300000.00       2.4101570       15.259500
       1500.0000    0.0010000000       2.4049549       15.407715
       1500.0000    0.0030000000       2.4132362       15.409849
       1500.0000     0.010000000       2.4185764       15.410914
       1500.0000     0.030000000       2.4215239       15.411238
       1500.0000      0.10000000       2.4235067       15.411274
       1500.0000      0.30000000       2.4245812       15.411221
       1500.0000       1.0000000       2.4210521       15.425129
       1500.0000       3.0000000       2.4116114       15.445595
       1500.0000       10.000000       2.4066617       15.456959
       1500.0000       30.000000       2.4039403       15.463925
       1500.0000       100.00000       2.4029527       15.466615
       1500.0000       300.00000       2.4026856       15.467416
       1500.0000       1000.0000       2.4026391       15.467779
       1500.0000       3000.0000       2.4027357       15.468310
       1500.0000       10000.000       2.4037432       15.470984
       1500.0000       30000.000       2.4065177       15.478212
       1500.0000       100000.00       2.4092075       15.489121
       1500.0000       300000.00       2.4099808       15.503624
       1600.0000    0.0010000000       2.3655430       15.598136
       1600.0000    0.0030000000       2.3899968       15.605492
       1600.0000     0.010000000       2.4055075       15.609847
       1600.0000     0.030000000       2.4136939       15.611861
       1600.0000      0.10000000       2.4189973       15.612859
       1600.0000      0.30000000       2.4219046       15.613199
       1600.0000       1.0000000       2.4237792       15.613338
       1600.0000       3.0000000       2.4247862       15.613372
       1600.0000       10.000000       2.4213038       15.616806
       1600.0000       30.000000       2.4117921       15.644317
       1600.0000       100.00000       2.4081180       15.655102
       1600.0000       300.00000       2.4044929       15.664983
       1600.0000       1000.0000       2.4031399       15.668951
       1600.0000       3000.0000       2.4028147       15.670413
       1600.0000       10000.000       2.4031113       15.672869
       1600.0000       30000.000       2.4049088       15.681141
       1600.0000       100000.00       2.4082758       15.697895
       1600.0000       300000.00       2.4097569       15.713762
       1700.0000    0.0010000000       2.2726494       15.768500
       1700.0000    0.0030000000       2.3341284       15.789930
       1700.0000     0.010000000       2.3741545       15.802586
       1700.0000     0.030000000       2.3950619       15.808828
       1700.0000      0.10000000       2.4084307       15.812432
       1700.0000      0.30000000       2.4155755       15.814039
       1700.0000       1.0000000       2.4202033       15.814864
       1700.0000       3.0000000       2.4226825       15.815197
       1700.0000       10.000000       2.4242585       15.815368
       1700.0000       30.000000       2.4250869       15.815432
       1700.0000       100.00000       2.4189739       15.818980
       1700.0000       300.00000       2.4110848       15.846837
       1700.0000       1000.0000       2.4083176       15.856801
       1700.0000       3000.0000       2.4046008       15.867569
       1700.0000       10000.000       2.4033670       15.873201
       1700.0000       30000.000       2.4039733       15.881868
       1700.0000       100000.00       2.4069948       15.904817
       1700.0000       300000.00       2.4093477       15.927575
       1800.0000    0.0010000000       2.0917176       15.880975
       1800.0000    0.0030000000       2.2174990       15.939554
       1800.0000     0.010000000       2.3057727       15.972746
       1800.0000     0.030000000       2.3543751       15.988782
       1800.0000      0.10000000       2.3856791       15.998314
       1800.0000      0.30000000       2.4021772       16.002935
       1800.0000       1.0000000       2.4125524       16.005549
       1800.0000       3.0000000       2.4181289       16.006723
       1800.0000       10.000000       2.4217297       16.007344
       1800.0000       30.000000       2.4236253       16.007625
       1800.0000       100.00000       2.4248104       16.007787
       1800.0000       300.00000       2.4214549       16.007832
       1800.0000       1000.0000       2.4154045       16.020879
       1800.0000       3000.0000       2.4098972       16.043220
       1800.0000       10000.000       2.4073283       16.053731
       1800.0000       30000.000       2.4046754       16.068821
       1800.0000       100000.00       2.4059602       16.097869
       1800.0000       300000.00       2.4087494       16.133112
       1900.0000    0.0010000000       1.8248073       15.870868
       1900.0000    0.0030000000       2.0186660       16.023395
       1900.0000     0.010000000       2.1784817       16.106210
       1900.0000     0.030000000       2.2748031       16.144629
       1900.0000      0.10000000       2.3399039       16.166905
       1900.0000      0.30000000       2.3750018       16.177820
       1900.0000       1.0000000       2.3974573       16.184231
       1900.0000       3.0000000       2.4092999       16.187305
       1900.0000       10.000000       2.4167363       16.189020
       1900.0000       30.000000       2.4206780       16.189800
       1900.0000       100.00000       2.4231873       16.190241
       1900.0000       300.00000       2.4244834       16.190478
       1900.0000       1000.0000       2.4220548       16.190588
       1900.0000       3000.0000       2.4185022       16.190728
       1900.0000       10000.000       2.4119671       16.217458
       1900.0000       30000.000       2.4090889       16.235589
       1900.0000       100000.00       2.4064154       16.274146
       1900.0000       300000.00       2.4081768       16.326359
       2000.0000    0.0010000000       1.5596732       15.608991
       2000.0000    0.0030000000       1.7596139       15.980242
       2000.0000     0.010000000       1.9807591       16.174860
       2000.0000     0.030000000       2.1397088       16.262641
       2000.0000      0.10000000       2.2578623       16.311764
       2000.0000      0.30000000       2.3250520       16.335251
       2000.0000       1.0000000       2.3690885       16.349090
       2000.0000       3.0000000       2.3925239       16.355858
       2000.0000       10.000000       2.4074488       16.359805
       2000.0000       30.000000       2.4153259       16.361663
       2000.0000       100.00000       2.4202237       16.362700
       2000.0000       300.00000       2.4227551       16.363220
       2000.0000       1000.0000       2.4243585       16.363543
       2000.0000       3000.0000       2.4224890       16.363764
       2000.0000       10000.000       2.4184506       16.364308
       2000.0000       30000.000       2.4149370       16.379661
       2000.0000       100000.00       2.4104309       16.427183
       2000.0000       300000.00       2.4083900       16.502401
       2150.0000    0.0010000000       1.3623737       13.388141
       2150.0000    0.0030000000       1.4482614       15.275109
       2150.0000     0.010000000       1.6264517       16.041326
       2150.0000     0.030000000       1.8347799       16.315954
       2150.0000      0.10000000       2.0434523       16.462875
       2150.0000      0.30000000       2.1844827       16.530327
       2150.0000       1.0000000       2.2857789       16.568834
       2150.0000       3.0000000       2.3423232       16.587470
       2150.0000       10.000000       2.3790672       16.598490
       2150.0000       30.000000       2.3985740       16.603869
       2150.0000       100.00000       2.4109922       16.606982
       2150.0000       300.00000       2.4174674       16.608512
       2150.0000       1000.0000       2.4215152       16.609418
       2150.0000       3000.0000       2.4235634       16.609911
       2150.0000       10000.000       2.4248220       16.610547
       2150.0000       30000.000       2.4194284       16.612480
       2150.0000       100000.00       2.4181062       16.626870
       2150.0000       300000.00       2.4146011       16.716765
       2300.0000    0.0010000000       1.3184310       7.8129561
       2300.0000    0.0030000000       1.3398284       11.915337
       2300.0000     0.010000000       1.4040379       14.890129
       2300.0000     0.030000000       1.5319932       16.021348
       2300.0000      0.10000000       1.7460640       16.461808
       2300.0000      0.30000000       1.9513337       16.637109
       2300.0000       1.0000000       2.1316477       16.733911
       2300.0000       3.0000000       2.2443941       16.779390
       2300.0000       10.000000       2.3220717       16.805868
       2300.0000       30.000000       2.3644981       16.818805
       2300.0000       100.00000       2.3918007       16.826484
       2300.0000       300.00000       2.4062242       16.830224
       2300.0000       1000.0000       2.4153305       16.832430
       2300.0000       3000.0000       2.4200425       16.833534
       2300.0000       10000.000       2.4229426       16.834470
       2300.0000       30000.000       2.4244570       16.836106
       2300.0000       100000.00       2.4199860       16.846797
       2300.0000       300000.00       2.4192821       16.902893
       2450.0000    0.0010000000       1.3094673       3.5709625
       2450.0000    0.0030000000       1.3149339       6.5751027
       2450.0000     0.010000000       1.3326963       11.159727
       2450.0000     0.030000000       1.3778500       14.408124
       2450.0000      0.10000000       1.4947049       16.071206
       2450.0000      0.30000000       1.6761212       16.600483
       2450.0000       1.0000000       1.9050439       16.830026
       2450.0000       3.0000000       2.0833902       16.931820
       2450.0000       10.000000       2.2219218       16.989678
       2450.0000       30.000000       2.3027241       17.017510
       2450.0000       100.00000       2.3564392       17.033940
       2450.0000       300.00000       2.3852579       17.042026
       2450.0000       1000.0000       2.4036183       17.046813
       2450.0000       3000.0000       2.4132238       17.049212
       2450.0000       10000.000       2.4192353       17.050813
       2450.0000       30000.000       2.4223236       17.052527
       2450.0000       100000.00       2.4243241       17.060844
       2450.0000       300000.00       2.4208188       17.108923
       2600.0000    0.0010000000       1.3059268       2.0183609
       2600.0000    0.0030000000       1.3084312       3.2476309
       2600.0000     0.010000000       1.3140516       6.3293702
       2600.0000     0.030000000       1.3282103       10.540208
       2600.0000      0.10000000       1.3722880       14.372871
       2600.0000      0.30000000       1.4691869       16.098474
       2600.0000       1.0000000       1.6585199       16.779818
       2600.0000       3.0000000       1.8682029       17.006246
       2600.0000       10.000000       2.0700824       17.123805
       2600.0000       30.000000       2.2030836       17.178989
       2600.0000       100.00000       2.2973059       17.211214
       2600.0000       300.00000       2.3495890       17.226945
       2600.0000       1000.0000       2.3834710       17.236320
       2600.0000       3000.0000       2.4013979       17.240940
       2600.0000       10000.000       2.4127082       17.243868
       2600.0000       30000.000       2.4185388       17.246026
       2600.0000       100000.00       2.4222078       17.253038
       2600.0000       300000.00       2.4244882       17.293554
       2800.0000    0.0010000000       1.3021013       1.4877513
       2800.0000    0.0030000000       1.3035644       1.8032363
       2800.0000     0.010000000       1.3062455       2.8126675
       2800.0000     0.030000000       1.3106773       5.0881252
       2800.0000      0.10000000       1.3223400       9.4437306
       2800.0000      0.30000000       1.3516196       13.458853
       2800.0000       1.0000000       1.4343031       15.978395
       2800.0000       3.0000000       1.5841488       16.866350
       2800.0000       10.000000       1.8085472       17.200702
       2800.0000       30.000000       2.0059726       17.328581
       2800.0000       100.00000       2.1702723       17.399603
       2800.0000       300.00000       2.2698165       17.433754
       2800.0000       1000.0000       2.3373473       17.453974
       2800.0000       3000.0000       2.3739477       17.463959
       2800.0000       10000.000       2.3973413       17.470016
       2800.0000       30000.000       2.4095955       17.473553
       2800.0000       100000.00       2.4172596       17.479966
       2800.0000       300000.00       2.4213751       17.512473
       3000.0000    0.0010000000       1.2994826       1.3757032
       3000.0000    0.0030000000       1.3007756       1.4658765
       3000.0000     0.010000000       1.3021962       1.7702740
       3000.0000     0.030000000       1.3042407       2.5749483
       3000.0000      0.10000000       1.3088355       4.8390088
       3000.0000      0.30000000       1.3185288       8.6830087
       3000.0000       1.0000000       1.3469102       13.279379
       3000.0000       3.0000000       1.4135295       15.869945
       3000.0000       10.000000       1.5652760       17.030619
       3000.0000       30.000000       1.7660939       17.384300
       3000.0000       100.00000       1.9872210       17.536745
       3000.0000       300.00000       2.1448926       17.604336
       3000.0000       1000.0000       2.2614869       17.643533
       3000.0000       3000.0000       2.3276723       17.662750
       3000.0000       10000.000       2.3710691       17.674269
       3000.0000       30000.000       2.3940991       17.680388
       3000.0000       100000.00       2.4086372       17.687422
       3000.0000       300000.00       2.4162262       17.714537
       3250.0000    0.0010000000       1.2944558       1.3480989
       3250.0000    0.0030000000       1.2968278       1.3718939
       3250.0000     0.010000000       1.2988948       1.4523563
       3250.0000     0.030000000       1.3004792       1.6728176
       3250.0000      0.10000000       1.3024430       2.3886434
       3250.0000      0.30000000       1.3057170       4.1106320
       3250.0000       1.0000000       1.3144850       7.9570538
       3250.0000       3.0000000       1.3353656       12.367072
       3250.0000       10.000000       1.3953667       15.734489
       3250.0000       30.000000       1.5155894       17.091018
       3250.0000       100.00000       1.7238250       17.605876
       3250.0000       300.00000       1.9312650       17.770950
       3250.0000       1000.0000       2.1175188       17.853499
       3250.0000       3000.0000       2.2352876       17.892374
       3250.0000       10000.000       2.3169444       17.915311
       3250.0000       30000.000       2.3616900       17.926933
       3250.0000       100000.00       2.3904096       17.936420
       3250.0000       300000.00       2.4054024       17.959912
       3500.0000    0.0010000000       1.2837767       1.3461317
       3500.0000    0.0030000000       1.2890783       1.3540521
       3500.0000     0.010000000       1.2935977       1.3801478
       3500.0000     0.030000000       1.2964989       1.4518224
       3500.0000      0.10000000       1.2989068       1.6905357
       3500.0000      0.30000000       1.3009888       2.3204962
       3500.0000       1.0000000       1.3044622       4.1605723
       3500.0000       3.0000000       1.3118025       7.6226748
       3500.0000       10.000000       1.3336767       12.499740
       3500.0000       30.000000       1.3857203       15.718744
       3500.0000       100.00000       1.5128194       17.323042
       3500.0000       300.00000       1.7000292       17.829409
       3500.0000       1000.0000       1.9277792       18.020959
       3500.0000       3000.0000       2.1009861       18.095646
       3500.0000       10000.000       2.2335801       18.137343
       3500.0000       30000.000       2.3102788       18.157794
       3500.0000       100000.00       2.3609617       18.171946
       3500.0000       300000.00       2.3878731       18.194358
       3750.0000    0.0010000000       1.2743138       1.3556907
       3750.0000    0.0030000000       1.2774070       1.3591444
       3750.0000     0.010000000       1.2829450       1.3700641
       3750.0000     0.030000000       1.2885806       1.3982405
       3750.0000      0.10000000       1.2936369       1.4897506
       3750.0000      0.30000000       1.2969270       1.7362093
       3750.0000       1.0000000       1.2999156       2.5204396
       3750.0000       3.0000000       1.3035176       4.3605519
       3750.0000       10.000000       1.3122493       8.3624277
       3750.0000       30.000000       1.3336064       12.846277
       3750.0000       100.00000       1.3954459       16.225347
       3750.0000       300.00000       1.5177473       17.586810
       3750.0000       1000.0000       1.7269363       18.106406
       3750.0000       3000.0000       1.9340211       18.265728
       3750.0000       10000.000       2.1194739       18.339958
       3750.0000       30000.000       2.2365133       18.373866
       3750.0000       100000.00       2.3175014       18.395210
       3750.0000       300000.00       2.3616422       18.418860
       4000.0000    0.0010000000       1.2723685       1.3880208
       4000.0000    0.0030000000       1.2729198       1.3895240
       4000.0000     0.010000000       1.2745688       1.3946290
       4000.0000     0.030000000       1.2779271       1.4083017
       4000.0000      0.10000000       1.2837843       1.4513133
       4000.0000      0.30000000       1.2896231       1.5616591
       4000.0000       1.0000000       1.2948553       1.9132163
       4000.0000       3.0000000       1.2986335       2.8080272
       4000.0000       10.000000       1.3036680       5.2390758
       4000.0000       30.000000       1.3133375       9.2615388
       4000.0000       100.00000       1.3418947       14.032163
       4000.0000       300.00000       1.4085023       16.746208
       4000.0000       1000.0000       1.5591283       17.992811
       4000.0000       3000.0000       1.7588018       18.374336
       4000.0000       10000.000       1.9807071       18.518612
       4000.0000       30000.000       2.1400531       18.574287
       4000.0000       100000.00       2.2581845       18.606208
       4000.0000       300000.00       2.3251337       18.633212
