Li Na K Rb Cs
  4.5173E-38  4.5173E-38  4.5173E-38  4.5173E-38  4.5173E-38
  4.5173E-38  4.5173E-38  4.5173E-38  4.5173E-38  4.5173E-38
  4.5173E-38  4.5173E-38  4.5173E-38  4.5173E-38  4.5173E-38
  4.5173E-38  4.5173E-38  4.5173E-38  4.5173E-38  4.5173E-38
  4.5173E-38  4.5173E-38  4.5173E-38  4.5173E-38  4.5173E-38
  4.5173E-38  4.5173E-38  4.5173E-38  4.5173E-38  4.5173E-38
  4.5173E-38  4.5173E-38  4.5173E-38  4.5173E-38  4.5173E-38
  4.5173E-38  4.5173E-38  4.5173E-38  4.5173E-38  4.5173E-38
  4.5173E-38  4.5173E-38  4.5173E-38  4.5173E-38  4.5173E-38
  4.5173E-38  4.5173E-38  4.5173E-38  4.5173E-38  4.5173E-38
  4.5173E-38  4.5173E-38  4.5173E-38  4.5173E-38  4.5173E-38
  4.5173E-38  4.5173E-38  4.5173E-38  4.5173E-38  4.5173E-38
  4.5173E-38  4.5173E-38  4.5173E-38  4.5173E-38  4.5173E-38
  4.5173E-38  4.5173E-38  4.5173E-38  4.5173E-38  4.5173E-38
  4.5200E-38  4.5200E-38  4.5200E-38  4.5200E-38  4.5200E-38
  4.5154E-38  4.5154E-38  4.5154E-38  4.5154E-38  4.5154E-38
  4.5158E-38  4.5158E-38  4.5158E-38  4.5158E-38  4.5158E-38
  4.5169E-38  4.5169E-38  4.5169E-38  4.5169E-38  4.5169E-38
  4.5172E-38  4.5172E-38  4.5172E-38  4.5172E-38  4.5172E-38
  4.5173E-38  4.5173E-38  4.5173E-38  4.5173E-38  4.5173E-38
  4.5173E-38  4.5173E-38  4.5173E-38  4.5173E-38  4.5173E-38
  4.5173E-38  4.5173E-38  4.5173E-38  4.5173E-38  4.5173E-38
  4.5173E-38  4.5173E-38  4.5173E-38  4.5173E-38  4.5173E-38
  4.5173E-38  4.5173E-38  4.5173E-38  4.5173E-38  4.5173E-38
  4.5173E-38  4.5173E-38  4.5173E-38  4.5173E-38  4.5173E-38
  4.5173E-38  4.5173E-38  4.5173E-38  4.5173E-38  4.5173E-38
  4.5173E-38  4.5173E-38  4.5173E-38  4.5173E-38  4.5173E-38
  4.5173E-38  4.5173E-38  4.5173E-38  4.5173E-38  4.5173E-38
  4.5173E-38  4.5173E-38  4.5173E-38  4.5173E-38  4.5173E-38
  4.5173E-38  4.5173E-38  4.5173E-38  4.5173E-38  4.5173E-38
  4.5173E-38  4.5173E-38  4.5173E-38  4.5173E-38  4.5173E-38
  4.5154E-38  4.5154E-38  4.5154E-38  4.5154E-38  4.5154E-38
  4.5154E-38  4.5154E-38  4.5154E-38  4.5154E-38  4.5154E-38
  4.5154E-38  4.5154E-38  4.5154E-38  4.5154E-38  4.5154E-38
  4.5154E-38  4.5154E-38  4.5154E-38  4.5154E-38  4.5154E-38
  4.5160E-38  4.5160E-38  4.5160E-38  4.5160E-38  4.5160E-38
  4.5169E-38  4.5169E-38  4.5169E-38  4.5169E-38  4.5169E-38
  4.5172E-38  4.5172E-38  4.5172E-38  4.5172E-38  4.5172E-38
  4.5173E-38  4.5173E-38  4.5173E-38  4.5173E-38  4.5173E-38
  4.5173E-38  4.5173E-38  4.5173E-38  4.5173E-38  4.5173E-38
  4.5173E-38  4.5173E-38  4.5173E-38  4.5173E-38  4.5173E-38
  4.5173E-38  4.5173E-38  4.5173E-38  4.5173E-38  4.5173E-38
  4.5173E-38  4.5173E-38  4.5173E-38  4.5173E-38  4.5173E-38
  4.5173E-38  4.5173E-38  4.5173E-38  4.5173E-38  4.5173E-38
  4.5173E-38  4.5173E-38  4.5173E-38  4.5173E-38  4.5173E-38
  4.5173E-38  4.5173E-38  4.5173E-38  4.5173E-38  4.5173E-38
  4.5173E-38  4.5173E-38  4.5173E-38  4.5173E-38  4.5173E-38
  4.5173E-38  4.5173E-38  4.5173E-38  4.5173E-38  4.5173E-38
  4.5154E-38  4.5154E-38  4.5154E-38  4.5154E-38  4.5154E-38
  4.5154E-38  4.5154E-38  4.5154E-38  4.5154E-38  4.5154E-38
  4.5154E-38  4.5154E-38  4.5154E-38  4.5154E-38  4.5154E-38
  4.5154E-38  4.5154E-38  4.5154E-38  4.5154E-38  4.5154E-38
  4.5154E-38  4.5154E-38  4.5154E-38  4.5154E-38  4.5154E-38
  4.5154E-38  4.5154E-38  4.5154E-38  4.5154E-38  4.5154E-38
  4.5154E-38  4.5154E-38  4.5154E-38  4.5154E-38  4.5154E-38
  4.5166E-38  4.5166E-38  4.5166E-38  4.5166E-38  4.5166E-38
  4.5171E-38  4.5171E-38  4.5171E-38  4.5171E-38  4.5171E-38
  4.5173E-38  4.5173E-38  4.5173E-38  4.5173E-38  4.5173E-38
  4.5173E-38  4.5173E-38  4.5173E-38  4.5173E-38  4.5173E-38
  4.5173E-38  4.5173E-38  4.5173E-38  4.5173E-38  4.5173E-38
  4.5173E-38  4.5173E-38  4.5173E-38  4.5173E-38  4.5173E-38
  4.5173E-38  4.5173E-38  4.5173E-38  4.5173E-38  4.5173E-38
  4.5173E-38  4.5173E-38  4.5173E-38  4.5173E-38  4.5173E-38
  4.5173E-38  4.5173E-38  4.5173E-38  4.5173E-38  4.5173E-38
  4.5173E-38  4.5173E-38  4.5173E-38  4.5173E-38  4.5173E-38
  4.5153E-38  4.5153E-38  4.5153E-38  4.5153E-38  4.5153E-38
  4.5153E-38  4.5153E-38  4.5153E-38  4.5153E-38  4.5153E-38
  4.5154E-38  4.5154E-38  4.5154E-38  4.5154E-38  4.5154E-38
  4.5154E-38  4.5154E-38  4.5154E-38  4.5154E-38  4.5154E-38
  4.5154E-38  4.5154E-38  4.5154E-38  4.5154E-38  4.5154E-38
  4.5154E-38  4.5154E-38  4.5154E-38  4.5154E-38  4.5154E-38
  4.5154E-38  4.5154E-38  4.5154E-38  4.5154E-38  4.5154E-38
  4.5154E-38  4.5154E-38  4.5154E-38  4.5154E-38  4.5154E-38
  4.5154E-38  4.5154E-38  4.5154E-38  4.5154E-38  4.5154E-38
  4.5166E-38  4.5166E-38  4.5166E-38  4.5166E-38  4.5166E-38
  4.5171E-38  4.5171E-38  4.5171E-38  4.5171E-38  4.5171E-38
  4.5173E-38  4.5173E-38  4.5173E-38  4.5173E-38  4.5173E-38
  4.5173E-38  4.5173E-38  4.5173E-38  4.5173E-38  4.5173E-38
  4.5173E-38  4.5173E-38  4.5173E-38  4.5173E-38  4.5173E-38
  4.5173E-38  4.5173E-38  4.5173E-38  4.5173E-38  4.5173E-38
  4.5173E-38  4.5173E-38  4.5173E-38  4.5173E-38  4.5173E-38
  4.5173E-38  4.5173E-38  4.5173E-38  4.5173E-38  4.5173E-38
  4.5150E-38  4.5150E-38  4.5150E-38  4.5150E-38  4.5150E-38
  4.5150E-38  4.5150E-38  4.5150E-38  4.5150E-38  4.5150E-38
  4.5153E-38  4.5153E-38  4.5153E-38  4.5153E-38  4.5153E-38
  4.5153E-38  4.5153E-38  4.5153E-38  4.5153E-38  4.5153E-38
  4.5154E-38  4.5154E-38  4.5154E-38  4.5154E-38  4.5154E-38
  4.5154E-38  4.5154E-38  4.5154E-38  4.5154E-38  4.5154E-38
  4.5154E-38  4.5154E-38  4.5154E-38  4.5154E-38  4.5154E-38
  4.5154E-38  4.5154E-38  4.5154E-38  4.5154E-38  4.5154E-38
  4.5154E-38  4.5154E-38  4.5154E-38  4.5154E-38  4.5154E-38
  4.5154E-38  4.5154E-38  4.5154E-38  4.5154E-38  4.5154E-38
  4.5157E-38  4.5157E-38  4.5157E-38  4.5157E-38  4.5157E-38
  4.5168E-38  4.5168E-38  4.5168E-38  4.5168E-38  4.5168E-38
  4.5172E-38  4.5172E-38  4.5172E-38  4.5172E-38  4.5172E-38
  4.5173E-38  4.5173E-38  4.5173E-38  4.5173E-38  4.5173E-38
  4.5173E-38  4.5173E-38  4.5173E-38  4.5173E-38  4.5173E-38
  4.5173E-38  4.5173E-38  4.5173E-38  4.5173E-38  4.5173E-38
  4.5173E-38  4.5173E-38  4.5173E-38  4.5173E-38  4.5173E-38
  4.5148E-38  4.5148E-38  4.5148E-38  4.5148E-38  4.5148E-38
  4.5149E-38  4.5149E-38  4.5149E-38  4.5149E-38  4.5149E-38
  4.5150E-38  4.5150E-38  4.5150E-38  4.5150E-38  4.5150E-38
  4.5150E-38  4.5150E-38  4.5150E-38  4.5150E-38  4.5150E-38
  4.5152E-38  4.5152E-38  4.5152E-38  4.5152E-38  4.5152E-38
  4.5153E-38  4.5153E-38  4.5153E-38  4.5153E-38  4.5153E-38
  4.5153E-38  4.5153E-38  4.5153E-38  4.5153E-38  4.5153E-38
  4.5154E-38  4.5154E-38  4.5154E-38  4.5154E-38  4.5154E-38
  4.5154E-38  4.5154E-38  4.5154E-38  4.5154E-38  4.5154E-38
  4.5154E-38  4.5154E-38  4.5154E-38  4.5154E-38  4.5154E-38
  4.5154E-38  4.5154E-38  4.5154E-38  4.5154E-38  4.5154E-38
  4.5154E-38  4.5154E-38  4.5154E-38  4.5154E-38  4.5154E-38
  4.5164E-38  4.5164E-38  4.5164E-38  4.5164E-38  4.5164E-38
  4.5170E-38  4.5170E-38  4.5170E-38  4.5170E-38  4.5170E-38
  4.5172E-38  4.5172E-38  4.5172E-38  4.5172E-38  4.5172E-38
  4.5173E-38  4.5173E-38  4.5173E-38  4.5173E-38  4.5173E-38
  4.5173E-38  4.5173E-38  4.5173E-38  4.5173E-38  4.5173E-38
  4.5115E-38  4.5115E-38  4.5115E-38  4.5115E-38  4.5115E-38
  4.5137E-38  4.5137E-38  4.5137E-38  4.5137E-38  4.5137E-38
  4.5144E-38  4.5144E-38  4.5144E-38  4.5144E-38  4.5144E-38
  4.5147E-38  4.5147E-38  4.5147E-38  4.5147E-38  4.5147E-38
  4.5149E-38  4.5149E-38  4.5149E-38  4.5149E-38  4.5149E-38
  4.5150E-38  4.5150E-38  4.5150E-38  4.5150E-38  4.5150E-38
  4.5152E-38  4.5152E-38  4.5152E-38  4.5152E-38  4.5152E-38
  4.5153E-38  4.5153E-38  4.5153E-38  4.5153E-38  4.5153E-38
  4.5153E-38  4.5153E-38  4.5153E-38  4.5153E-38  4.5153E-38
  4.5154E-38  4.5154E-38  4.5154E-38  4.5154E-38  4.5154E-38
  4.5154E-38  4.5154E-38  4.5154E-38  4.5154E-38  4.5154E-38
  4.5154E-38  4.5154E-38  4.5154E-38  4.5154E-38  4.5154E-38
  4.5154E-38  4.5154E-38  4.5154E-38  4.5154E-38  4.5154E-38
  4.5159E-38  4.5159E-38  4.5159E-38  4.5159E-38  4.5159E-38
  4.5169E-38  4.5169E-38  4.5169E-38  4.5169E-38  4.5169E-38
  4.5172E-38  4.5172E-38  4.5172E-38  4.5172E-38  4.5172E-38
  4.5173E-38  4.5173E-38  4.5173E-38  4.5173E-38  4.5173E-38
  4.5030E-38  4.5030E-38  4.5030E-38  4.5030E-38  4.5030E-38
  4.5043E-38  4.5043E-38  4.5043E-38  4.5043E-38  4.5043E-38
  4.5116E-38  4.5116E-38  4.5116E-38  4.5116E-38  4.5116E-38
  4.5137E-38  4.5137E-38  4.5137E-38  4.5137E-38  4.5137E-38
  4.5144E-38  4.5144E-38  4.5144E-38  4.5144E-38  4.5144E-38
  4.5146E-38  4.5146E-38  4.5146E-38  4.5146E-38  4.5146E-38
  4.5147E-38  4.5147E-38  4.5147E-38  4.5147E-38  4.5147E-38
  4.5149E-38  4.5149E-38  4.5149E-38  4.5149E-38  4.5149E-38
  4.5152E-38  4.5152E-38  4.5152E-38  4.5152E-38  4.5152E-38
  4.5153E-38  4.5153E-38  4.5153E-38  4.5153E-38  4.5153E-38
  4.5153E-38  4.5153E-38  4.5153E-38  4.5153E-38  4.5153E-38
  4.5154E-38  4.5154E-38  4.5154E-38  4.5154E-38  4.5154E-38
  4.5154E-38  4.5154E-38  4.5154E-38  4.5154E-38  4.5154E-38
  4.5154E-38  4.5154E-38  4.5154E-38  4.5154E-38  4.5154E-38
  4.5157E-38  4.5157E-38  4.5157E-38  4.5157E-38  4.5157E-38
  4.5168E-38  4.5168E-38  4.5168E-38  4.5168E-38  4.5168E-38
  4.5172E-38  4.5172E-38  4.5172E-38  4.5172E-38  4.5172E-38
  4.5031E-38  4.5031E-38  4.5031E-38  4.5031E-38  4.5031E-38
  4.5031E-38  4.5031E-38  4.5031E-38  4.5031E-38  4.5031E-38
  4.5031E-38  4.5031E-38  4.5031E-38  4.5031E-38  4.5031E-38
  4.5070E-38  4.5070E-38  4.5070E-38  4.5070E-38  4.5070E-38
  4.5125E-38  4.5125E-38  4.5125E-38  4.5125E-38  4.5125E-38
  4.5140E-38  4.5140E-38  4.5140E-38  4.5140E-38  4.5140E-38
  4.5146E-38  4.5146E-38  4.5146E-38  4.5146E-38  4.5146E-38
  4.5148E-38  4.5148E-38  4.5148E-38  4.5148E-38  4.5148E-38
  4.5149E-38  4.5149E-38  4.5149E-38  4.5149E-38  4.5149E-38
  4.5151E-38  4.5151E-38  4.5151E-38  4.5151E-38  4.5151E-38
  4.5154E-38  4.5154E-38  4.5154E-38  4.5154E-38  4.5154E-38
  4.5155E-38  4.5155E-38  4.5155E-38  4.5155E-38  4.5155E-38
  4.5155E-38  4.5155E-38  4.5155E-38  4.5155E-38  4.5155E-38
  4.5155E-38  4.5155E-38  4.5155E-38  4.5155E-38  4.5155E-38
  4.5155E-38  4.5155E-38  4.5155E-38  4.5155E-38  4.5155E-38
  4.5157E-38  4.5157E-38  4.5157E-38  4.5157E-38  4.5157E-38
  4.5169E-38  4.5169E-38  4.5169E-38  4.5169E-38  4.5169E-38
  4.5034E-38  4.5034E-38  4.5034E-38  4.5034E-38  4.5034E-38
  4.5034E-38  4.5034E-38  4.5034E-38  4.5034E-38  4.5034E-38
  4.5034E-38  4.5034E-38  4.5034E-38  4.5034E-38  4.5034E-38
  4.5034E-38  4.5034E-38  4.5034E-38  4.5034E-38  4.5034E-38
  4.5034E-38  4.5034E-38  4.5034E-38  4.5034E-38  4.5034E-38
  4.5103E-38  4.5103E-38  4.5103E-38  4.5103E-38  4.5103E-38
  4.5137E-38  4.5137E-38  4.5137E-38  4.5137E-38  4.5137E-38
  4.5146E-38  4.5146E-38  4.5146E-38  4.5146E-38  4.5146E-38
  4.5150E-38  4.5150E-38  4.5150E-38  4.5150E-38  4.5150E-38
  4.5151E-38  4.5151E-38  4.5151E-38  4.5151E-38  4.5151E-38
  4.5153E-38  4.5153E-38  4.5153E-38  4.5153E-38  4.5153E-38
  4.5157E-38  4.5157E-38  4.5157E-38  4.5157E-38  4.5157E-38
  4.5158E-38  4.5158E-38  4.5158E-38  4.5158E-38  4.5158E-38
  4.5158E-38  4.5158E-38  4.5158E-38  4.5158E-38  4.5158E-38
  4.5158E-38  4.5158E-38  4.5158E-38  4.5158E-38  4.5158E-38
  4.5158E-38  4.5158E-38  4.5158E-38  4.5158E-38  4.5158E-38
  4.5162E-38  4.5162E-38  4.5162E-38  4.5162E-38  4.5162E-38
  4.5034E-38  4.5034E-38  4.5034E-38  4.5034E-38  4.5034E-38
  4.5034E-38  4.5034E-38  4.5034E-38  4.5034E-38  4.5034E-38
  4.5034E-38  4.5034E-38  4.5034E-38  4.5034E-38  4.5034E-38
  4.5034E-38  4.5034E-38  4.5034E-38  4.5034E-38  4.5034E-38
  4.5034E-38  4.5034E-38  4.5034E-38  4.5034E-38  4.5034E-38
  4.5034E-38  4.5034E-38  4.5034E-38  4.5034E-38  4.5034E-38
  4.5079E-38  4.5079E-38  4.5079E-38  4.5079E-38  4.5079E-38
  4.5127E-38  4.5127E-38  4.5127E-38  4.5127E-38  4.5127E-38
  4.5144E-38  4.5144E-38  4.5144E-38  4.5144E-38  4.5144E-38
  4.5149E-38  4.5149E-38  4.5149E-38  4.5149E-38  4.5149E-38
  4.5152E-38  4.5152E-38  4.5152E-38  4.5152E-38  4.5152E-38
  4.5154E-38  4.5154E-38  4.5154E-38  4.5154E-38  4.5154E-38
  4.5156E-38  4.5156E-38  4.5156E-38  4.5156E-38  4.5156E-38
  4.5158E-38  4.5158E-38  4.5158E-38  4.5158E-38  4.5158E-38
  4.5158E-38  4.5158E-38  4.5158E-38  4.5158E-38  4.5158E-38
  4.5158E-38  4.5158E-38  4.5158E-38  4.5158E-38  4.5158E-38
  4.5158E-38  4.5158E-38  4.5158E-38  4.5158E-38  4.5158E-38
  4.5034E-38  4.5034E-38  4.5034E-38  4.5034E-38  4.5034E-38
  4.5034E-38  4.5034E-38  4.5034E-38  4.5034E-38  4.5034E-38
  4.5034E-38  4.5034E-38  4.5034E-38  4.5034E-38  4.5034E-38
  4.5034E-38  4.5034E-38  4.5034E-38  4.5034E-38  4.5034E-38
  4.5034E-38  4.5034E-38  4.5034E-38  4.5034E-38  4.5034E-38
  4.5034E-38  4.5034E-38  4.5034E-38  4.5034E-38  4.5034E-38
  4.5034E-38  4.5034E-38  4.5034E-38  4.5034E-38  4.5034E-38
  4.5046E-38  4.5046E-38  4.5046E-38  4.5046E-38  4.5046E-38
  4.5120E-38  4.5120E-38  4.5120E-38  4.5120E-38  4.5120E-38
  4.5141E-38  4.5141E-38  4.5141E-38  4.5141E-38  4.5141E-38
  4.5150E-38  4.5150E-38  4.5150E-38  4.5150E-38  4.5150E-38
  4.5153E-38  4.5153E-38  4.5153E-38  4.5153E-38  4.5153E-38
  4.5154E-38  4.5154E-38  4.5154E-38  4.5154E-38  4.5154E-38
  4.5156E-38  4.5156E-38  4.5156E-38  4.5156E-38  4.5156E-38
  4.5158E-38  4.5158E-38  4.5158E-38  4.5158E-38  4.5158E-38
  4.5158E-38  4.5158E-38  4.5158E-38  4.5158E-38  4.5158E-38
  4.5158E-38  4.5158E-38  4.5158E-38  4.5158E-38  4.5158E-38
  4.5034E-38  4.5034E-38  4.5034E-38  4.5034E-38  4.5034E-38
  4.5034E-38  4.5034E-38  4.5034E-38  4.5034E-38  4.5034E-38
  4.5034E-38  4.5034E-38  4.5034E-38  4.5034E-38  4.5034E-38
  4.5034E-38  4.5034E-38  4.5034E-38  4.5034E-38  4.5034E-38
  4.5034E-38  4.5034E-38  4.5034E-38  4.5034E-38  4.5034E-38
  4.5034E-38  4.5034E-38  4.5034E-38  4.5034E-38  4.5034E-38
  4.5034E-38  4.5034E-38  4.5034E-38  4.5034E-38  4.5034E-38
  4.5034E-38  4.5034E-38  4.5034E-38  4.5034E-38  4.5034E-38
  4.5034E-38  4.5034E-38  4.5034E-38  4.5034E-38  4.5034E-38
  4.5112E-38  4.5112E-38  4.5112E-38  4.5112E-38  4.5112E-38
  4.5141E-38  4.5141E-38  4.5141E-38  4.5141E-38  4.5141E-38
  4.5150E-38  4.5150E-38  4.5150E-38  4.5150E-38  4.5150E-38
  4.5153E-38  4.5153E-38  4.5153E-38  4.5153E-38  4.5153E-38
  4.5154E-38  4.5154E-38  4.5154E-38  4.5154E-38  4.5154E-38
  4.5156E-38  4.5156E-38  4.5156E-38  4.5156E-38  4.5156E-38
  4.5157E-38  4.5157E-38  4.5157E-38  4.5157E-38  4.5157E-38
  4.5158E-38  4.5158E-38  4.5158E-38  4.5158E-38  4.5158E-38
  4.5035E-38  4.5035E-38  4.5035E-38  4.5035E-38  4.5035E-38
  4.5034E-38  4.5034E-38  4.5034E-38  4.5034E-38  4.5034E-38
  4.5034E-38  4.5034E-38  4.5034E-38  4.5034E-38  4.5034E-38
  4.5034E-38  4.5034E-38  4.5034E-38  4.5034E-38  4.5034E-38
  4.5034E-38  4.5034E-38  4.5034E-38  4.5034E-38  4.5034E-38
  4.5034E-38  4.5034E-38  4.5034E-38  4.5034E-38  4.5034E-38
  4.5034E-38  4.5034E-38  4.5034E-38  4.5034E-38  4.5034E-38
  4.5034E-38  4.5034E-38  4.5034E-38  4.5034E-38  4.5034E-38
  4.5034E-38  4.5034E-38  4.5034E-38  4.5034E-38  4.5034E-38
  4.5035E-38  4.5035E-38  4.5035E-38  4.5035E-38  4.5035E-38
  4.5112E-38  4.5112E-38  4.5112E-38  4.5112E-38  4.5112E-38
  4.5141E-38  4.5141E-38  4.5141E-38  4.5141E-38  4.5141E-38
  4.5150E-38  4.5150E-38  4.5150E-38  4.5150E-38  4.5150E-38
  4.5153E-38  4.5153E-38  4.5153E-38  4.5153E-38  4.5153E-38
  4.5154E-38  4.5154E-38  4.5154E-38  4.5154E-38  4.5154E-38
  4.5156E-38  4.5156E-38  4.5156E-38  4.5156E-38  4.5156E-38
  4.5157E-38  4.5157E-38  4.5157E-38  4.5157E-38  4.5157E-38
  4.5035E-38  4.5035E-38  4.5035E-38  4.5035E-38  4.5035E-38
  4.5035E-38  4.5035E-38  4.5035E-38  4.5035E-38  4.5035E-38
  4.5034E-38  4.5034E-38  4.5034E-38  4.5034E-38  4.5034E-38
  4.5034E-38  4.5034E-38  4.5034E-38  4.5034E-38  4.5034E-38
  4.5034E-38  4.5034E-38  4.5034E-38  4.5034E-38  4.5034E-38
  4.5034E-38  4.5034E-38  4.5034E-38  4.5034E-38  4.5034E-38
  4.5034E-38  4.5034E-38  4.5034E-38  4.5034E-38  4.5034E-38
  4.5034E-38  4.5034E-38  4.5034E-38  4.5034E-38  4.5034E-38
  4.5034E-38  4.5034E-38  4.5034E-38  4.5034E-38  4.5034E-38
  4.5034E-38  4.5034E-38  4.5034E-38  4.5034E-38  4.5034E-38
  4.5035E-38  4.5035E-38  4.5035E-38  4.5035E-38  4.5035E-38
  4.5113E-38  4.5113E-38  4.5113E-38  4.5113E-38  4.5113E-38
  4.5142E-38  4.5142E-38  4.5142E-38  4.5142E-38  4.5142E-38
  4.5150E-38  4.5150E-38  4.5150E-38  4.5150E-38  4.5150E-38
  4.5153E-38  4.5153E-38  4.5153E-38  4.5153E-38  4.5153E-38
  4.5154E-38  4.5154E-38  4.5154E-38  4.5154E-38  4.5154E-38
  4.5156E-38  4.5156E-38  4.5156E-38  4.5156E-38  4.5156E-38
  4.5036E-38  4.5036E-38  4.5036E-38  4.5036E-38  4.5036E-38
  4.5035E-38  4.5035E-38  4.5035E-38  4.5035E-38  4.5035E-38
  4.5035E-38  4.5035E-38  4.5035E-38  4.5035E-38  4.5035E-38
  4.5034E-38  4.5034E-38  4.5034E-38  4.5034E-38  4.5034E-38
  4.5034E-38  4.5034E-38  4.5034E-38  4.5034E-38  4.5034E-38
  4.5034E-38  4.5034E-38  4.5034E-38  4.5034E-38  4.5034E-38
  4.5034E-38  4.5034E-38  4.5034E-38  4.5034E-38  4.5034E-38
  4.5034E-38  4.5034E-38  4.5034E-38  4.5034E-38  4.5034E-38
  4.5034E-38  4.5034E-38  4.5034E-38  4.5034E-38  4.5034E-38
  4.5034E-38  4.5034E-38  4.5034E-38  4.5034E-38  4.5034E-38
  4.5035E-38  4.5035E-38  4.5035E-38  4.5035E-38  4.5035E-38
  4.5038E-38  4.5038E-38  4.5038E-38  4.5038E-38  4.5038E-38
  4.5120E-38  4.5120E-38  4.5120E-38  4.5120E-38  4.5120E-38
  4.5143E-38  4.5143E-38  4.5143E-38  4.5143E-38  4.5143E-38
  4.5151E-38  4.5151E-38  4.5151E-38  4.5151E-38  4.5151E-38
  4.5153E-38  4.5153E-38  4.5153E-38  4.5153E-38  4.5153E-38
  4.5154E-38  4.5154E-38  4.5154E-38  4.5154E-38  4.5154E-38
  4.5038E-38  4.5038E-38  4.5038E-38  4.5038E-38  4.5038E-38
  4.5037E-38  4.5037E-38  4.5037E-38  4.5037E-38  4.5037E-38
  4.5036E-38  4.5036E-38  4.5036E-38  4.5036E-38  4.5036E-38
  4.5035E-38  4.5035E-38  4.5035E-38  4.5035E-38  4.5035E-38
  4.5034E-38  4.5034E-38  4.5034E-38  4.5034E-38  4.5034E-38
  4.5034E-38  4.5034E-38  4.5034E-38  4.5034E-38  4.5034E-38
  4.5034E-38  4.5034E-38  4.5034E-38  4.5034E-38  4.5034E-38
  4.5034E-38  4.5034E-38  4.5034E-38  4.5034E-38  4.5034E-38
  4.5034E-38  4.5034E-38  4.5034E-38  4.5034E-38  4.5034E-38
  4.5034E-38  4.5034E-38  4.5034E-38  4.5034E-38  4.5034E-38
  4.5035E-38  4.5035E-38  4.5035E-38  4.5035E-38  4.5035E-38
  4.5036E-38  4.5036E-38  4.5036E-38  4.5036E-38  4.5036E-38
  4.5065E-38  4.5065E-38  4.5065E-38  4.5065E-38  4.5065E-38
  4.5125E-38  4.5125E-38  4.5125E-38  4.5125E-38  4.5125E-38
  4.5145E-38  4.5145E-38  4.5145E-38  4.5145E-38  4.5145E-38
  4.5151E-38  4.5151E-38  4.5151E-38  4.5151E-38  4.5151E-38
  4.5154E-38  4.5154E-38  4.5154E-38  4.5154E-38  4.5154E-38
  4.5155E-38  4.5155E-38  4.5155E-38  4.5155E-38  4.5155E-38
  4.5039E-38  4.5039E-38  4.5039E-38  4.5039E-38  4.5039E-38
  4.5038E-38  4.5038E-38  4.5038E-38  4.5038E-38  4.5038E-38
  4.5037E-38  4.5037E-38  4.5037E-38  4.5037E-38  4.5037E-38
  4.5036E-38  4.5036E-38  4.5036E-38  4.5036E-38  4.5036E-38
  4.5035E-38  4.5035E-38  4.5035E-38  4.5035E-38  4.5035E-38
  4.5035E-38  4.5035E-38  4.5035E-38  4.5035E-38  4.5035E-38
  4.5034E-38  4.5034E-38  4.5034E-38  4.5034E-38  4.5034E-38
  4.5034E-38  4.5034E-38  4.5034E-38  4.5034E-38  4.5034E-38
  4.5034E-38  4.5034E-38  4.5034E-38  4.5034E-38  4.5034E-38
  4.5034E-38  4.5034E-38  4.5034E-38  4.5034E-38  4.5034E-38
  4.5035E-38  4.5035E-38  4.5035E-38  4.5035E-38  4.5035E-38
  4.5036E-38  4.5036E-38  4.5036E-38  4.5036E-38  4.5036E-38
  4.5037E-38  4.5037E-38  4.5037E-38  4.5037E-38  4.5037E-38
  4.5082E-38  4.5082E-38  4.5082E-38  4.5082E-38  4.5082E-38
  4.5133E-38  4.5133E-38  4.5133E-38  4.5133E-38  4.5133E-38
  4.5147E-38  4.5147E-38  4.5147E-38  4.5147E-38  4.5147E-38
  4.5152E-38  4.5152E-38  4.5152E-38  4.5152E-38  4.5152E-38
  4.5154E-38  4.5154E-38  4.5154E-38  4.5154E-38  4.5154E-38
  4.5040E-38  4.5040E-38  4.5040E-38  4.5040E-38  4.5040E-38
  4.5039E-38  4.5039E-38  4.5039E-38  4.5039E-38  4.5039E-38
  4.5038E-38  4.5038E-38  4.5038E-38  4.5038E-38  4.5038E-38
  4.5037E-38  4.5037E-38  4.5037E-38  4.5037E-38  4.5037E-38
  4.5035E-38  4.5035E-38  4.5035E-38  4.5035E-38  4.5035E-38
  4.5035E-38  4.5035E-38  4.5035E-38  4.5035E-38  4.5035E-38
  4.5034E-38  4.5034E-38  4.5034E-38  4.5034E-38  4.5034E-38
  4.5034E-38  4.5034E-38  4.5034E-38  4.5034E-38  4.5034E-38
  4.5034E-38  4.5034E-38  4.5034E-38  4.5034E-38  4.5034E-38
  4.5034E-38  4.5034E-38  4.5034E-38  4.5034E-38  4.5034E-38
  4.5035E-38  4.5035E-38  4.5035E-38  4.5035E-38  4.5035E-38
  4.5036E-38  4.5036E-38  4.5036E-38  4.5036E-38  4.5036E-38
  4.5037E-38  4.5037E-38  4.5037E-38  4.5037E-38  4.5037E-38
  4.5046E-38  4.5046E-38  4.5046E-38  4.5046E-38  4.5046E-38
  4.5122E-38  4.5122E-38  4.5122E-38  4.5122E-38  4.5122E-38
  4.5144E-38  4.5144E-38  4.5144E-38  4.5144E-38  4.5144E-38
  4.5151E-38  4.5151E-38  4.5151E-38  4.5151E-38  4.5151E-38
  4.5153E-38  4.5153E-38  4.5153E-38  4.5153E-38  4.5153E-38
  4.5040E-38  4.5040E-38  4.5040E-38  4.5040E-38  4.5040E-38
  4.5040E-38  4.5040E-38  4.5040E-38  4.5040E-38  4.5040E-38
  4.5038E-38  4.5038E-38  4.5038E-38  4.5038E-38  4.5038E-38
  4.5037E-38  4.5037E-38  4.5037E-38  4.5037E-38  4.5037E-38
  4.5036E-38  4.5036E-38  4.5036E-38  4.5036E-38  4.5036E-38
  4.5035E-38  4.5035E-38  4.5035E-38  4.5035E-38  4.5035E-38
  4.5035E-38  4.5035E-38  4.5035E-38  4.5035E-38  4.5035E-38
  4.5034E-38  4.5034E-38  4.5034E-38  4.5034E-38  4.5034E-38
  4.5034E-38  4.5034E-38  4.5034E-38  4.5034E-38  4.5034E-38
  4.5034E-38  4.5034E-38  4.5034E-38  4.5034E-38  4.5034E-38
  4.5035E-38  4.5035E-38  4.5035E-38  4.5035E-38  4.5035E-38
  4.5036E-38  4.5036E-38  4.5036E-38  4.5036E-38  4.5036E-38
  4.5037E-38  4.5037E-38  4.5037E-38  4.5037E-38  4.5037E-38
  4.5037E-38  4.5037E-38  4.5037E-38  4.5037E-38  4.5037E-38
  4.5109E-38  4.5109E-38  4.5109E-38  4.5109E-38  4.5109E-38
  4.5139E-38  4.5139E-38  4.5139E-38  4.5139E-38  4.5139E-38
  4.5150E-38  4.5150E-38  4.5150E-38  4.5150E-38  4.5150E-38
  4.5153E-38  4.5153E-38  4.5153E-38  4.5153E-38  4.5153E-38
  4.5040E-38  4.5040E-38  4.5040E-38  4.5040E-38  4.5040E-38
  4.5040E-38  4.5040E-38  4.5040E-38  4.5040E-38  4.5040E-38
  4.5039E-38  4.5039E-38  4.5039E-38  4.5039E-38  4.5039E-38
  4.5038E-38  4.5038E-38  4.5038E-38  4.5038E-38  4.5038E-38
  4.5037E-38  4.5037E-38  4.5037E-38  4.5037E-38  4.5037E-38
  4.5036E-38  4.5036E-38  4.5036E-38  4.5036E-38  4.5036E-38
  4.5035E-38  4.5035E-38  4.5035E-38  4.5035E-38  4.5035E-38
  4.5035E-38  4.5035E-38  4.5035E-38  4.5035E-38  4.5035E-38
  4.5034E-38  4.5034E-38  4.5034E-38  4.5034E-38  4.5034E-38
  4.5035E-38  4.5035E-38  4.5035E-38  4.5035E-38  4.5035E-38
  4.5035E-38  4.5035E-38  4.5035E-38  4.5035E-38  4.5035E-38
  4.5036E-38  4.5036E-38  4.5036E-38  4.5036E-38  4.5036E-38
  4.5037E-38  4.5037E-38  4.5037E-38  4.5037E-38  4.5037E-38
  4.5037E-38  4.5037E-38  4.5037E-38  4.5037E-38  4.5037E-38
  4.5068E-38  4.5068E-38  4.5068E-38  4.5068E-38  4.5068E-38
  4.5126E-38  4.5126E-38  4.5126E-38  4.5126E-38  4.5126E-38
  4.5146E-38  4.5146E-38  4.5146E-38  4.5146E-38  4.5146E-38
  4.5152E-38  4.5152E-38  4.5152E-38  4.5152E-38  4.5152E-38
  4.5000E-38  4.5000E-38  4.5000E-38  4.5000E-38  4.5000E-38
  4.5000E-38  4.5000E-38  4.5000E-38  4.5000E-38  4.5000E-38
  4.5000E-38  4.5000E-38  4.5000E-38  4.5000E-38  4.5000E-38
  4.5000E-38  4.5000E-38  4.5000E-38  4.5000E-38  4.5000E-38
  4.5000E-38  4.5000E-38  4.5000E-38  4.5000E-38  4.5000E-38
  4.5000E-38  4.5000E-38  4.5000E-38  4.5000E-38  4.5000E-38
  4.5000E-38  4.5000E-38  4.5000E-38  4.5000E-38  4.5000E-38
  4.5000E-38  4.5000E-38  4.5000E-38  4.5000E-38  4.5000E-38
  4.5000E-38  4.5000E-38  4.5000E-38  4.5000E-38  4.5000E-38
  4.5000E-38  4.5000E-38  4.5000E-38  4.5000E-38  4.5000E-38
  4.5000E-38  4.5000E-38  4.5000E-38  4.5000E-38  4.5000E-38
  4.5000E-38  4.5000E-38  4.5000E-38  4.5000E-38  4.5000E-38
  4.5000E-38  4.5000E-38  4.5000E-38  4.5000E-38  4.5000E-38
  4.5000E-38  4.5000E-38  4.5000E-38  4.5000E-38  4.5000E-38
  4.5000E-38  4.5000E-38  4.5000E-38  4.5000E-38  4.5000E-38
  4.5064E-38  4.5064E-38  4.5064E-38  4.5064E-38  4.5064E-38
  4.5101E-38  4.5101E-38  4.5101E-38  4.5101E-38  4.5101E-38
  4.5112E-38  4.5112E-38  4.5112E-38  4.5112E-38  4.5112E-38
  4.5000E-38  4.5000E-38  4.5000E-38  4.5000E-38  4.5000E-38
  4.5000E-38  4.5000E-38  4.5000E-38  4.5000E-38  4.5000E-38
  4.5000E-38  4.5000E-38  4.5000E-38  4.5000E-38  4.5000E-38
  4.5000E-38  4.5000E-38  4.5000E-38  4.5000E-38  4.5000E-38
  4.5000E-38  4.5000E-38  4.5000E-38  4.5000E-38  4.5000E-38
  4.5000E-38  4.5000E-38  4.5000E-38  4.5000E-38  4.5000E-38
  4.5000E-38  4.5000E-38  4.5000E-38  4.5000E-38  4.5000E-38
  4.5000E-38  4.5000E-38  4.5000E-38  4.5000E-38  4.5000E-38
  4.5000E-38  4.5000E-38  4.5000E-38  4.5000E-38  4.5000E-38
  4.5000E-38  4.5000E-38  4.5000E-38  4.5000E-38  4.5000E-38
  4.5000E-38  4.5000E-38  4.5000E-38  4.5000E-38  4.5000E-38
  4.5000E-38  4.5000E-38  4.5000E-38  4.5000E-38  4.5000E-38
  4.5000E-38  4.5000E-38  4.5000E-38  4.5000E-38  4.5000E-38
  4.5000E-38  4.5000E-38  4.5000E-38  4.5000E-38  4.5000E-38
  4.5000E-38  4.5000E-38  4.5000E-38  4.5000E-38  4.5000E-38
  4.5025E-38  4.5025E-38  4.5025E-38  4.5025E-38  4.5025E-38
  4.5089E-38  4.5089E-38  4.5089E-38  4.5089E-38  4.5089E-38
  4.5108E-38  4.5108E-38  4.5108E-38  4.5108E-38  4.5108E-38
  4.5000E-38  4.5000E-38  4.5000E-38  4.5000E-38  4.5000E-38
  4.5000E-38  4.5000E-38  4.5000E-38  4.5000E-38  4.5000E-38
  4.5000E-38  4.5000E-38  4.5000E-38  4.5000E-38  4.5000E-38
  4.5000E-38  4.5000E-38  4.5000E-38  4.5000E-38  4.5000E-38
  4.5000E-38  4.5000E-38  4.5000E-38  4.5000E-38  4.5000E-38
  4.5000E-38  4.5000E-38  4.5000E-38  4.5000E-38  4.5000E-38
  4.5000E-38  4.5000E-38  4.5000E-38  4.5000E-38  4.5000E-38
  4.5000E-38  4.5000E-38  4.5000E-38  4.5000E-38  4.5000E-38
  4.5000E-38  4.5000E-38  4.5000E-38  4.5000E-38  4.5000E-38
  4.5000E-38  4.5000E-38  4.5000E-38  4.5000E-38  4.5000E-38
  4.5000E-38  4.5000E-38  4.5000E-38  4.5000E-38  4.5000E-38
  4.5000E-38  4.5000E-38  4.5000E-38  4.5000E-38  4.5000E-38
  4.5000E-38  4.5000E-38  4.5000E-38  4.5000E-38  4.5000E-38
  4.5000E-38  4.5000E-38  4.5000E-38  4.5000E-38  4.5000E-38
  4.5000E-38  4.5000E-38  4.5000E-38  4.5000E-38  4.5000E-38
  4.5000E-38  4.5000E-38  4.5000E-38  4.5000E-38  4.5000E-38
  4.5070E-38  4.5070E-38  4.5070E-38  4.5070E-38  4.5070E-38
  4.5101E-38  4.5101E-38  4.5101E-38  4.5101E-38  4.5101E-38
  4.5000E-38  4.5000E-38  4.5000E-38  4.5000E-38  4.5000E-38
  4.5000E-38  4.5000E-38  4.5000E-38  4.5000E-38  4.5000E-38
  4.5000E-38  4.5000E-38  4.5000E-38  4.5000E-38  4.5000E-38
  4.5000E-38  4.5000E-38  4.5000E-38  4.5000E-38  4.5000E-38
  4.5000E-38  4.5000E-38  4.5000E-38  4.5000E-38  4.5000E-38
  4.5000E-38  4.5000E-38  4.5000E-38  4.5000E-38  4.5000E-38
  4.5000E-38  4.5000E-38  4.5000E-38  4.5000E-38  4.5000E-38
  4.5000E-38  4.5000E-38  4.5000E-38  4.5000E-38  4.5000E-38
  4.5000E-38  4.5000E-38  4.5000E-38  4.5000E-38  4.5000E-38
  4.5000E-38  4.5000E-38  4.5000E-38  4.5000E-38  4.5000E-38
  4.5000E-38  4.5000E-38  4.5000E-38  4.5000E-38  4.5000E-38
  4.5000E-38  4.5000E-38  4.5000E-38  4.5000E-38  4.5000E-38
  4.5000E-38  4.5000E-38  4.5000E-38  4.5000E-38  4.5000E-38
  4.5000E-38  4.5000E-38  4.5000E-38  4.5000E-38  4.5000E-38
  4.5000E-38  4.5000E-38  4.5000E-38  4.5000E-38  4.5000E-38
  4.5000E-38  4.5000E-38  4.5000E-38  4.5000E-38  4.5000E-38
  4.5041E-38  4.5041E-38  4.5041E-38  4.5041E-38  4.5041E-38
  4.5092E-38  4.5092E-38  4.5092E-38  4.5092E-38  4.5092E-38
  4.5000E-38  4.5000E-38  4.5000E-38  4.5000E-38  4.5000E-38
  4.5000E-38  4.5000E-38  4.5000E-38  4.5000E-38  4.5000E-38
  4.5000E-38  4.5000E-38  4.5000E-38  4.5000E-38  4.5000E-38
  4.5000E-38  4.5000E-38  4.5000E-38  4.5000E-38  4.5000E-38
  4.5000E-38  4.5000E-38  4.5000E-38  4.5000E-38  4.5000E-38
  4.5000E-38  4.5000E-38  4.5000E-38  4.5000E-38  4.5000E-38
  4.5000E-38  4.5000E-38  4.5000E-38  4.5000E-38  4.5000E-38
  4.5000E-38  4.5000E-38  4.5000E-38  4.5000E-38  4.5000E-38
  4.5000E-38  4.5000E-38  4.5000E-38  4.5000E-38  4.5000E-38
  4.5000E-38  4.5000E-38  4.5000E-38  4.5000E-38  4.5000E-38
  4.5000E-38  4.5000E-38  4.5000E-38  4.5000E-38  4.5000E-38
  4.5000E-38  4.5000E-38  4.5000E-38  4.5000E-38  4.5000E-38
  4.5000E-38  4.5000E-38  4.5000E-38  4.5000E-38  4.5000E-38
  4.5000E-38  4.5000E-38  4.5000E-38  4.5000E-38  4.5000E-38
  4.5000E-38  4.5000E-38  4.5000E-38  4.5000E-38  4.5000E-38
  4.5000E-38  4.5000E-38  4.5000E-38  4.5000E-38  4.5000E-38
  4.5000E-38  4.5000E-38  4.5000E-38  4.5000E-38  4.5000E-38
  4.5077E-38  4.5077E-38  4.5077E-38  4.5077E-38  4.5077E-38
  4.5000E-38  4.5000E-38  4.5000E-38  4.5000E-38  4.5000E-38
  4.5000E-38  4.5000E-38  4.5000E-38  4.5000E-38  4.5000E-38
  4.5000E-38  4.5000E-38  4.5000E-38  4.5000E-38  4.5000E-38
  4.5000E-38  4.5000E-38  4.5000E-38  4.5000E-38  4.5000E-38
  4.5000E-38  4.5000E-38  4.5000E-38  4.5000E-38  4.5000E-38
  4.5000E-38  4.5000E-38  4.5000E-38  4.5000E-38  4.5000E-38
  4.5000E-38  4.5000E-38  4.5000E-38  4.5000E-38  4.5000E-38
  4.5000E-38  4.5000E-38  4.5000E-38  4.5000E-38  4.5000E-38
  4.5000E-38  4.5000E-38  4.5000E-38  4.5000E-38  4.5000E-38
  4.5000E-38  4.5000E-38  4.5000E-38  4.5000E-38  4.5000E-38
  4.5000E-38  4.5000E-38  4.5000E-38  4.5000E-38  4.5000E-38
  4.5000E-38  4.5000E-38  4.5000E-38  4.5000E-38  4.5000E-38
  4.5000E-38  4.5000E-38  4.5000E-38  4.5000E-38  4.5000E-38
  4.5000E-38  4.5000E-38  4.5000E-38  4.5000E-38  4.5000E-38
  4.5000E-38  4.5000E-38  4.5000E-38  4.5000E-38  4.5000E-38
  4.5000E-38  4.5000E-38  4.5000E-38  4.5000E-38  4.5000E-38
  4.5000E-38  4.5000E-38  4.5000E-38  4.5000E-38  4.5000E-38
  4.5054E-38  4.5054E-38  4.5054E-38  4.5054E-38  4.5054E-38
  4.5000E-38  4.5000E-38  4.5000E-38  4.5000E-38  4.5000E-38
  4.5000E-38  4.5000E-38  4.5000E-38  4.5000E-38  4.5000E-38
  4.5000E-38  4.5000E-38  4.5000E-38  4.5000E-38  4.5000E-38
  4.5000E-38  4.5000E-38  4.5000E-38  4.5000E-38  4.5000E-38
  4.5000E-38  4.5000E-38  4.5000E-38  4.5000E-38  4.5000E-38
  4.5000E-38  4.5000E-38  4.5000E-38  4.5000E-38  4.5000E-38
  4.5000E-38  4.5000E-38  4.5000E-38  4.5000E-38  4.5000E-38
  4.5000E-38  4.5000E-38  4.5000E-38  4.5000E-38  4.5000E-38
  4.5000E-38  4.5000E-38  4.5000E-38  4.5000E-38  4.5000E-38
  4.5000E-38  4.5000E-38  4.5000E-38  4.5000E-38  4.5000E-38
  4.5000E-38  4.5000E-38  4.5000E-38  4.5000E-38  4.5000E-38
  4.5000E-38  4.5000E-38  4.5000E-38  4.5000E-38  4.5000E-38
  4.5000E-38  4.5000E-38  4.5000E-38  4.5000E-38  4.5000E-38
  4.5000E-38  4.5000E-38  4.5000E-38  4.5000E-38  4.5000E-38
  4.5000E-38  4.5000E-38  4.5000E-38  4.5000E-38  4.5000E-38
  4.5000E-38  4.5000E-38  4.5000E-38  4.5000E-38  4.5000E-38
  4.5000E-38  4.5000E-38  4.5000E-38  4.5000E-38  4.5000E-38
  4.5000E-38  4.5000E-38  4.5000E-38  4.5000E-38  4.5000E-38
  4.5017E-38  7.1300E-22  2.3954E-31  2.8147E-30  1.1870E-30
  4.5017E-38  2.3768E-22  4.3388E-32  5.0982E-31  2.1499E-31
  4.5017E-38  7.1306E-23  6.8541E-33  8.0539E-32  3.3963E-32
  4.5017E-38  2.3769E-23  1.2920E-33  1.5181E-32  6.4017E-33
  4.5017E-38  7.1308E-24  2.0954E-34  2.4622E-33  1.0383E-33
  4.5017E-38  2.3769E-24  4.0054E-35  4.7064E-34  1.9847E-34
  4.5017E-38  7.1305E-25  6.5535E-36  7.7006E-35  3.2474E-35
  4.5017E-38  2.3766E-25  1.2584E-36  1.4786E-35  6.2352E-36
  4.5017E-38  7.1287E-26  2.0644E-37  2.4257E-36  1.0229E-36
  4.5018E-38  2.3761E-26  4.5018E-38  4.6646E-37  1.9671E-37
  4.5017E-38  7.1282E-27  4.5017E-38  7.6614E-38  4.5017E-38
  4.5017E-38  2.3760E-27  4.5017E-38  4.5017E-38  4.5017E-38
  4.5017E-38  7.1281E-28  4.5017E-38  4.5017E-38  4.5017E-38
  4.5017E-38  2.3760E-28  4.5017E-38  4.5017E-38  4.5017E-38
  4.5017E-38  7.1281E-29  4.5017E-38  4.5017E-38  4.5017E-38
  4.5017E-38  2.3760E-29  4.5017E-38  4.5017E-38  4.5017E-38
  4.5017E-38  7.1281E-30  4.5017E-38  4.5017E-38  4.5017E-38
  4.5017E-38  2.3760E-30  4.5017E-38  4.5017E-38  4.5017E-38
  6.6270E-36  9.7689E-20  7.1327E-28  7.0906E-27  3.1314E-27
  1.2754E-36  3.2566E-20  1.1371E-28  1.1303E-27  4.9921E-28
  2.0957E-37  9.7709E-21  1.6292E-29  1.6196E-28  7.1527E-29
  4.5017E-38  3.2571E-21  2.8998E-30  2.8827E-29  1.2731E-29
  4.5017E-38  9.7719E-22  4.5257E-31  4.4988E-30  1.9869E-30
  4.5017E-38  3.2574E-22  8.4738E-32  8.4236E-31  3.7201E-31
  4.5017E-38  9.7722E-23  1.3684E-32  1.3603E-31  6.0076E-32
  4.5018E-38  3.2573E-23  2.6098E-33  2.5943E-32  1.1457E-32
  4.5017E-38  9.7706E-24  4.2635E-34  4.2383E-33  1.8718E-33
  4.5017E-38  3.2565E-24  8.1800E-35  8.1317E-34  3.5912E-34
  4.5018E-38  9.7689E-25  1.3416E-35  1.3336E-34  5.8899E-35
  4.5017E-38  3.2562E-25  2.5795E-36  2.5643E-35  1.1324E-35
  4.5017E-38  9.7686E-26  4.2361E-37  4.2111E-36  1.8598E-36
  4.5017E-38  3.2562E-26  8.1501E-38  8.1020E-37  3.5781E-37
  4.5017E-38  9.7686E-27  4.5017E-38  1.3310E-37  5.8783E-38
  4.5017E-38  3.2562E-27  4.5017E-38  4.5017E-38  4.5017E-38
  4.5017E-38  9.7686E-28  4.5017E-38  4.5017E-38  4.5017E-38
  4.5017E-38  3.2562E-28  4.5017E-38  4.5017E-38  4.5017E-38
  1.8008E-32  7.6927E-18  1.2766E-24  1.0935E-23  6.0017E-25
  3.4655E-33  2.5645E-18  1.7197E-25  1.4731E-24  2.4253E-25
  5.6945E-34  7.6943E-19  2.0773E-26  1.7794E-25  8.1849E-26
  1.0959E-34  2.5651E-19  3.2604E-27  2.7930E-26  1.2847E-26
  1.8007E-35  7.6959E-20  4.6087E-28  3.9480E-27  1.8160E-27
  3.4655E-36  2.5655E-20  8.1322E-29  6.9661E-28  3.2042E-28
  5.6944E-37  7.6967E-21  1.2614E-29  1.0805E-28  4.9700E-29
  1.0958E-37  2.5656E-21  2.3536E-30  2.0162E-29  9.2739E-30
  4.5018E-38  7.6964E-22  3.7921E-31  3.2484E-30  1.4942E-30
  4.5018E-38  2.5652E-22  7.2227E-32  6.1872E-31  2.8459E-31
  4.5018E-38  7.6947E-23  1.1791E-32  1.0100E-31  4.6459E-32
  4.5018E-38  2.5648E-23  2.2617E-33  1.9375E-32  8.9117E-33
  4.5017E-38  7.6943E-24  3.7088E-34  3.1770E-33  1.4614E-33
  4.5017E-38  2.5648E-24  7.1302E-35  6.1079E-34  2.8095E-34
  4.5017E-38  7.6943E-25  1.1708E-35  1.0030E-34  4.6135E-35
  4.5017E-38  2.5648E-25  2.2526E-36  1.9296E-35  8.8758E-36
  4.5017E-38  7.6943E-26  3.7006E-37  3.1700E-36  1.4582E-36
  4.5017E-38  2.5648E-26  7.1212E-38  6.1001E-37  2.8059E-37
  2.1196E-29  3.8020E-16  1.3586E-21  1.0186E-20  3.6104E-23
  4.0785E-30  1.2673E-16  1.6375E-22  1.2277E-21  1.3056E-23
  6.7015E-31  3.8021E-17  1.6993E-23  1.2739E-22  4.5161E-24
  1.2897E-31  1.2675E-17  2.2935E-24  1.7195E-23  1.8286E-24
  2.1192E-32  3.8029E-18  2.7771E-25  2.0819E-24  7.3804E-25
  4.0784E-33  1.2678E-18  4.3675E-26  3.2742E-25  1.5614E-25
  6.7014E-34  3.8038E-19  6.1846E-27  4.6366E-26  2.2111E-26
  1.2897E-34  1.2680E-19  1.0925E-27  8.1905E-27  3.9058E-27
  2.1190E-35  3.8040E-20  1.6958E-28  1.2714E-27  6.0628E-28
  4.0775E-36  1.2679E-20  3.1654E-29  2.3731E-28  1.1317E-28
  6.6984E-37  3.8033E-21  5.1010E-30  3.8242E-29  1.8237E-29
  1.2890E-37  1.2677E-21  9.7181E-31  7.2856E-30  3.4744E-30
  4.5017E-38  3.8030E-22  1.5869E-31  1.1897E-30  5.6734E-31
  4.5017E-38  1.2677E-22  3.0442E-32  2.2822E-31  1.0883E-31
  4.5017E-38  3.8029E-23  4.9921E-33  3.7425E-32  1.7848E-32
  4.5017E-38  1.2677E-23  9.5976E-34  7.1952E-33  3.4313E-33
  4.5017E-38  3.8029E-24  1.5760E-34  1.1815E-33  5.6346E-34
  4.5017E-38  1.2677E-24  3.0322E-35  2.2732E-34  1.0840E-34
  1.2262E-26  1.2658E-14  8.0438E-19  1.1501E-18  1.6177E-21
  2.3573E-27  4.2165E-15  9.2216E-20  3.9583E-19  5.5678E-22
  3.8726E-28  1.2649E-15  8.8179E-21  5.8626E-20  1.7750E-22
  7.4528E-29  4.2163E-16  1.0734E-21  7.1367E-21  6.4822E-23
  1.2246E-29  1.2650E-16  1.1307E-22  7.5179E-22  2.2762E-23
  2.3567E-30  4.2172E-17  1.5526E-23  1.0322E-22  9.3758E-24
  3.8725E-31  1.2654E-17  1.9180E-24  1.2752E-23  3.8609E-24
  7.4525E-32  4.2182E-18  3.0675E-25  2.0394E-24  1.0044E-24
  1.2246E-32  1.2656E-18  4.4069E-26  2.9299E-25  1.4430E-25
  2.3564E-33  4.2186E-19  7.8566E-27  5.2233E-26  2.5725E-26
  3.8712E-34  1.2655E-19  1.2274E-27  8.1601E-27  4.0188E-27
  7.4488E-35  4.2177E-20  2.2992E-28  1.5286E-27  7.5285E-28
  1.2239E-35  1.2653E-20  3.7145E-29  2.4696E-28  1.2163E-28
  2.3553E-36  4.2176E-21  7.0860E-30  4.7111E-29  2.3202E-29
  3.8701E-37  1.2653E-21  1.1580E-30  7.6991E-30  3.7917E-30
  7.4480E-38  4.2176E-22  2.2223E-31  1.4776E-30  7.2768E-31
  4.5017E-38  1.2653E-22  3.6454E-32  2.4236E-31  1.1937E-31
  4.5017E-38  4.2177E-23  7.0094E-33  4.6602E-32  2.2951E-32
  8.4037E-20  7.3001E-11  6.5621E-12  1.0185E-14  2.2571E-17
  1.6175E-20  2.4331E-11  7.3103E-13  3.4045E-15  7.5444E-18
  2.6556E-21  7.2940E-12  6.6059E-14  1.0263E-15  2.2743E-18
  5.1024E-22  2.4285E-12  7.3881E-15  3.4477E-16  7.6402E-19
  8.3768E-23  7.2812E-13  6.7561E-16  1.0516E-16  2.3304E-19
  1.6119E-23  2.4268E-13  7.7126E-17  3.6019E-17  7.9818E-20
  2.6487E-24  7.2808E-14  7.3057E-18  1.1373E-17  2.5203E-20
  5.0975E-25  2.4270E-14  8.7729E-19  4.0972E-18  9.0793E-21
  8.3759E-26  7.2819E-15  9.0482E-20  4.4649E-19  3.1214E-21
  1.6119E-26  2.4275E-15  1.2126E-20  5.9835E-20  1.2550E-21
  2.6485E-27  7.2832E-16  1.4556E-21  7.1826E-21  5.0217E-22
  5.0963E-28  2.4279E-16  2.2721E-22  1.1211E-21  2.3519E-22
  8.3721E-29  7.2830E-17  3.1958E-23  1.5770E-22  8.4031E-23
  1.6110E-29  2.4276E-17  5.6212E-24  2.7738E-23  1.4780E-23
  2.6471E-30  7.2833E-18  8.6996E-25  4.2928E-24  2.2874E-24
  5.0943E-31  2.4278E-18  1.6213E-25  8.0006E-25  4.2631E-25
  8.3709E-32  7.2836E-19  2.6105E-26  1.2882E-25  6.8639E-26
  1.6110E-32  2.4278E-19  4.9711E-27  2.4529E-26  1.3071E-26
  2.9740E-15  5.5142E-08  6.9532E-09  1.0669E-11  3.3765E-14
  9.9145E-16  1.8383E-08  2.3705E-09  3.6329E-12  1.1445E-14
  2.9744E-16  5.5151E-09  7.1753E-10  1.0991E-12  3.4570E-15
  8.9327E-17  1.8383E-09  2.4006E-10  3.6767E-13  1.1559E-15
  1.4721E-17  5.5121E-10  7.2237E-11  1.1063E-13  3.4775E-16
  2.8335E-18  1.8353E-10  1.4619E-11  3.7004E-14  1.1631E-16
  4.6554E-19  5.5013E-11  1.3245E-12  1.1186E-14  3.5161E-17
  8.9627E-20  1.8335E-11  1.4911E-13  3.7784E-15  1.1877E-17
  1.4732E-20  5.5005E-12  1.3767E-14  1.1629E-15  3.6554E-18
  2.8357E-21  1.8336E-12  1.5923E-15  4.0354E-16  1.2684E-18
  4.6600E-22  5.5009E-13  1.5433E-16  1.3037E-16  4.0978E-19
  8.9682E-23  1.8337E-13  1.9128E-17  4.8476E-17  1.5237E-19
  1.4735E-23  5.5013E-14  2.0695E-18  8.1162E-18  5.4958E-20
  2.8351E-24  1.8337E-14  2.9250E-19  1.1471E-18  2.3307E-20
  4.6579E-25  5.5015E-15  3.7330E-20  1.4640E-19  9.9158E-21
  8.9639E-26  1.8340E-15  6.1270E-21  2.4029E-20  4.8827E-21
  1.4730E-26  5.5023E-16  8.9948E-22  3.5276E-21  1.9956E-21
  2.8347E-27  1.8342E-16  1.6253E-22  6.3743E-22  3.6060E-22
  8.3406E-13  9.9901E-06  3.7594E-07  6.4407E-10  4.4606E-12
  4.4476E-13  3.3977E-06  2.2741E-07  3.7404E-10  2.0227E-12
  2.2254E-13  1.0271E-06  1.0900E-07  1.7374E-10  8.0805E-13
  1.1233E-13  3.4317E-07  4.7272E-08  7.4137E-11  3.2238E-13
  3.3728E-14  1.0304E-07  1.6349E-08  2.5435E-11  1.0719E-13
  1.1244E-14  3.4350E-08  5.7399E-09  8.9044E-12  3.7137E-14
  3.3715E-15  1.0300E-08  1.7583E-09  2.7248E-12  1.1320E-14
  1.1225E-15  3.4293E-09  5.9051E-10  9.1466E-13  3.7951E-15
  2.0585E-16  1.0281E-09  1.7859E-10  2.7662E-13  1.1475E-15
  3.9781E-17  3.4267E-10  2.2422E-11  9.3205E-14  3.8658E-16
  6.5538E-18  1.0280E-10  2.0565E-12  2.8498E-14  1.1820E-16
  1.2630E-18  3.4267E-11  2.3538E-13  9.7858E-15  4.0585E-17
  2.0769E-19  1.0280E-11  2.2392E-14  3.1033E-15  1.2870E-17
  3.9982E-20  3.4266E-12  2.7051E-15  1.1247E-15  4.6648E-18
  6.5698E-21  1.0279E-12  2.8161E-16  3.9038E-16  1.6190E-18
  1.2644E-21  3.4266E-13  3.8159E-17  1.2472E-16  6.5823E-19
  2.0776E-22  1.0281E-13  4.6426E-18  1.5175E-17  2.6694E-19
  3.9985E-23  3.4274E-14  7.3314E-19  2.3963E-18  1.2647E-19
  1.0166E-11  1.1070E-05  4.2565E-07  7.4245E-10  7.0388E-12
  8.0682E-12  1.1069E-05  4.2523E-07  7.4178E-10  7.0278E-12
  5.8169E-12  1.1068E-05  4.2465E-07  7.4093E-10  7.0144E-12
  4.0772E-12  1.1067E-05  4.2384E-07  7.3981E-10  6.9967E-12
  2.3829E-12  6.9202E-06  3.5314E-07  6.0522E-10  4.9822E-12
  1.2525E-12  2.3399E-06  2.0841E-07  3.4387E-10  2.2608E-12
  6.0931E-13  7.0574E-07  9.7336E-08  1.5610E-10  8.9646E-13
  3.0006E-13  2.3557E-07  4.1335E-08  6.5352E-11  3.5368E-13
  1.0057E-13  7.0641E-08  1.4068E-08  2.2089E-11  1.1635E-13
  3.3495E-14  2.3527E-08  4.9182E-09  7.7032E-12  4.0215E-14
  1.0046E-14  7.0565E-09  1.5141E-09  2.3685E-12  1.2324E-14
  2.8448E-15  2.3521E-09  5.1324E-10  8.0247E-13  4.1712E-15
  4.7248E-16  7.0564E-10  4.8993E-11  2.4627E-13  1.2797E-15
  9.1417E-17  2.3521E-10  5.6056E-12  8.4562E-14  4.3933E-16
  1.5069E-17  7.0557E-11  5.3249E-13  2.6783E-14  1.3914E-16
  2.9044E-18  2.3517E-11  6.4196E-14  9.6887E-15  5.0333E-17
  4.7770E-19  7.0556E-12  6.6643E-15  3.3529E-15  1.7419E-17
  9.1974E-20  2.3521E-12  8.9998E-16  1.3584E-15  7.0570E-18
  4.5297E-11  1.1073E-05  4.7121E-07  8.3555E-10  1.0903E-11
  4.2782E-11  1.1057E-05  4.6679E-07  8.2681E-10  1.0681E-11
  3.9613E-11  1.1046E-05  4.6387E-07  8.2112E-10  1.0539E-11
  3.5852E-11  1.1041E-05  4.6218E-07  8.1792E-10  1.0461E-11
  3.0518E-11  1.1036E-05  4.6079E-07  8.1545E-10  1.0402E-11
  2.4769E-11  1.1033E-05  4.5953E-07  8.1341E-10  1.0354E-11
  1.8286E-11  1.1030E-05  4.5769E-07  8.1064E-10  1.0292E-11
  1.3017E-11  1.1025E-05  4.5503E-07  8.0683E-10  1.0208E-11
  7.4023E-12  6.3422E-06  3.7023E-07  6.4364E-10  6.8822E-12
  3.6643E-12  2.1410E-06  2.2077E-07  3.7019E-10  3.1406E-12
  1.5865E-12  6.4472E-07  1.0316E-07  1.6841E-10  1.2400E-12
  7.5221E-13  2.1508E-07  4.4411E-08  7.1405E-11  4.9417E-13
  3.2667E-13  6.4553E-08  1.5637E-08  2.4900E-11  1.6742E-13
  1.4254E-13  2.1520E-08  5.6255E-09  8.9182E-12  5.9366E-14
  4.4824E-14  6.4564E-09  1.7747E-09  2.8068E-12  1.8610E-14
  1.1150E-14  2.1519E-09  2.2251E-10  9.8029E-13  6.4916E-15
  1.8628E-15  6.4554E-10  2.1117E-11  3.1061E-13  2.0559E-15
  3.6148E-16  2.1518E-10  2.5322E-12  1.1181E-13  7.3992E-16
  1.7837E-10  1.1334E-05  5.8133E-07  1.0635E-09  2.1723E-11
  1.4560E-10  1.1240E-05  5.5168E-07  1.0017E-09  1.8787E-11
  1.2399E-10  1.1156E-05  5.2745E-07  9.5185E-10  1.6746E-11
  1.1143E-10  1.1101E-05  5.1243E-07  9.2129E-10  1.5616E-11
  1.0129E-10  1.1061E-05  5.0190E-07  9.0006E-10  1.4878E-11
  9.2790E-11  1.1038E-05  4.9589E-07  8.8811E-10  1.4479E-11
  8.2275E-11  1.1022E-05  4.9157E-07  8.7981E-10  1.4210E-11
  7.0638E-11  1.1012E-05  4.8860E-07  8.7442E-10  1.4040E-11
  5.5886E-11  1.1004E-05  4.8535E-07  8.6901E-10  1.3877E-11
  4.1822E-11  1.0995E-05  4.8131E-07  8.6280E-10  1.3694E-11
  2.6610E-11  1.0980E-05  4.7238E-07  8.4962E-10  1.3318E-11
  1.3591E-11  7.6160E-06  4.0337E-07  7.2119E-10  9.9265E-12
  5.8800E-12  2.3202E-06  2.3155E-07  3.9976E-10  4.1940E-12
  3.0455E-12  7.7721E-07  1.2036E-07  2.0199E-10  1.8459E-12
  1.4774E-12  2.3360E-07  5.0668E-08  8.3143E-11  7.0429E-13
  7.2843E-13  7.7912E-08  2.0578E-08  3.3333E-11  2.7375E-13
  3.1277E-13  2.3376E-08  7.0728E-09  1.1361E-11  9.2009E-14
  1.3743E-13  7.7926E-09  1.5783E-09  4.2042E-12  3.3882E-14
  1.2534E-09  1.1667E-05  7.1837E-07  1.3609E-09  5.0434E-11
  8.3152E-10  1.1604E-05  6.9366E-07  1.3068E-09  4.3770E-11
  5.4914E-10  1.1510E-05  6.5965E-07  1.2327E-09  3.6219E-11
  3.9447E-10  1.1409E-05  6.2572E-07  1.1595E-09  3.0321E-11
  2.9098E-10  1.1294E-05  5.9064E-07  1.0851E-09  2.5495E-11
  2.3055E-10  1.1200E-05  5.6423E-07  1.0299E-09  2.2500E-11
  1.8320E-10  1.1120E-05  5.4290E-07  9.8597E-10  2.0398E-11
  1.4762E-10  1.1067E-05  5.2962E-07  9.5899E-10  1.9215E-11
  1.1196E-10  1.1029E-05  5.1985E-07  9.3959E-10  1.8413E-11
  8.2115E-11  1.1005E-05  5.1343E-07  9.2739E-10  1.7932E-11
  5.3877E-11  1.0985E-05  5.0704E-07  9.1623E-10  1.7511E-11
  3.1853E-11  1.0966E-05  4.9881E-07  9.0308E-10  1.7037E-11
  1.3668E-11  1.0925E-05  4.7715E-07  8.6994E-10  1.5905E-11
  6.3959E-12  1.0839E-05  4.3995E-07  8.1225E-10  1.4112E-11
  3.2684E-12  4.2592E-06  2.9720E-07  5.3658E-10  7.3081E-12
  1.8456E-12  1.4327E-06  1.6896E-07  2.9553E-10  3.3729E-12
  9.8613E-13  4.3127E-07  7.8154E-08  1.3272E-10  1.3625E-12
  5.5073E-13  1.4391E-07  3.4613E-08  5.7618E-11  5.6437E-13
  6.0192E-09  1.1758E-05  7.5618E-07  1.4315E-09  5.6762E-11
  4.5374E-09  1.1743E-05  7.5139E-07  1.4283E-09  5.9753E-11
  3.1186E-09  1.1715E-05  7.4135E-07  1.4103E-09  5.9049E-11
  2.1323E-09  1.1674E-05  7.2645E-07  1.3791E-09  5.5234E-11
  1.3906E-09  1.1606E-05  7.0265E-07  1.3275E-09  4.8702E-11
  9.5703E-10  1.1521E-05  6.7462E-07  1.2664E-09  4.1986E-11
  6.6131E-10  1.1409E-05  6.4002E-07  1.1916E-09  3.5259E-11
  4.9317E-10  1.1301E-05  6.0925E-07  1.1261E-09  3.0420E-11
  3.7200E-10  1.1192E-05  5.8056E-07  1.0661E-09  2.6663E-11
  2.9179E-10  1.1112E-05  5.6054E-07  1.0249E-09  2.4393E-11
  2.1965E-10  1.1047E-05  5.4458E-07  9.9282E-10  2.2781E-11
  1.6084E-10  1.1003E-05  5.3337E-07  9.7139E-10  2.1777E-11
  9.7486E-11  1.0962E-05  5.2026E-07  9.4857E-10  2.0776E-11
  4.7864E-11  1.0907E-05  4.9773E-07  9.1235E-10  1.9306E-11
  2.2189E-11  1.0792E-05  4.5616E-07  8.4573E-10  1.6882E-11
  1.2597E-11  1.0626E-05  4.0862E-07  7.6811E-10  1.4400E-11
  6.8286E-12  4.7124E-06  2.8298E-07  5.2504E-10  8.0746E-12
  3.8664E-12  1.5867E-06  1.6276E-07  2.9322E-10  3.8266E-12
  9.9985E-09  1.1765E-05  7.5032E-07  1.3552E-09  3.6329E-11
  9.2500E-09  1.1764E-05  7.5550E-07  1.3997E-09  4.6247E-11
  8.0748E-09  1.1761E-05  7.5713E-07  1.4249E-09  5.5085E-11
  6.7250E-09  1.1753E-05  7.5541E-07  1.4324E-09  6.0163E-11
  5.1106E-09  1.1733E-05  7.4950E-07  1.4261E-09  6.2044E-11
  3.7410E-09  1.1702E-05  7.3948E-07  1.4072E-09  6.0557E-11
  2.5392E-09  1.1648E-05  7.2209E-07  1.3705E-09  5.5990E-11
  1.7562E-09  1.1576E-05  6.9963E-07  1.3218E-09  5.0063E-11
  1.1869E-09  1.1473E-05  6.6899E-07  1.2554E-09  4.3046E-11
  8.5335E-10  1.1363E-05  6.3861E-07  1.1902E-09  3.7294E-11
  6.1373E-10  1.1241E-05  6.0721E-07  1.1240E-09  3.2364E-11
  4.6062E-10  1.1141E-05  5.8301E-07  1.0741E-09  2.9150E-11
  3.2658E-10  1.1051E-05  5.6147E-07  1.0313E-09  2.6686E-11
  2.0666E-10  1.0980E-05  5.4207E-07  9.9562E-10  2.4834E-11
  9.8182E-11  1.0879E-05  5.0922E-07  9.4007E-10  2.2255E-11
  5.2258E-11  1.0734E-05  4.6735E-07  8.7035E-10  1.9415E-11
  2.8978E-11  1.0497E-05  4.1144E-07  7.7648E-10  1.6103E-11
  1.7072E-11  1.0156E-05  3.4767E-07  6.6713E-10  1.2799E-11
  1.1024E-08  1.1747E-05  7.0239E-07  1.0923E-09  1.6296E-11
  1.0825E-08  1.1758E-05  7.2867E-07  1.2301E-09  2.4677E-11
  1.0446E-08  1.1763E-05  7.4495E-07  1.3298E-09  3.5618E-11
  9.8817E-09  1.1763E-05  7.5272E-07  1.3848E-09  4.5707E-11
  9.0148E-09  1.1760E-05  7.5628E-07  1.4180E-09  5.4961E-11
  7.8988E-09  1.1755E-05  7.5612E-07  1.4311E-09  6.0640E-11
  6.4082E-09  1.1738E-05  7.5205E-07  1.4305E-09  6.3434E-11
  4.9552E-09  1.1710E-05  7.4412E-07  1.4170E-09  6.2974E-11
  3.5137E-09  1.1661E-05  7.2956E-07  1.3872E-09  5.9567E-11
  2.4788E-09  1.1593E-05  7.0995E-07  1.3452E-09  5.4446E-11
  1.6738E-09  1.1492E-05  6.8186E-07  1.2846E-09  4.7767E-11
  1.1805E-09  1.1379E-05  6.5247E-07  1.2219E-09  4.1830E-11
  8.1585E-10  1.1246E-05  6.2002E-07  1.1538E-09  3.6368E-11
  5.6742E-10  1.1128E-05  5.9229E-07  1.0977E-09  3.2492E-11
  3.1852E-10  1.0999E-05  5.5945E-07  1.0360E-09  2.8787E-11
  1.6366E-10  1.0847E-05  5.1872E-07  9.6439E-10  2.5098E-11
  8.7905E-11  1.0617E-05  4.6589E-07  8.7314E-10  2.1100E-11
  5.2313E-11  1.0312E-05  4.0826E-07  7.7358E-10  1.7382E-11
  1.1175E-08  1.1672E-05  5.5998E-07  6.4383E-10  6.0614E-12
  1.1154E-08  1.1716E-05  6.3926E-07  8.6914E-10  1.0508E-11
  1.1064E-08  1.1742E-05  6.9398E-07  1.0794E-09  1.7772E-11
  1.0897E-08  1.1755E-05  7.2360E-07  1.2213E-09  2.6611E-11
  1.0571E-08  1.1761E-05  7.4212E-07  1.3244E-09  3.7799E-11
  1.0078E-08  1.1762E-05  7.5109E-07  1.3816E-09  4.7778E-11
  9.2821E-09  1.1759E-05  7.5538E-07  1.4163E-09  5.6656E-11
  8.3003E-09  1.1752E-05  7.5570E-07  1.4304E-09  6.1988E-11
  6.8995E-09  1.1735E-05  7.5198E-07  1.4306E-09  6.4576E-11
  5.4732E-09  1.1705E-05  7.4437E-07  1.4181E-09  6.4157E-11
  3.9653E-09  1.1652E-05  7.3011E-07  1.3892E-09  6.0995E-11
  2.8244E-09  1.1579E-05  7.1073E-07  1.3481E-09  5.6166E-11
  1.8991E-09  1.1468E-05  6.8263E-07  1.2883E-09  4.9722E-11
  1.3047E-09  1.1342E-05  6.5239E-07  1.2248E-09  4.3801E-11
  8.0152E-10  1.1183E-05  6.1541E-07  1.1501E-09  3.7883E-11
  4.3057E-10  1.1009E-05  5.7331E-07  1.0706E-09  3.2598E-11
  2.1719E-10  1.0753E-05  5.1661E-07  9.6792E-10  2.6961E-11
  1.2844E-10  1.0443E-05  4.5975E-07  8.6668E-10  2.2363E-11
  1.1038E-08  1.1439E-05  3.0432E-07  2.4896E-10  1.9277E-12
  1.1135E-08  1.1584E-05  4.4227E-07  4.3724E-10  3.8968E-12
  1.1169E-08  1.1671E-05  5.6524E-07  6.8539E-10  7.6174E-12
  1.1143E-08  1.1715E-05  6.4261E-07  9.0817E-10  1.2964E-11
  1.1044E-08  1.1741E-05  6.9587E-07  1.1099E-09  2.1328E-11
  1.0862E-08  1.1754E-05  7.2464E-07  1.2428E-09  3.0959E-11
  1.0510E-08  1.1760E-05  7.4252E-07  1.3376E-09  4.2340E-11
  9.9818E-09  1.1759E-05  7.5098E-07  1.3891E-09  5.1773E-11
  9.1082E-09  1.1755E-05  7.5481E-07  1.4196E-09  5.9569E-11
  8.1373E-09  1.1744E-05  7.5449E-07  1.4306E-09  6.3863E-11
  6.7142E-09  1.1721E-05  7.4976E-07  1.4276E-09  6.5501E-11
  5.3099E-09  1.1683E-05  7.4084E-07  1.4119E-09  6.4455E-11
  3.8189E-09  1.1616E-05  7.2451E-07  1.3787E-09  6.0840E-11
  2.6844E-09  1.1523E-05  7.0255E-07  1.3328E-09  5.5783E-11
  1.7161E-09  1.1380E-05  6.7020E-07  1.2660E-09  4.9139E-11
  9.8874E-10  1.1204E-05  6.3035E-07  1.1871E-09  4.2446E-11
  4.7679E-10  1.0931E-05  5.7067E-07  1.0742E-09  3.4616E-11
  2.7097E-10  1.0591E-05  5.0918E-07  9.6050E-10  2.8286E-11
  1.0577E-08  1.0761E-05  1.0269E-07  7.1510E-11  5.5517E-13
  1.0882E-08  1.1207E-05  2.0064E-07  1.5455E-10  1.2644E-12
  1.1065E-08  1.1473E-05  3.4736E-07  3.1735E-10  2.8999E-12
  1.1141E-08  1.1603E-05  4.7938E-07  5.2521E-10  5.6346E-12
  1.1152E-08  1.1681E-05  5.9117E-07  7.7826E-10  1.0585E-11
  1.1100E-08  1.1720E-05  6.5944E-07  9.8973E-10  1.7335E-11
  1.0957E-08  1.1744E-05  7.0564E-07  1.1702E-09  2.7165E-11
  1.0714E-08  1.1754E-05  7.3022E-07  1.2837E-09  3.7506E-11
  1.0259E-08  1.1757E-05  7.4512E-07  1.3617E-09  4.8523E-11
  9.5945E-09  1.1754E-05  7.5169E-07  1.4023E-09  5.6722E-11
  8.5454E-09  1.1744E-05  7.5373E-07  1.4241E-09  6.2762E-11
  7.4697E-09  1.1726E-05  7.5155E-07  1.4285E-09  6.5515E-11
  5.9535E-09  1.1686E-05  7.4401E-07  1.4181E-09  6.5688E-11
  4.5661E-09  1.1627E-05  7.3150E-07  1.3944E-09  6.3531E-11
  3.1360E-09  1.1521E-05  7.0934E-07  1.3496E-09  5.8873E-11
  1.9685E-09  1.1372E-05  6.7811E-07  1.2871E-09  5.2741E-11
  9.6690E-10  1.1115E-05  6.2394E-07  1.1824E-09  4.3917E-11
  5.1784E-10  1.0760E-05  5.5910E-07  1.0592E-09  3.5560E-11
  9.5772E-09  9.1335E-06  3.2502E-08  2.2488E-11  1.8861E-13
  1.0264E-08  1.0229E-05  6.9379E-08  4.9669E-11  4.2345E-13
  1.0727E-08  1.0952E-05  1.4949E-07  1.1555E-10  1.0256E-12
  1.0965E-08  1.1316E-05  2.6665E-07  2.3293E-10  2.2286E-12
  1.1096E-08  1.1531E-05  4.1590E-07  4.3460E-10  4.7956E-12
  1.1134E-08  1.1636E-05  5.3472E-07  6.6145E-10  8.8118E-12
  1.1101E-08  1.1699E-05  6.2825E-07  9.0799E-10  1.5605E-11
  1.0994E-08  1.1729E-05  6.8296E-07  1.0950E-09  2.4124E-11
  1.0759E-08  1.1746E-05  7.1895E-07  1.2429E-09  3.5270E-11
  1.0385E-08  1.1751E-05  7.3752E-07  1.3305E-09  4.5595E-11
  9.7170E-09  1.1749E-05  7.4799E-07  1.3873E-09  5.5217E-11
  8.8027E-09  1.1739E-05  7.5153E-07  1.4141E-09  6.1430E-11
  7.5453E-09  1.1715E-05  7.5012E-07  1.4237E-09  6.5183E-11
  6.2859E-09  1.1675E-05  7.4408E-07  1.4176E-09  6.6034E-11
  4.7048E-09  1.1595E-05  7.3035E-07  1.3931E-09  6.4294E-11
  3.2915E-09  1.1477E-05  7.0874E-07  1.3514E-09  6.0364E-11
  1.7763E-09  1.1254E-05  6.6610E-07  1.2691E-09  5.2818E-11
  9.1945E-10  1.0912E-05  6.0463E-07  1.1512E-09  4.3567E-11
  7.8855E-09  6.3570E-06  1.0918E-08  7.8238E-12  7.1588E-14
  9.0850E-09  8.2570E-06  2.4901E-08  1.8075E-11  1.6644E-13
  1.0009E-08  9.7618E-06  5.7297E-08  4.2815E-11  4.0012E-13
  1.0541E-08  1.0627E-05  1.1594E-07  9.1391E-11  8.7914E-13
  1.0879E-08  1.1171E-05  2.2661E-07  1.9891E-10  2.0445E-12
  1.1038E-08  1.1438E-05  3.5883E-07  3.6381E-10  4.1743E-12
  1.1103E-08  1.1594E-05  4.9813E-07  6.0285E-10  8.3109E-12
  1.1084E-08  1.1671E-05  5.9560E-07  8.3325E-10  1.4247E-11
  1.0971E-08  1.1715E-05  6.6678E-07  1.0527E-09  2.3338E-11
  1.0756E-08  1.1736E-05  7.0647E-07  1.2023E-09  3.3428E-11
  1.0339E-08  1.1743E-05  7.3150E-07  1.3113E-09  4.4836E-11
  9.7195E-09  1.1739E-05  7.4334E-07  1.3709E-09  5.3855E-11
  8.7006E-09  1.1722E-05  7.4831E-07  1.4052E-09  6.0963E-11
  7.4410E-09  1.1691E-05  7.4686E-07  1.4153E-09  6.4586E-11
  6.0426E-09  1.1628E-05  7.3919E-07  1.4079E-09  6.5707E-11
  4.5857E-09  1.1526E-05  7.2426E-07  1.3822E-09  6.4153E-11
  2.8440E-09  1.1334E-05  6.9273E-07  1.3232E-09  5.9144E-11
  1.5140E-09  1.1018E-05  6.3968E-07  1.2223E-09  5.0771E-11
  5.5817E-09  3.2187E-06  3.5108E-09  2.6245E-12  2.6096E-14
  7.2591E-09  5.3718E-06  8.9872E-09  6.7560E-12  6.7368E-14
  8.7528E-09  7.6504E-06  2.2752E-08  1.7320E-11  1.7385E-13
  9.7288E-09  9.2420E-06  4.8964E-08  3.8134E-11  3.8747E-13
  1.0415E-08  1.0385E-05  1.0569E-07  8.6510E-11  9.0419E-13
  1.0780E-08  1.0998E-05  1.9647E-07  1.7485E-10  1.9268E-12
  1.0989E-08  1.1367E-05  3.3444E-07  3.4262E-10  4.2056E-12
  1.1063E-08  1.1545E-05  4.6446E-07  5.5417E-10  7.9360E-12
  1.1041E-08  1.1649E-05  5.7897E-07  8.0741E-10  1.4433E-11
  1.0926E-08  1.1698E-05  6.5057E-07  1.0144E-09  2.2747E-11
  1.0661E-08  1.1724E-05  6.9937E-07  1.1869E-09  3.3813E-11
  1.0237E-08  1.1730E-05  7.2497E-07  1.2924E-09  4.4236E-11
  9.4867E-09  1.1720E-05  7.3934E-07  1.3619E-09  5.4067E-11
  8.4788E-09  1.1694E-05  7.4376E-07  1.3939E-09  6.0446E-11
  7.0203E-09  1.1638E-05  7.4055E-07  1.4029E-09  6.4196E-11
  5.5788E-09  1.1544E-05  7.2997E-07  1.3900E-09  6.4802E-11
  3.9052E-09  1.1365E-05  7.0616E-07  1.3488E-09  6.2312E-11
  2.2778E-09  1.1071E-05  6.6248E-07  1.2672E-09  5.5943E-11
  1.8292E-09  6.1520E-07  5.9333E-10  4.7226E-13  5.2597E-15
  3.5778E-09  1.5543E-06  1.7386E-09  1.3858E-12  1.5444E-14
  5.7561E-09  3.4703E-06  5.3486E-09  4.2797E-12  4.7799E-14
  7.5198E-09  5.7103E-06  1.3555E-08  1.0929E-11  1.2259E-13
  8.9941E-09  7.9605E-06  3.3317E-08  2.7323E-11  3.0945E-13
  9.9036E-09  9.4687E-06  6.9226E-08  5.8490E-11  6.7427E-13
  1.0514E-08  1.0522E-05  1.4182E-07  1.2745E-10  1.5282E-12
  1.0820E-08  1.1076E-05  2.4680E-07  2.4392E-10  3.1353E-12
  1.0971E-08  1.1405E-05  3.8837E-07  4.4297E-10  6.4857E-12
  1.0983E-08  1.1563E-05  5.0935E-07  6.6848E-10  1.1610E-11
  1.0868E-08  1.1652E-05  6.0933E-07  9.1346E-10  1.9883E-11
  1.0622E-08  1.1690E-05  6.6921E-07  1.0976E-09  2.9542E-11
  1.0136E-08  1.1699E-05  7.0819E-07  1.2405E-09  4.1024E-11
  9.4211E-09  1.1682E-05  7.2665E-07  1.3210E-09  5.0523E-11
  8.2729E-09  1.1631E-05  7.3340E-07  1.3659E-09  5.8204E-11
  6.9009E-09  1.1541E-05  7.2916E-07  1.3753E-09  6.2068E-11
  5.1225E-09  1.1362E-05  7.1113E-07  1.3518E-09  6.2586E-11
  3.4395E-09  1.1077E-05  6.7714E-07  1.2925E-09  5.9296E-11
  3.1740E-10  9.5698E-08  1.1282E-10  9.5068E-14  1.1710E-15
  8.5925E-10  2.7619E-07  3.3469E-10  2.8211E-13  3.4733E-15
  2.2166E-09  8.4632E-07  1.1183E-09  9.4347E-13  1.1620E-14
  4.1744E-09  2.0737E-06  3.3080E-09  2.7976E-12  3.4504E-14
  6.4437E-09  4.3082E-06  9.9507E-09  8.4689E-12  1.0484E-13
  8.1367E-09  6.5871E-06  2.4020E-08  2.0689E-11  2.5800E-13
  9.4392E-09  8.6443E-06  5.5637E-08  4.9151E-11  6.2275E-13
  1.0187E-08  9.9289E-06  1.0928E-07  1.0078E-10  1.3138E-12
  1.0650E-08  1.0784E-05  2.0688E-07  2.0706E-10  2.8675E-12
  1.0847E-08  1.1219E-05  3.2784E-07  3.6654E-10  5.5951E-12
  1.0882E-08  1.1472E-05  4.6571E-07  6.0036E-10  1.0773E-11
  1.0765E-08  1.1588E-05  5.6885E-07  8.2824E-10  1.7928E-11
  1.0447E-08  1.1644E-05  6.4666E-07  1.0450E-09  2.8192E-11
  9.9262E-09  1.1649E-05  6.8945E-07  1.1897E-09  3.8588E-11
  9.0237E-09  1.1609E-05  7.1310E-07  1.2880E-09  4.9016E-11
  7.8550E-09  1.1519E-05  7.1832E-07  1.3301E-09  5.5975E-11
  6.2278E-09  1.1337E-05  7.0761E-07  1.3310E-09  5.9742E-11
  4.4599E-09  1.1040E-05  6.7873E-07  1.2874E-09  5.8984E-11
  6.3444E-11  2.0213E-08  3.0160E-11  2.6731E-14  3.6000E-16
  1.6720E-10  5.3673E-08  8.0498E-11  7.1348E-14  9.6001E-16
  5.0443E-10  1.6772E-07  2.5591E-10  2.2688E-13  3.0511E-15
  1.3174E-09  4.8091E-07  7.6884E-10  6.8202E-13  9.1735E-15
  3.1291E-09  1.4204E-06  2.6072E-09  2.3175E-12  3.1210E-14
  5.3239E-09  3.1571E-06  7.5370E-09  6.7309E-12  9.0918E-14
  7.4919E-09  5.6748E-06  2.0991E-08  1.8958E-11  2.5795E-13
  8.9277E-09  7.7924E-06  4.6686E-08  4.3016E-11  5.9307E-13
  9.9327E-09  9.4808E-06  9.9544E-08  9.5510E-11  1.3544E-12
  1.0453E-08  1.0453E-05  1.8026E-07  1.8437E-10  2.7451E-12
  1.0718E-08  1.1065E-05  3.0478E-07  3.4662E-10  5.6733E-12
  1.0748E-08  1.1362E-05  4.3033E-07  5.5148E-10  1.0316E-11
  1.0572E-08  1.1522E-05  5.4870E-07  7.9917E-10  1.8079E-11
  1.0193E-08  1.1577E-05  6.2514E-07  1.0008E-09  2.7372E-11
  9.4707E-09  1.1563E-05  6.7523E-07  1.1630E-09  3.8555E-11
  8.4734E-09  1.1483E-05  6.9580E-07  1.2507E-09  4.7683E-11
  7.0017E-09  1.1295E-05  6.9520E-07  1.2853E-09  5.4416E-11
  5.3489E-09  1.0987E-05  6.7302E-07  1.2627E-09  5.6360E-11
  2.1403E-11  7.2721E-09  1.3480E-11  1.2494E-14  1.8169E-16
  4.6849E-11  1.5973E-08  2.9648E-11  2.7481E-14  4.0031E-16
  1.2306E-10  4.2198E-08  7.8634E-11  7.2891E-14  1.0609E-15
  3.2368E-10  1.1302E-07  2.1285E-10  1.9734E-13  2.8708E-15
  9.5227E-10  3.5534E-07  6.9351E-10  6.4331E-13  9.3599E-15
  2.3043E-09  9.9805E-07  2.1356E-09  1.9841E-12  2.8897E-14
  4.6614E-09  2.6269E-06  7.1000E-09  6.6269E-12  9.6815E-14
  6.8367E-09  4.8705E-06  1.8785E-08  1.7701E-11  2.6029E-13
  8.6224E-09  7.3256E-06  4.6310E-08  4.4553E-11  6.6468E-13
  9.6659E-09  9.0369E-06  9.3227E-08  9.2841E-11  1.4205E-12
  1.0310E-08  1.0255E-05  1.7885E-07  1.9002E-10  3.0617E-12
  1.0563E-08  1.0900E-05  2.8910E-07  3.3583E-10  5.8756E-12
  1.0557E-08  1.1277E-05  4.2417E-07  5.5627E-10  1.1182E-11
  1.0309E-08  1.1436E-05  5.3215E-07  7.7915E-10  1.8466E-11
  9.7323E-09  1.1481E-05  6.1554E-07  9.9486E-10  2.8688E-11
  8.8736E-09  1.1424E-05  6.5841E-07  1.1345E-09  3.8561E-11
  7.5392E-09  1.1239E-05  6.7333E-07  1.2134E-09  4.7487E-11
  5.9957E-09  1.0919E-05  6.5962E-07  1.2179E-09  5.1877E-11
  8.5886E-12  3.1407E-09  7.5151E-12  7.3401E-15  1.1708E-16
  1.6646E-11  6.1027E-09  1.4610E-11  1.4269E-14  2.2760E-16
  3.5492E-11  1.3065E-08  3.1309E-11  3.0582E-14  4.8867E-16
  7.5494E-11  2.7931E-08  6.7082E-11  6.5525E-14  1.0462E-15
  1.9162E-10  7.1615E-08  1.7312E-10  1.6913E-13  2.6988E-15
  4.9173E-10  1.8895E-07  4.6469E-10  4.5410E-13  7.2462E-15
  1.4062E-09  5.9182E-07  1.5403E-09  1.5069E-12  2.4064E-14
  3.1817E-09  1.6011E-06  4.7803E-09  4.6907E-12  7.5069E-14
  5.7377E-09  3.7275E-06  1.5037E-08  1.4877E-11  2.3953E-13
  7.7296E-09  6.0856E-06  3.6453E-08  3.6638E-11  5.9751E-13
  9.1878E-09  8.2897E-06  8.1848E-08  8.4927E-11  1.4174E-12
  9.9429E-09  9.6806E-06  1.5184E-07  1.6557E-10  2.8796E-12
  1.0295E-08  1.0602E-05  2.6324E-07  3.1214E-10  5.8728E-12
  1.0270E-08  1.1052E-05  3.8304E-07  5.0143E-10  1.0553E-11
  9.8875E-09  1.1268E-05  5.0333E-07  7.3785E-10  1.8287E-11
  9.1900E-09  1.1287E-05  5.8187E-07  9.3173E-10  2.7271E-11
  8.0131E-09  1.1134E-05  6.2636E-07  1.0761E-09  3.7318E-11
  6.5899E-09  1.0810E-05  6.2982E-07  1.1277E-09  4.4150E-11
  3.9664E-12  1.5503E-09  4.6330E-12  4.7362E-15  8.1944E-17
  7.9089E-12  3.0947E-09  9.2506E-12  9.4564E-15  1.6362E-16
  1.6317E-11  6.3985E-09  1.9135E-11  1.9562E-14  3.3846E-16
  3.1526E-11  1.2400E-08  3.7119E-11  3.7946E-14  6.5768E-16
  6.6982E-11  2.6486E-08  7.9448E-11  8.1222E-14  1.4065E-15
  1.4225E-10  5.6694E-08  1.7082E-10  1.7466E-13  3.0231E-15
  3.6186E-10  1.4708E-07  4.4897E-10  4.5918E-13  7.9478E-15
  9.2470E-10  3.9563E-07  1.2501E-09  1.2796E-12  2.2161E-14
  2.4645E-09  1.2151E-06  4.2774E-09  4.3902E-12  7.6190E-14
  4.7424E-09  2.8817E-06  1.2642E-08  1.3062E-11  2.2811E-13
  7.1591E-09  5.4257E-06  3.4905E-08  3.6632E-11  6.4742E-13
  8.6957E-09  7.5979E-06  7.4824E-08  8.0662E-11  1.4567E-12
  9.6428E-09  9.3210E-06  1.4899E-07  1.6886E-10  3.1853E-12
  9.9717E-09  1.0288E-05  2.4709E-07  3.0033E-10  6.0585E-12
  9.8504E-09  1.0847E-05  3.7358E-07  5.0156E-10  1.1357E-11
  9.3280E-09  1.1035E-05  4.7915E-07  7.0812E-10  1.8445E-11
  8.3020E-09  1.0970E-05  5.5738E-07  9.0176E-10  2.7832E-11
  6.9837E-09  1.0670E-05  5.8475E-07  1.0046E-09  3.5774E-11
  1.3653E-12  5.7407E-10  2.1825E-12  2.3440E-15  4.4352E-17
  3.0965E-12  1.3025E-09  4.9525E-12  5.3190E-15  1.0065E-16
  7.0461E-12  2.9665E-09  1.1282E-11  1.2117E-14  2.2927E-16
  1.4101E-11  5.9446E-09  2.2617E-11  2.4292E-14  4.5964E-16
  2.9081E-11  1.2291E-08  4.6806E-11  5.0272E-14  9.5280E-16
  5.5902E-11  2.3718E-08  9.0477E-11  9.7182E-14  1.8405E-15
  1.1752E-10  5.0227E-08  1.9234E-10  2.0661E-13  3.9112E-15
  2.4672E-10  1.0677E-07  4.1217E-10  4.4286E-13  8.3828E-15
  6.2165E-10  2.7785E-07  1.0982E-09  1.1807E-12  2.2360E-14
  1.5467E-09  7.4722E-07  3.1377E-09  3.3796E-12  6.4198E-14
  3.6575E-09  2.1066E-06  1.0477E-08  1.1347E-11  2.1640E-13
  6.0252E-09  4.2391E-06  2.8021E-08  3.0717E-11  5.9139E-13
  8.0338E-09  6.7665E-06  6.7932E-08  7.6395E-11  1.5030E-12
  9.0821E-09  8.5822E-06  1.3068E-07  1.5297E-10  3.1207E-12
  9.4819E-09  9.8495E-06  2.3112E-07  2.8946E-10  6.3204E-12
  9.2696E-09  1.0443E-05  3.4004E-07  4.6196E-10  1.1102E-11
  8.4727E-09  1.0620E-05  4.4750E-07  6.6934E-10  1.8503E-11
  7.2930E-09  1.0419E-05  5.0735E-07  8.1965E-10  2.6112E-11
  4.1803E-13  1.8717E-10  8.7600E-13  9.8198E-16  2.0111E-17
  1.0747E-12  4.8125E-10  2.2524E-12  2.5250E-15  5.1711E-17
  2.8108E-12  1.2591E-09  5.8939E-12  6.6070E-15  1.3531E-16
  6.3025E-12  2.8249E-09  1.3226E-11  1.4826E-14  3.0364E-16
  1.4160E-11  6.3546E-09  2.9766E-11  3.3369E-14  6.8498E-16
  2.8082E-11  1.2626E-08  5.9198E-11  6.6365E-14  1.3612E-15
  5.7566E-11  2.5980E-08  1.2204E-10  1.3683E-13  2.8044E-15
  1.1057E-10  5.0199E-08  2.3664E-10  2.6533E-13  5.4365E-15
  2.3451E-10  1.0777E-07  5.1217E-10  5.7443E-13  1.1769E-14
  5.0371E-10  2.3688E-07  1.1456E-09  1.2856E-12  2.6353E-14
  1.2896E-09  6.4526E-07  3.2853E-09  3.6933E-12  7.5915E-14
  2.9265E-09  1.6604E-06  9.5420E-09  1.0776E-11  2.2224E-13
  5.4634E-09  3.7860E-06  2.8369E-08  3.2431E-11  6.7580E-13
  7.4178E-09  6.0993E-06  6.4644E-08  7.5559E-11  1.6058E-12
  8.6225E-09  8.1866E-06  1.3302E-07  1.6214E-10  3.5856E-12
  8.9009E-09  9.3995E-06  2.2201E-07  2.8678E-10  6.7416E-12
  8.4419E-09  1.0015E-05  3.3223E-07  4.6604E-10  1.2127E-11
  7.4464E-09  1.0031E-05  4.1447E-07  6.2986E-10  1.8492E-11
  1.2202E-13  5.7681E-11  3.2382E-13  3.7694E-16  8.2898E-18
  3.4716E-13  1.6411E-10  9.2131E-13  1.0724E-15  2.3585E-17
  1.0269E-12  4.8546E-10  2.7255E-12  3.1726E-15  6.9773E-17
  2.5787E-12  1.2195E-09  6.8468E-12  7.9702E-15  1.7529E-16
  6.5528E-12  3.1003E-09  1.7413E-11  2.0269E-14  4.4577E-16
  1.4276E-11  6.7607E-09  3.7991E-11  4.4225E-14  9.7456E-16
  3.1198E-11  1.4804E-08  8.3285E-11  9.6956E-14  2.1349E-15
  6.0830E-11  2.8962E-08  1.6325E-10  1.9007E-13  4.1830E-15
  1.2390E-10  5.9376E-08  3.3615E-10  3.9143E-13  8.6120E-15
  2.4042E-10  1.1649E-07  6.6473E-10  7.7425E-13  1.7037E-14
  5.3023E-10  2.6318E-07  1.5311E-09  1.7848E-12  3.9297E-14
  1.1894E-09  6.2036E-07  3.7701E-09  4.4020E-12  9.7170E-14
  2.8391E-09  1.6678E-06  1.1434E-08  1.3419E-11  2.9746E-13
  5.0652E-09  3.5192E-06  3.0100E-08  3.5737E-11  8.0022E-13
  7.1466E-09  5.9827E-06  7.2874E-08  8.8715E-11  2.0334E-12
  8.1227E-09  7.8416E-06  1.3771E-07  1.7426E-10  4.1520E-12
  8.1719E-09  9.0655E-06  2.3269E-07  3.1347E-10  8.0102E-12
  7.4490E-09  9.4405E-06  3.2058E-07  4.6367E-10  1.3006E-11
  3.8806E-14  1.9225E-11  1.2680E-13  1.5266E-16  3.5831E-18
  1.1277E-13  5.5869E-11  3.6850E-13  4.4364E-16  1.0413E-17
  3.5989E-13  1.7831E-10  1.1761E-12  1.4159E-15  3.3233E-17
  9.9661E-13  4.9381E-10  3.2573E-12  3.9215E-15  9.2040E-17
  2.8318E-12  1.4035E-09  9.2587E-12  1.1146E-14  2.6162E-16
  6.8375E-12  3.3903E-09  2.2372E-11  2.6935E-14  6.3218E-16
  1.6580E-11  8.2305E-09  5.4348E-11  6.5434E-14  1.5383E-15
  3.4656E-11  1.7235E-08  1.1396E-10  1.3721E-13  3.2236E-15
  7.3189E-11  3.6539E-08  2.4224E-10  2.9170E-13  6.8503E-15
  1.4055E-10  7.0617E-08  4.7039E-10  5.6653E-13  1.3303E-14
  2.8856E-10  1.4689E-07  9.8861E-10  1.1913E-12  2.7980E-14
  5.8268E-10  3.0362E-07  2.0849E-09  2.5143E-12  5.9192E-14
  1.3579E-09  7.4791E-07  5.4097E-09  6.5394E-12  1.5417E-13
  2.8685E-09  1.7536E-06  1.4183E-08  1.7240E-11  4.0838E-13
  5.1813E-09  3.7708E-06  3.8657E-08  4.7658E-11  1.1439E-12
  6.8727E-09  5.9224E-06  8.2656E-08  1.0447E-10  2.5699E-12
  7.6037E-09  7.7516E-06  1.5716E-07  2.0775E-10  5.3598E-12
  7.2771E-09  8.5997E-06  2.3818E-07  3.3343E-10  9.2155E-12
