Li Na K Rb Cs
  4.5031E-38  4.5031E-38  4.5031E-38  4.5031E-38  4.5031E-38
  4.5030E-38  4.5030E-38  4.5030E-38  4.5030E-38  4.5030E-38
  4.5031E-38  4.5031E-38  4.5031E-38  4.5031E-38  4.5031E-38
  4.5030E-38  4.5030E-38  4.5030E-38  4.5030E-38  4.5030E-38
  4.5031E-38  4.5031E-38  4.5031E-38  4.5031E-38  4.5031E-38
  4.5030E-38  4.5030E-38  4.5030E-38  4.5030E-38  4.5030E-38
  4.5031E-38  4.5031E-38  4.5031E-38  4.5031E-38  4.5031E-38
  4.5030E-38  4.5030E-38  4.5030E-38  4.5030E-38  4.5030E-38
  4.5031E-38  4.5031E-38  4.5031E-38  4.5031E-38  4.5031E-38
  4.5030E-38  4.5030E-38  4.5030E-38  4.5030E-38  4.5030E-38
  4.5031E-38  4.5031E-38  4.5031E-38  4.5031E-38  4.5031E-38
  4.5030E-38  4.5030E-38  4.5030E-38  4.5030E-38  4.5030E-38
  4.5031E-38  4.5031E-38  4.5031E-38  4.5031E-38  4.5031E-38
  4.5030E-38  4.5030E-38  4.5030E-38  4.5030E-38  4.5030E-38
  4.5031E-38  4.5031E-38  4.5031E-38  4.5031E-38  4.5031E-38
  4.5027E-38  4.5027E-38  4.5027E-38  4.5027E-38  4.5027E-38
  4.5027E-38  4.5027E-38  4.5027E-38  4.5027E-38  4.5027E-38
  4.5027E-38  4.5027E-38  4.5027E-38  4.5027E-38  4.5027E-38
  4.5029E-38  4.5029E-38  4.5029E-38  4.5029E-38  4.5029E-38
  4.5030E-38  4.5030E-38  4.5030E-38  4.5030E-38  4.5030E-38
  4.5030E-38  4.5030E-38  4.5030E-38  4.5030E-38  4.5030E-38
  4.5030E-38  4.5030E-38  4.5030E-38  4.5030E-38  4.5030E-38
  4.5031E-38  4.5031E-38  4.5031E-38  4.5031E-38  4.5031E-38
  4.5030E-38  4.5030E-38  4.5030E-38  4.5030E-38  4.5030E-38
  4.5031E-38  4.5031E-38  4.5031E-38  4.5031E-38  4.5031E-38
  4.5030E-38  4.5030E-38  4.5030E-38  4.5030E-38  4.5030E-38
  4.5031E-38  4.5031E-38  4.5031E-38  4.5031E-38  4.5031E-38
  4.5030E-38  4.5030E-38  4.5030E-38  4.5030E-38  4.5030E-38
  4.5031E-38  4.5031E-38  4.5031E-38  4.5031E-38  4.5031E-38
  4.5030E-38  4.5030E-38  4.5030E-38  4.5030E-38  4.5030E-38
  4.5031E-38  4.5031E-38  4.5031E-38  4.5031E-38  4.5031E-38
  4.5027E-38  4.5027E-38  4.5027E-38  4.5027E-38  4.5027E-38
  4.5027E-38  4.5027E-38  4.5027E-38  4.5027E-38  4.5027E-38
  4.5027E-38  4.5027E-38  4.5027E-38  4.5027E-38  4.5027E-38
  4.5027E-38  4.5027E-38  4.5027E-38  4.5027E-38  4.5027E-38
  4.5027E-38  4.5027E-38  4.5027E-38  4.5027E-38  4.5027E-38
  4.5027E-38  4.5027E-38  4.5027E-38  4.5027E-38  4.5027E-38
  4.5029E-38  4.5029E-38  4.5029E-38  4.5029E-38  4.5029E-38
  4.5030E-38  4.5030E-38  4.5030E-38  4.5030E-38  4.5030E-38
  4.5030E-38  4.5030E-38  4.5030E-38  4.5030E-38  4.5030E-38
  4.5031E-38  4.5031E-38  4.5031E-38  4.5031E-38  4.5031E-38
  4.5031E-38  4.5031E-38  4.5031E-38  4.5031E-38  4.5031E-38
  4.5031E-38  4.5031E-38  4.5031E-38  4.5031E-38  4.5031E-38
  4.5031E-38  4.5031E-38  4.5031E-38  4.5031E-38  4.5031E-38
  4.5031E-38  4.5031E-38  4.5031E-38  4.5031E-38  4.5031E-38
  4.5031E-38  4.5031E-38  4.5031E-38  4.5031E-38  4.5031E-38
  4.5031E-38  4.5031E-38  4.5031E-38  4.5031E-38  4.5031E-38
  4.5031E-38  4.5031E-38  4.5031E-38  4.5031E-38  4.5031E-38
  4.5027E-38  4.5027E-38  4.5027E-38  4.5027E-38  4.5027E-38
  4.5027E-38  4.5027E-38  4.5027E-38  4.5027E-38  4.5027E-38
  4.5027E-38  4.5027E-38  4.5027E-38  4.5027E-38  4.5027E-38
  4.5027E-38  4.5027E-38  4.5027E-38  4.5027E-38  4.5027E-38
  4.5027E-38  4.5027E-38  4.5027E-38  4.5027E-38  4.5027E-38
  4.5027E-38  4.5027E-38  4.5027E-38  4.5027E-38  4.5027E-38
  4.5027E-38  4.5027E-38  4.5027E-38  4.5027E-38  4.5027E-38
  4.5027E-38  4.5027E-38  4.5027E-38  4.5027E-38  4.5027E-38
  4.5028E-38  4.5028E-38  4.5028E-38  4.5028E-38  4.5028E-38
  4.5030E-38  4.5030E-38  4.5030E-38  4.5030E-38  4.5030E-38
  4.5030E-38  4.5030E-38  4.5030E-38  4.5030E-38  4.5030E-38
  4.5030E-38  4.5030E-38  4.5030E-38  4.5030E-38  4.5030E-38
  4.5031E-38  4.5031E-38  4.5031E-38  4.5031E-38  4.5031E-38
  4.5030E-38  4.5030E-38  4.5030E-38  4.5030E-38  4.5030E-38
  4.5031E-38  4.5031E-38  4.5031E-38  4.5031E-38  4.5031E-38
  4.5030E-38  4.5030E-38  4.5030E-38  4.5030E-38  4.5030E-38
  4.5031E-38  4.5031E-38  4.5031E-38  4.5031E-38  4.5031E-38
  4.5027E-38  4.5027E-38  4.5027E-38  4.5027E-38  4.5027E-38
  4.5027E-38  4.5027E-38  4.5027E-38  4.5027E-38  4.5027E-38
  4.5027E-38  4.5027E-38  4.5027E-38  4.5027E-38  4.5027E-38
  4.5027E-38  4.5027E-38  4.5027E-38  4.5027E-38  4.5027E-38
  4.5027E-38  4.5027E-38  4.5027E-38  4.5027E-38  4.5027E-38
  4.5027E-38  4.5027E-38  4.5027E-38  4.5027E-38  4.5027E-38
  4.5027E-38  4.5027E-38  4.5027E-38  4.5027E-38  4.5027E-38
  4.5027E-38  4.5027E-38  4.5027E-38  4.5027E-38  4.5027E-38
  4.5027E-38  4.5027E-38  4.5027E-38  4.5027E-38  4.5027E-38
  4.5027E-38  4.5027E-38  4.5027E-38  4.5027E-38  4.5027E-38
  4.5028E-38  4.5028E-38  4.5028E-38  4.5028E-38  4.5028E-38
  4.5030E-38  4.5030E-38  4.5030E-38  4.5030E-38  4.5030E-38
  4.5030E-38  4.5030E-38  4.5030E-38  4.5030E-38  4.5030E-38
  4.5031E-38  4.5031E-38  4.5031E-38  4.5031E-38  4.5031E-38
  4.5031E-38  4.5031E-38  4.5031E-38  4.5031E-38  4.5031E-38
  4.5031E-38  4.5031E-38  4.5031E-38  4.5031E-38  4.5031E-38
  4.5031E-38  4.5031E-38  4.5031E-38  4.5031E-38  4.5031E-38
  4.5026E-38  4.5026E-38  4.5026E-38  4.5026E-38  4.5026E-38
  4.5026E-38  4.5026E-38  4.5026E-38  4.5026E-38  4.5026E-38
  4.5026E-38  4.5026E-38  4.5026E-38  4.5026E-38  4.5026E-38
  4.5027E-38  4.5027E-38  4.5027E-38  4.5027E-38  4.5027E-38
  4.5027E-38  4.5027E-38  4.5027E-38  4.5027E-38  4.5027E-38
  4.5027E-38  4.5027E-38  4.5027E-38  4.5027E-38  4.5027E-38
  4.5027E-38  4.5027E-38  4.5027E-38  4.5027E-38  4.5027E-38
  4.5027E-38  4.5027E-38  4.5027E-38  4.5027E-38  4.5027E-38
  4.5027E-38  4.5027E-38  4.5027E-38  4.5027E-38  4.5027E-38
  4.5027E-38  4.5027E-38  4.5027E-38  4.5027E-38  4.5027E-38
  4.5027E-38  4.5027E-38  4.5027E-38  4.5027E-38  4.5027E-38
  4.5027E-38  4.5027E-38  4.5027E-38  4.5027E-38  4.5027E-38
  4.5029E-38  4.5029E-38  4.5029E-38  4.5029E-38  4.5029E-38
  4.5030E-38  4.5030E-38  4.5030E-38  4.5030E-38  4.5030E-38
  4.5030E-38  4.5030E-38  4.5030E-38  4.5030E-38  4.5030E-38
  4.5031E-38  4.5031E-38  4.5031E-38  4.5031E-38  4.5031E-38
  4.5030E-38  4.5030E-38  4.5030E-38  4.5030E-38  4.5030E-38
  4.5024E-38  4.5024E-38  4.5024E-38  4.5024E-38  4.5024E-38
  4.5026E-38  4.5026E-38  4.5026E-38  4.5026E-38  4.5026E-38
  4.5026E-38  4.5026E-38  4.5026E-38  4.5026E-38  4.5026E-38
  4.5026E-38  4.5026E-38  4.5026E-38  4.5026E-38  4.5026E-38
  4.5026E-38  4.5026E-38  4.5026E-38  4.5026E-38  4.5026E-38
  4.5026E-38  4.5026E-38  4.5026E-38  4.5026E-38  4.5026E-38
  4.5027E-38  4.5027E-38  4.5027E-38  4.5027E-38  4.5027E-38
  4.5027E-38  4.5027E-38  4.5027E-38  4.5027E-38  4.5027E-38
  4.5027E-38  4.5027E-38  4.5027E-38  4.5027E-38  4.5027E-38
  4.5027E-38  4.5027E-38  4.5027E-38  4.5027E-38  4.5027E-38
  4.5027E-38  4.5027E-38  4.5027E-38  4.5027E-38  4.5027E-38
  4.5027E-38  4.5027E-38  4.5027E-38  4.5027E-38  4.5027E-38
  4.5027E-38  4.5027E-38  4.5027E-38  4.5027E-38  4.5027E-38
  4.5027E-38  4.5027E-38  4.5027E-38  4.5027E-38  4.5027E-38
  4.5030E-38  4.5030E-38  4.5030E-38  4.5030E-38  4.5030E-38
  4.5030E-38  4.5030E-38  4.5030E-38  4.5030E-38  4.5030E-38
  4.5030E-38  4.5030E-38  4.5030E-38  4.5030E-38  4.5030E-38
  4.5005E-38  4.5005E-38  4.5005E-38  4.5005E-38  4.5005E-38
  4.5015E-38  4.5015E-38  4.5015E-38  4.5015E-38  4.5015E-38
  4.5023E-38  4.5023E-38  4.5023E-38  4.5023E-38  4.5023E-38
  4.5025E-38  4.5025E-38  4.5025E-38  4.5025E-38  4.5025E-38
  4.5026E-38  4.5026E-38  4.5026E-38  4.5026E-38  4.5026E-38
  4.5026E-38  4.5026E-38  4.5026E-38  4.5026E-38  4.5026E-38
  4.5026E-38  4.5026E-38  4.5026E-38  4.5026E-38  4.5026E-38
  4.5027E-38  4.5027E-38  4.5027E-38  4.5027E-38  4.5027E-38
  4.5027E-38  4.5027E-38  4.5027E-38  4.5027E-38  4.5027E-38
  4.5027E-38  4.5027E-38  4.5027E-38  4.5027E-38  4.5027E-38
  4.5027E-38  4.5027E-38  4.5027E-38  4.5027E-38  4.5027E-38
  4.5027E-38  4.5027E-38  4.5027E-38  4.5027E-38  4.5027E-38
  4.5027E-38  4.5027E-38  4.5027E-38  4.5027E-38  4.5027E-38
  4.5027E-38  4.5027E-38  4.5027E-38  4.5027E-38  4.5027E-38
  4.5027E-38  4.5027E-38  4.5027E-38  4.5027E-38  4.5027E-38
  4.5029E-38  4.5029E-38  4.5029E-38  4.5029E-38  4.5029E-38
  4.5030E-38  4.5030E-38  4.5030E-38  4.5030E-38  4.5030E-38
  4.5005E-38  4.5005E-38  4.5005E-38  4.5005E-38  4.5005E-38
  4.5005E-38  4.5005E-38  4.5005E-38  4.5005E-38  4.5005E-38
  4.5005E-38  4.5005E-38  4.5005E-38  4.5005E-38  4.5005E-38
  4.5016E-38  4.5016E-38  4.5016E-38  4.5016E-38  4.5016E-38
  4.5023E-38  4.5023E-38  4.5023E-38  4.5023E-38  4.5023E-38
  4.5025E-38  4.5025E-38  4.5025E-38  4.5025E-38  4.5025E-38
  4.5026E-38  4.5026E-38  4.5026E-38  4.5026E-38  4.5026E-38
  4.5026E-38  4.5026E-38  4.5026E-38  4.5026E-38  4.5026E-38
  4.5026E-38  4.5026E-38  4.5026E-38  4.5026E-38  4.5026E-38
  4.5027E-38  4.5027E-38  4.5027E-38  4.5027E-38  4.5027E-38
  4.5027E-38  4.5027E-38  4.5027E-38  4.5027E-38  4.5027E-38
  4.5027E-38  4.5027E-38  4.5027E-38  4.5027E-38  4.5027E-38
  4.5027E-38  4.5027E-38  4.5027E-38  4.5027E-38  4.5027E-38
  4.5027E-38  4.5027E-38  4.5027E-38  4.5027E-38  4.5027E-38
  4.5027E-38  4.5027E-38  4.5027E-38  4.5027E-38  4.5027E-38
  4.5027E-38  4.5027E-38  4.5027E-38  4.5027E-38  4.5027E-38
  4.5029E-38  4.5029E-38  4.5029E-38  4.5029E-38  4.5029E-38
  4.5006E-38  4.5006E-38  4.5006E-38  4.5006E-38  4.5006E-38
  4.5006E-38  4.5006E-38  4.5006E-38  4.5006E-38  4.5006E-38
  4.5006E-38  4.5006E-38  4.5006E-38  4.5006E-38  4.5006E-38
  4.5006E-38  4.5006E-38  4.5006E-38  4.5006E-38  4.5006E-38
  4.5006E-38  4.5006E-38  4.5006E-38  4.5006E-38  4.5006E-38
  4.5019E-38  4.5019E-38  4.5019E-38  4.5019E-38  4.5019E-38
  4.5024E-38  4.5024E-38  4.5024E-38  4.5024E-38  4.5024E-38
  4.5026E-38  4.5026E-38  4.5026E-38  4.5026E-38  4.5026E-38
  4.5027E-38  4.5027E-38  4.5027E-38  4.5027E-38  4.5027E-38
  4.5027E-38  4.5027E-38  4.5027E-38  4.5027E-38  4.5027E-38
  4.5027E-38  4.5027E-38  4.5027E-38  4.5027E-38  4.5027E-38
  4.5027E-38  4.5027E-38  4.5027E-38  4.5027E-38  4.5027E-38
  4.5027E-38  4.5027E-38  4.5027E-38  4.5027E-38  4.5027E-38
  4.5028E-38  4.5028E-38  4.5028E-38  4.5028E-38  4.5028E-38
  4.5028E-38  4.5028E-38  4.5028E-38  4.5028E-38  4.5028E-38
  4.5028E-38  4.5028E-38  4.5028E-38  4.5028E-38  4.5028E-38
  4.5028E-38  4.5028E-38  4.5028E-38  4.5028E-38  4.5028E-38
  4.5006E-38  4.5006E-38  4.5006E-38  4.5006E-38  4.5006E-38
  4.5006E-38  4.5006E-38  4.5006E-38  4.5006E-38  4.5006E-38
  4.5006E-38  4.5006E-38  4.5006E-38  4.5006E-38  4.5006E-38
  4.5006E-38  4.5006E-38  4.5006E-38  4.5006E-38  4.5006E-38
  4.5006E-38  4.5006E-38  4.5006E-38  4.5006E-38  4.5006E-38
  4.5006E-38  4.5006E-38  4.5006E-38  4.5006E-38  4.5006E-38
  4.5013E-38  4.5013E-38  4.5013E-38  4.5013E-38  4.5013E-38
  4.5022E-38  4.5022E-38  4.5022E-38  4.5022E-38  4.5022E-38
  4.5025E-38  4.5025E-38  4.5025E-38  4.5025E-38  4.5025E-38
  4.5027E-38  4.5027E-38  4.5027E-38  4.5027E-38  4.5027E-38
  4.5027E-38  4.5027E-38  4.5027E-38  4.5027E-38  4.5027E-38
  4.5027E-38  4.5027E-38  4.5027E-38  4.5027E-38  4.5027E-38
  4.5028E-38  4.5028E-38  4.5028E-38  4.5028E-38  4.5028E-38
  4.5028E-38  4.5028E-38  4.5028E-38  4.5028E-38  4.5028E-38
  4.5028E-38  4.5028E-38  4.5028E-38  4.5028E-38  4.5028E-38
  4.5028E-38  4.5028E-38  4.5028E-38  4.5028E-38  4.5028E-38
  4.5028E-38  4.5028E-38  4.5028E-38  4.5028E-38  4.5028E-38
  4.5006E-38  4.5006E-38  4.5006E-38  4.5006E-38  4.5006E-38
  4.5006E-38  4.5006E-38  4.5006E-38  4.5006E-38  4.5006E-38
  4.5006E-38  4.5006E-38  4.5006E-38  4.5006E-38  4.5006E-38
  4.5006E-38  4.5006E-38  4.5006E-38  4.5006E-38  4.5006E-38
  4.5006E-38  4.5006E-38  4.5006E-38  4.5006E-38  4.5006E-38
  4.5006E-38  4.5006E-38  4.5006E-38  4.5006E-38  4.5006E-38
  4.5006E-38  4.5006E-38  4.5006E-38  4.5006E-38  4.5006E-38
  4.5006E-38  4.5006E-38  4.5006E-38  4.5006E-38  4.5006E-38
  4.5020E-38  4.5020E-38  4.5020E-38  4.5020E-38  4.5020E-38
  4.5025E-38  4.5025E-38  4.5025E-38  4.5025E-38  4.5025E-38
  4.5027E-38  4.5027E-38  4.5027E-38  4.5027E-38  4.5027E-38
  4.5027E-38  4.5027E-38  4.5027E-38  4.5027E-38  4.5027E-38
  4.5027E-38  4.5027E-38  4.5027E-38  4.5027E-38  4.5027E-38
  4.5028E-38  4.5028E-38  4.5028E-38  4.5028E-38  4.5028E-38
  4.5028E-38  4.5028E-38  4.5028E-38  4.5028E-38  4.5028E-38
  4.5028E-38  4.5028E-38  4.5028E-38  4.5028E-38  4.5028E-38
  4.5028E-38  4.5028E-38  4.5028E-38  4.5028E-38  4.5028E-38
  4.5006E-38  4.5006E-38  4.5006E-38  4.5006E-38  4.5006E-38
  4.5006E-38  4.5006E-38  4.5006E-38  4.5006E-38  4.5006E-38
  4.5006E-38  4.5006E-38  4.5006E-38  4.5006E-38  4.5006E-38
  4.5006E-38  4.5006E-38  4.5006E-38  4.5006E-38  4.5006E-38
  4.5006E-38  4.5006E-38  4.5006E-38  4.5006E-38  4.5006E-38
  4.5006E-38  4.5006E-38  4.5006E-38  4.5006E-38  4.5006E-38
  4.5006E-38  4.5006E-38  4.5006E-38  4.5006E-38  4.5006E-38
  4.5006E-38  4.5006E-38  4.5006E-38  4.5006E-38  4.5006E-38
  4.5006E-38  4.5006E-38  4.5006E-38  4.5006E-38  4.5006E-38
  4.5017E-38  4.5017E-38  4.5017E-38  4.5017E-38  4.5017E-38
  4.5024E-38  4.5024E-38  4.5024E-38  4.5024E-38  4.5024E-38
  4.5026E-38  4.5026E-38  4.5026E-38  4.5026E-38  4.5026E-38
  4.5027E-38  4.5027E-38  4.5027E-38  4.5027E-38  4.5027E-38
  4.5027E-38  4.5027E-38  4.5027E-38  4.5027E-38  4.5027E-38
  4.5027E-38  4.5027E-38  4.5027E-38  4.5027E-38  4.5027E-38
  4.5028E-38  4.5028E-38  4.5028E-38  4.5028E-38  4.5028E-38
  4.5028E-38  4.5028E-38  4.5028E-38  4.5028E-38  4.5028E-38
  4.5006E-38  4.5006E-38  4.5006E-38  4.5006E-38  4.5006E-38
  4.5006E-38  4.5006E-38  4.5006E-38  4.5006E-38  4.5006E-38
  4.5006E-38  4.5006E-38  4.5006E-38  4.5006E-38  4.5006E-38
  4.5006E-38  4.5006E-38  4.5006E-38  4.5006E-38  4.5006E-38
  4.5006E-38  4.5006E-38  4.5006E-38  4.5006E-38  4.5006E-38
  4.5006E-38  4.5006E-38  4.5006E-38  4.5006E-38  4.5006E-38
  4.5006E-38  4.5006E-38  4.5006E-38  4.5006E-38  4.5006E-38
  4.5006E-38  4.5006E-38  4.5006E-38  4.5006E-38  4.5006E-38
  4.5006E-38  4.5006E-38  4.5006E-38  4.5006E-38  4.5006E-38
  4.5007E-38  4.5007E-38  4.5007E-38  4.5007E-38  4.5007E-38
  4.5015E-38  4.5015E-38  4.5015E-38  4.5015E-38  4.5015E-38
  4.5023E-38  4.5023E-38  4.5023E-38  4.5023E-38  4.5023E-38
  4.5026E-38  4.5026E-38  4.5026E-38  4.5026E-38  4.5026E-38
  4.5027E-38  4.5027E-38  4.5027E-38  4.5027E-38  4.5027E-38
  4.5027E-38  4.5027E-38  4.5027E-38  4.5027E-38  4.5027E-38
  4.5027E-38  4.5027E-38  4.5027E-38  4.5027E-38  4.5027E-38
  4.5028E-38  4.5028E-38  4.5028E-38  4.5028E-38  4.5028E-38
  4.5007E-38  4.5007E-38  4.5007E-38  4.5007E-38  4.5007E-38
  4.5007E-38  4.5007E-38  4.5007E-38  4.5007E-38  4.5007E-38
  4.5006E-38  4.5006E-38  4.5006E-38  4.5006E-38  4.5006E-38
  4.5006E-38  4.5006E-38  4.5006E-38  4.5006E-38  4.5006E-38
  4.5006E-38  4.5006E-38  4.5006E-38  4.5006E-38  4.5006E-38
  4.5006E-38  4.5006E-38  4.5006E-38  4.5006E-38  4.5006E-38
  4.5006E-38  4.5006E-38  4.5006E-38  4.5006E-38  4.5006E-38
  4.5006E-38  4.5006E-38  4.5006E-38  4.5006E-38  4.5006E-38
  4.5006E-38  4.5006E-38  4.5006E-38  4.5006E-38  4.5006E-38
  4.5007E-38  4.5007E-38  4.5007E-38  4.5007E-38  4.5007E-38
  4.5007E-38  4.5007E-38  4.5007E-38  4.5007E-38  4.5007E-38
  4.5014E-38  4.5014E-38  4.5014E-38  4.5014E-38  4.5014E-38
  4.5023E-38  4.5023E-38  4.5023E-38  4.5023E-38  4.5023E-38
  4.5026E-38  4.5026E-38  4.5026E-38  4.5026E-38  4.5026E-38
  4.5027E-38  4.5027E-38  4.5027E-38  4.5027E-38  4.5027E-38
  4.5027E-38  4.5027E-38  4.5027E-38  4.5027E-38  4.5027E-38
  4.5027E-38  4.5027E-38  4.5027E-38  4.5027E-38  4.5027E-38
  4.5007E-38  4.5007E-38  4.5007E-38  4.5007E-38  4.5007E-38
  4.5007E-38  4.5007E-38  4.5007E-38  4.5007E-38  4.5007E-38
  4.5007E-38  4.5007E-38  4.5007E-38  4.5007E-38  4.5007E-38
  4.5006E-38  4.5006E-38  4.5006E-38  4.5006E-38  4.5006E-38
  4.5006E-38  4.5006E-38  4.5006E-38  4.5006E-38  4.5006E-38
  4.5006E-38  4.5006E-38  4.5006E-38  4.5006E-38  4.5006E-38
  4.5006E-38  4.5006E-38  4.5006E-38  4.5006E-38  4.5006E-38
  4.5006E-38  4.5006E-38  4.5006E-38  4.5006E-38  4.5006E-38
  4.5006E-38  4.5006E-38  4.5006E-38  4.5006E-38  4.5006E-38
  4.5007E-38  4.5007E-38  4.5007E-38  4.5007E-38  4.5007E-38
  4.5007E-38  4.5007E-38  4.5007E-38  4.5007E-38  4.5007E-38
  4.5007E-38  4.5007E-38  4.5007E-38  4.5007E-38  4.5007E-38
  4.5015E-38  4.5015E-38  4.5015E-38  4.5015E-38  4.5015E-38
  4.5023E-38  4.5023E-38  4.5023E-38  4.5023E-38  4.5023E-38
  4.5026E-38  4.5026E-38  4.5026E-38  4.5026E-38  4.5026E-38
  4.5027E-38  4.5027E-38  4.5027E-38  4.5027E-38  4.5027E-38
  4.5027E-38  4.5027E-38  4.5027E-38  4.5027E-38  4.5027E-38
  4.5007E-38  4.5007E-38  4.5007E-38  4.5007E-38  4.5007E-38
  4.5007E-38  4.5007E-38  4.5007E-38  4.5007E-38  4.5007E-38
  4.5007E-38  4.5007E-38  4.5007E-38  4.5007E-38  4.5007E-38
  4.5007E-38  4.5007E-38  4.5007E-38  4.5007E-38  4.5007E-38
  4.5006E-38  4.5006E-38  4.5006E-38  4.5006E-38  4.5006E-38
  4.5006E-38  4.5006E-38  4.5006E-38  4.5006E-38  4.5006E-38
  4.5006E-38  4.5006E-38  4.5006E-38  4.5006E-38  4.5006E-38
  4.5006E-38  4.5006E-38  4.5006E-38  4.5006E-38  4.5006E-38
  4.5006E-38  4.5006E-38  4.5006E-38  4.5006E-38  4.5006E-38
  4.5007E-38  4.5007E-38  4.5007E-38  4.5007E-38  4.5007E-38
  4.5007E-38  4.5007E-38  4.5007E-38  4.5007E-38  4.5007E-38
  4.5007E-38  4.5007E-38  4.5007E-38  4.5007E-38  4.5007E-38
  4.5007E-38  4.5007E-38  4.5007E-38  4.5007E-38  4.5007E-38
  4.5016E-38  4.5016E-38  4.5016E-38  4.5016E-38  4.5016E-38
  4.5024E-38  4.5024E-38  4.5024E-38  4.5024E-38  4.5024E-38
  4.5026E-38  4.5026E-38  4.5026E-38  4.5026E-38  4.5026E-38
  4.5027E-38  4.5027E-38  4.5027E-38  4.5027E-38  4.5027E-38
  4.5008E-38  4.5008E-38  4.5008E-38  4.5008E-38  4.5008E-38
  4.5007E-38  4.5007E-38  4.5007E-38  4.5007E-38  4.5007E-38
  4.5007E-38  4.5007E-38  4.5007E-38  4.5007E-38  4.5007E-38
  4.5007E-38  4.5007E-38  4.5007E-38  4.5007E-38  4.5007E-38
  4.5007E-38  4.5007E-38  4.5007E-38  4.5007E-38  4.5007E-38
  4.5007E-38  4.5007E-38  4.5007E-38  4.5007E-38  4.5007E-38
  4.5006E-38  4.5006E-38  4.5006E-38  4.5006E-38  4.5006E-38
  4.5006E-38  4.5006E-38  4.5006E-38  4.5006E-38  4.5006E-38
  4.5006E-38  4.5006E-38  4.5006E-38  4.5006E-38  4.5006E-38
  4.5007E-38  4.5007E-38  4.5007E-38  4.5007E-38  4.5007E-38
  4.5007E-38  4.5007E-38  4.5007E-38  4.5007E-38  4.5007E-38
  4.5007E-38  4.5007E-38  4.5007E-38  4.5007E-38  4.5007E-38
  4.5007E-38  4.5007E-38  4.5007E-38  4.5007E-38  4.5007E-38
  4.5007E-38  4.5007E-38  4.5007E-38  4.5007E-38  4.5007E-38
  4.5018E-38  4.5018E-38  4.5018E-38  4.5018E-38  4.5018E-38
  4.5024E-38  4.5024E-38  4.5024E-38  4.5024E-38  4.5024E-38
  4.5026E-38  4.5026E-38  4.5026E-38  4.5026E-38  4.5026E-38
  4.5027E-38  4.5027E-38  4.5027E-38  4.5027E-38  4.5027E-38
  4.5008E-38  4.5008E-38  4.5008E-38  4.5008E-38  4.5008E-38
  4.5007E-38  4.5007E-38  4.5007E-38  4.5007E-38  4.5007E-38
  4.5007E-38  4.5007E-38  4.5007E-38  4.5007E-38  4.5007E-38
  4.5007E-38  4.5007E-38  4.5007E-38  4.5007E-38  4.5007E-38
  4.5007E-38  4.5007E-38  4.5007E-38  4.5007E-38  4.5007E-38
  4.5007E-38  4.5007E-38  4.5007E-38  4.5007E-38  4.5007E-38
  4.5007E-38  4.5007E-38  4.5007E-38  4.5007E-38  4.5007E-38
  4.5006E-38  4.5006E-38  4.5006E-38  4.5006E-38  4.5006E-38
  4.5006E-38  4.5006E-38  4.5006E-38  4.5006E-38  4.5006E-38
  4.5007E-38  4.5007E-38  4.5007E-38  4.5007E-38  4.5007E-38
  4.5007E-38  4.5007E-38  4.5007E-38  4.5007E-38  4.5007E-38
  4.5007E-38  4.5007E-38  4.5007E-38  4.5007E-38  4.5007E-38
  4.5007E-38  4.5007E-38  4.5007E-38  4.5007E-38  4.5007E-38
  4.5007E-38  4.5007E-38  4.5007E-38  4.5007E-38  4.5007E-38
  4.5007E-38  4.5007E-38  4.5007E-38  4.5007E-38  4.5007E-38
  4.5020E-38  4.5020E-38  4.5020E-38  4.5020E-38  4.5020E-38
  4.5025E-38  4.5025E-38  4.5025E-38  4.5025E-38  4.5025E-38
  4.5027E-38  4.5027E-38  4.5027E-38  4.5027E-38  4.5027E-38
  4.5007E-38  4.5007E-38  4.5007E-38  4.5007E-38  4.5007E-38
  4.5008E-38  4.5008E-38  4.5008E-38  4.5008E-38  4.5008E-38
  4.5007E-38  4.5007E-38  4.5007E-38  4.5007E-38  4.5007E-38
  4.5007E-38  4.5007E-38  4.5007E-38  4.5007E-38  4.5007E-38
  4.5007E-38  4.5007E-38  4.5007E-38  4.5007E-38  4.5007E-38
  4.5007E-38  4.5007E-38  4.5007E-38  4.5007E-38  4.5007E-38
  4.5007E-38  4.5007E-38  4.5007E-38  4.5007E-38  4.5007E-38
  4.5007E-38  4.5007E-38  4.5007E-38  4.5007E-38  4.5007E-38
  4.5006E-38  4.5006E-38  4.5006E-38  4.5006E-38  4.5006E-38
  4.5007E-38  4.5007E-38  4.5007E-38  4.5007E-38  4.5007E-38
  4.5007E-38  4.5007E-38  4.5007E-38  4.5007E-38  4.5007E-38
  4.5007E-38  4.5007E-38  4.5007E-38  4.5007E-38  4.5007E-38
  4.5007E-38  4.5007E-38  4.5007E-38  4.5007E-38  4.5007E-38
  4.5007E-38  4.5007E-38  4.5007E-38  4.5007E-38  4.5007E-38
  4.5007E-38  4.5007E-38  4.5007E-38  4.5007E-38  4.5007E-38
  4.5017E-38  4.5017E-38  4.5017E-38  4.5017E-38  4.5017E-38
  4.5024E-38  4.5024E-38  4.5024E-38  4.5024E-38  4.5024E-38
  4.5026E-38  4.5026E-38  4.5026E-38  4.5026E-38  4.5026E-38
  4.5008E-38  4.5008E-38  4.5008E-38  4.5008E-38  4.5008E-38
  4.5007E-38  4.5007E-38  4.5007E-38  4.5007E-38  4.5007E-38
  4.5007E-38  4.5007E-38  4.5007E-38  4.5007E-38  4.5007E-38
  4.5007E-38  4.5007E-38  4.5007E-38  4.5007E-38  4.5007E-38
  4.5007E-38  4.5007E-38  4.5007E-38  4.5007E-38  4.5007E-38
  4.5007E-38  4.5007E-38  4.5007E-38  4.5007E-38  4.5007E-38
  4.5007E-38  4.5007E-38  4.5007E-38  4.5007E-38  4.5007E-38
  4.5007E-38  4.5007E-38  4.5007E-38  4.5007E-38  4.5007E-38
  4.5007E-38  4.5007E-38  4.5007E-38  4.5007E-38  4.5007E-38
  4.5007E-38  4.5007E-38  4.5007E-38  4.5007E-38  4.5007E-38
  4.5007E-38  4.5007E-38  4.5007E-38  4.5007E-38  4.5007E-38
  4.5007E-38  4.5007E-38  4.5007E-38  4.5007E-38  4.5007E-38
  4.5007E-38  4.5007E-38  4.5007E-38  4.5007E-38  4.5007E-38
  4.5007E-38  4.5007E-38  4.5007E-38  4.5007E-38  4.5007E-38
  4.5007E-38  4.5007E-38  4.5007E-38  4.5007E-38  4.5007E-38
  4.5012E-38  4.5012E-38  4.5012E-38  4.5012E-38  4.5012E-38
  4.5023E-38  4.5023E-38  4.5023E-38  4.5023E-38  4.5023E-38
  4.5026E-38  4.5026E-38  4.5026E-38  4.5026E-38  4.5026E-38
  4.5008E-38  4.5008E-38  4.5008E-38  4.5008E-38  4.5008E-38
  4.5007E-38  4.5007E-38  4.5007E-38  4.5007E-38  4.5007E-38
  4.5007E-38  4.5007E-38  4.5007E-38  4.5007E-38  4.5007E-38
  4.5007E-38  4.5007E-38  4.5007E-38  4.5007E-38  4.5007E-38
  4.5007E-38  4.5007E-38  4.5007E-38  4.5007E-38  4.5007E-38
  4.5007E-38  4.5007E-38  4.5007E-38  4.5007E-38  4.5007E-38
  4.5007E-38  4.5007E-38  4.5007E-38  4.5007E-38  4.5007E-38
  4.5007E-38  4.5007E-38  4.5007E-38  4.5007E-38  4.5007E-38
  4.5007E-38  4.5007E-38  4.5007E-38  4.5007E-38  4.5007E-38
  4.5007E-38  4.5007E-38  4.5007E-38  4.5007E-38  4.5007E-38
  4.5007E-38  4.5007E-38  4.5007E-38  4.5007E-38  4.5007E-38
  4.5007E-38  4.5007E-38  4.5007E-38  4.5007E-38  4.5007E-38
  4.5007E-38  4.5007E-38  4.5007E-38  4.5007E-38  4.5007E-38
  4.5007E-38  4.5007E-38  4.5007E-38  4.5007E-38  4.5007E-38
  4.5007E-38  4.5007E-38  4.5007E-38  4.5007E-38  4.5007E-38
  4.5007E-38  4.5007E-38  4.5007E-38  4.5007E-38  4.5007E-38
  4.5019E-38  4.5019E-38  4.5019E-38  4.5019E-38  4.5019E-38
  4.5025E-38  4.5025E-38  4.5025E-38  4.5025E-38  4.5025E-38
  4.5000E-38  4.5000E-38  4.5000E-38  4.5000E-38  4.5000E-38
  4.5000E-38  4.5000E-38  4.5000E-38  4.5000E-38  4.5000E-38
  4.5000E-38  4.5000E-38  4.5000E-38  4.5000E-38  4.5000E-38
  4.5000E-38  4.5000E-38  4.5000E-38  4.5000E-38  4.5000E-38
  4.5000E-38  4.5000E-38  4.5000E-38  4.5000E-38  4.5000E-38
  4.5000E-38  4.5000E-38  4.5000E-38  4.5000E-38  4.5000E-38
  4.5000E-38  4.5000E-38  4.5000E-38  4.5000E-38  4.5000E-38
  4.5000E-38  4.5000E-38  4.5000E-38  4.5000E-38  4.5000E-38
  4.5000E-38  4.5000E-38  4.5000E-38  4.5000E-38  4.5000E-38
  4.5000E-38  4.5000E-38  4.5000E-38  4.5000E-38  4.5000E-38
  4.5000E-38  4.5000E-38  4.5000E-38  4.5000E-38  4.5000E-38
  4.5000E-38  4.5000E-38  4.5000E-38  4.5000E-38  4.5000E-38
  4.5000E-38  4.5000E-38  4.5000E-38  4.5000E-38  4.5000E-38
  4.5000E-38  4.5000E-38  4.5000E-38  4.5000E-38  4.5000E-38
  4.5000E-38  4.5000E-38  4.5000E-38  4.5000E-38  4.5000E-38
  4.5000E-38  4.5000E-38  4.5000E-38  4.5000E-38  4.5000E-38
  4.5005E-38  4.5005E-38  4.5005E-38  4.5005E-38  4.5005E-38
  4.5015E-38  4.5015E-38  4.5015E-38  4.5015E-38  4.5015E-38
  4.5000E-38  4.5000E-38  4.5000E-38  4.5000E-38  4.5000E-38
  4.5000E-38  4.5000E-38  4.5000E-38  4.5000E-38  4.5000E-38
  4.5000E-38  4.5000E-38  4.5000E-38  4.5000E-38  4.5000E-38
  4.5000E-38  4.5000E-38  4.5000E-38  4.5000E-38  4.5000E-38
  4.5000E-38  4.5000E-38  4.5000E-38  4.5000E-38  4.5000E-38
  4.5000E-38  4.5000E-38  4.5000E-38  4.5000E-38  4.5000E-38
  4.5000E-38  4.5000E-38  4.5000E-38  4.5000E-38  4.5000E-38
  4.5000E-38  4.5000E-38  4.5000E-38  4.5000E-38  4.5000E-38
  4.5000E-38  4.5000E-38  4.5000E-38  4.5000E-38  4.5000E-38
  4.5000E-38  4.5000E-38  4.5000E-38  4.5000E-38  4.5000E-38
  4.5000E-38  4.5000E-38  4.5000E-38  4.5000E-38  4.5000E-38
  4.5000E-38  4.5000E-38  4.5000E-38  4.5000E-38  4.5000E-38
  4.5000E-38  4.5000E-38  4.5000E-38  4.5000E-38  4.5000E-38
  4.5000E-38  4.5000E-38  4.5000E-38  4.5000E-38  4.5000E-38
  4.5000E-38  4.5000E-38  4.5000E-38  4.5000E-38  4.5000E-38
  4.5000E-38  4.5000E-38  4.5000E-38  4.5000E-38  4.5000E-38
  4.5000E-38  4.5000E-38  4.5000E-38  4.5000E-38  4.5000E-38
  4.5011E-38  4.5011E-38  4.5011E-38  4.5011E-38  4.5011E-38
  4.5000E-38  4.5000E-38  4.5000E-38  4.5000E-38  4.5000E-38
  4.5000E-38  4.5000E-38  4.5000E-38  4.5000E-38  4.5000E-38
  4.5000E-38  4.5000E-38  4.5000E-38  4.5000E-38  4.5000E-38
  4.5000E-38  4.5000E-38  4.5000E-38  4.5000E-38  4.5000E-38
  4.5000E-38  4.5000E-38  4.5000E-38  4.5000E-38  4.5000E-38
  4.5000E-38  4.5000E-38  4.5000E-38  4.5000E-38  4.5000E-38
  4.5000E-38  4.5000E-38  4.5000E-38  4.5000E-38  4.5000E-38
  4.5000E-38  4.5000E-38  4.5000E-38  4.5000E-38  4.5000E-38
  4.5000E-38  4.5000E-38  4.5000E-38  4.5000E-38  4.5000E-38
  4.5000E-38  4.5000E-38  4.5000E-38  4.5000E-38  4.5000E-38
  4.5000E-38  4.5000E-38  4.5000E-38  4.5000E-38  4.5000E-38
  4.5000E-38  4.5000E-38  4.5000E-38  4.5000E-38  4.5000E-38
  4.5000E-38  4.5000E-38  4.5000E-38  4.5000E-38  4.5000E-38
  4.5000E-38  4.5000E-38  4.5000E-38  4.5000E-38  4.5000E-38
  4.5000E-38  4.5000E-38  4.5000E-38  4.5000E-38  4.5000E-38
  4.5000E-38  4.5000E-38  4.5000E-38  4.5000E-38  4.5000E-38
  4.5000E-38  4.5000E-38  4.5000E-38  4.5000E-38  4.5000E-38
  4.5005E-38  4.5005E-38  4.5005E-38  4.5005E-38  4.5005E-38
  4.5000E-38  4.5000E-38  4.5000E-38  4.5000E-38  4.5000E-38
  4.5000E-38  4.5000E-38  4.5000E-38  4.5000E-38  4.5000E-38
  4.5000E-38  4.5000E-38  4.5000E-38  4.5000E-38  4.5000E-38
  4.5000E-38  4.5000E-38  4.5000E-38  4.5000E-38  4.5000E-38
  4.5000E-38  4.5000E-38  4.5000E-38  4.5000E-38  4.5000E-38
  4.5000E-38  4.5000E-38  4.5000E-38  4.5000E-38  4.5000E-38
  4.5000E-38  4.5000E-38  4.5000E-38  4.5000E-38  4.5000E-38
  4.5000E-38  4.5000E-38  4.5000E-38  4.5000E-38  4.5000E-38
  4.5000E-38  4.5000E-38  4.5000E-38  4.5000E-38  4.5000E-38
  4.5000E-38  4.5000E-38  4.5000E-38  4.5000E-38  4.5000E-38
  4.5000E-38  4.5000E-38  4.5000E-38  4.5000E-38  4.5000E-38
  4.5000E-38  4.5000E-38  4.5000E-38  4.5000E-38  4.5000E-38
  4.5000E-38  4.5000E-38  4.5000E-38  4.5000E-38  4.5000E-38
  4.5000E-38  4.5000E-38  4.5000E-38  4.5000E-38  4.5000E-38
  4.5000E-38  4.5000E-38  4.5000E-38  4.5000E-38  4.5000E-38
  4.5000E-38  4.5000E-38  4.5000E-38  4.5000E-38  4.5000E-38
  4.5000E-38  4.5000E-38  4.5000E-38  4.5000E-38  4.5000E-38
  4.5000E-38  4.5000E-38  4.5000E-38  4.5000E-38  4.5000E-38
  4.5000E-38  4.5000E-38  4.5000E-38  4.5000E-38  4.5000E-38
  4.5000E-38  4.5000E-38  4.5000E-38  4.5000E-38  4.5000E-38
  4.5000E-38  4.5000E-38  4.5000E-38  4.5000E-38  4.5000E-38
  4.5000E-38  4.5000E-38  4.5000E-38  4.5000E-38  4.5000E-38
  4.5000E-38  4.5000E-38  4.5000E-38  4.5000E-38  4.5000E-38
  4.5000E-38  4.5000E-38  4.5000E-38  4.5000E-38  4.5000E-38
  4.5000E-38  4.5000E-38  4.5000E-38  4.5000E-38  4.5000E-38
  4.5000E-38  4.5000E-38  4.5000E-38  4.5000E-38  4.5000E-38
  4.5000E-38  4.5000E-38  4.5000E-38  4.5000E-38  4.5000E-38
  4.5000E-38  4.5000E-38  4.5000E-38  4.5000E-38  4.5000E-38
  4.5000E-38  4.5000E-38  4.5000E-38  4.5000E-38  4.5000E-38
  4.5000E-38  4.5000E-38  4.5000E-38  4.5000E-38  4.5000E-38
  4.5000E-38  4.5000E-38  4.5000E-38  4.5000E-38  4.5000E-38
  4.5000E-38  4.5000E-38  4.5000E-38  4.5000E-38  4.5000E-38
  4.5000E-38  4.5000E-38  4.5000E-38  4.5000E-38  4.5000E-38
  4.5000E-38  4.5000E-38  4.5000E-38  4.5000E-38  4.5000E-38
  4.5000E-38  4.5000E-38  4.5000E-38  4.5000E-38  4.5000E-38
  4.5000E-38  4.5000E-38  4.5000E-38  4.5000E-38  4.5000E-38
  4.5000E-38  4.5000E-38  4.5000E-38  4.5000E-38  4.5000E-38
  4.5000E-38  4.5000E-38  4.5000E-38  4.5000E-38  4.5000E-38
  4.5000E-38  4.5000E-38  4.5000E-38  4.5000E-38  4.5000E-38
  4.5000E-38  4.5000E-38  4.5000E-38  4.5000E-38  4.5000E-38
  4.5000E-38  4.5000E-38  4.5000E-38  4.5000E-38  4.5000E-38
  4.5000E-38  4.5000E-38  4.5000E-38  4.5000E-38  4.5000E-38
  4.5000E-38  4.5000E-38  4.5000E-38  4.5000E-38  4.5000E-38
  4.5000E-38  4.5000E-38  4.5000E-38  4.5000E-38  4.5000E-38
  4.5000E-38  4.5000E-38  4.5000E-38  4.5000E-38  4.5000E-38
  4.5000E-38  4.5000E-38  4.5000E-38  4.5000E-38  4.5000E-38
  4.5000E-38  4.5000E-38  4.5000E-38  4.5000E-38  4.5000E-38
  4.5000E-38  4.5000E-38  4.5000E-38  4.5000E-38  4.5000E-38
  4.5000E-38  4.5000E-38  4.5000E-38  4.5000E-38  4.5000E-38
  4.5000E-38  4.5000E-38  4.5000E-38  4.5000E-38  4.5000E-38
  4.5000E-38  4.5000E-38  4.5000E-38  4.5000E-38  4.5000E-38
  4.5000E-38  4.5000E-38  4.5000E-38  4.5000E-38  4.5000E-38
  4.5000E-38  4.5000E-38  4.5000E-38  4.5000E-38  4.5000E-38
  4.5000E-38  4.5000E-38  4.5000E-38  4.5000E-38  4.5000E-38
  4.5000E-38  4.5000E-38  4.5000E-38  4.5000E-38  4.5000E-38
  4.5000E-38  4.5000E-38  4.5000E-38  4.5000E-38  4.5000E-38
  4.5000E-38  4.5000E-38  4.5000E-38  4.5000E-38  4.5000E-38
  4.5000E-38  4.5000E-38  4.5000E-38  4.5000E-38  4.5000E-38
  4.5000E-38  4.5000E-38  4.5000E-38  4.5000E-38  4.5000E-38
  4.5000E-38  4.5000E-38  4.5000E-38  4.5000E-38  4.5000E-38
  4.5000E-38  4.5000E-38  4.5000E-38  4.5000E-38  4.5000E-38
  4.5000E-38  4.5000E-38  4.5000E-38  4.5000E-38  4.5000E-38
  4.5000E-38  4.5000E-38  4.5000E-38  4.5000E-38  4.5000E-38
  4.5000E-38  4.5000E-38  4.5000E-38  4.5000E-38  4.5000E-38
  4.5000E-38  4.5000E-38  4.5000E-38  4.5000E-38  4.5000E-38
  4.5000E-38  4.5000E-38  4.5000E-38  4.5000E-38  4.5000E-38
  4.5000E-38  4.5000E-38  4.5000E-38  4.5000E-38  4.5000E-38
  4.5000E-38  4.5000E-38  4.5000E-38  4.5000E-38  4.5000E-38
  4.5000E-38  4.5000E-38  4.5000E-38  4.5000E-38  4.5000E-38
  4.5000E-38  4.5000E-38  4.5000E-38  4.5000E-38  4.5000E-38
  4.5000E-38  4.5000E-38  4.5000E-38  4.5000E-38  4.5000E-38
  4.5000E-38  4.5000E-38  4.5000E-38  4.5000E-38  4.5000E-38
  4.5003E-38  1.6953E-21  1.6096E-30  1.8913E-29  7.9755E-30
  4.5003E-38  5.6514E-22  2.7348E-31  3.2134E-30  1.3551E-30
  4.5003E-38  1.6955E-22  4.1252E-32  4.8472E-31  2.0440E-31
  4.5003E-38  5.6520E-23  7.5760E-33  8.9020E-32  3.7539E-32
  4.5003E-38  1.6956E-23  1.2080E-33  1.4195E-32  5.9857E-33
  4.5003E-38  5.6522E-24  2.2885E-34  2.6891E-33  1.1340E-33
  4.5003E-38  1.6956E-24  3.7235E-35  4.3752E-34  1.8450E-34
  4.5003E-38  5.6520E-25  7.1292E-36  8.3771E-35  3.5325E-35
  4.5003E-38  1.6956E-25  1.1678E-36  1.3721E-35  5.7862E-36
  4.5003E-38  5.6519E-26  2.2436E-37  2.6364E-36  1.1118E-36
  4.5003E-38  1.6956E-26  4.5003E-38  4.3277E-37  1.8249E-37
  4.5003E-38  5.6519E-27  4.5003E-38  8.3244E-38  4.5003E-38
  4.5003E-38  1.6956E-27  4.5003E-38  4.5003E-38  4.5003E-38
  4.5003E-38  5.6519E-28  4.5003E-38  4.5003E-38  4.5003E-38
  4.5003E-38  1.6956E-28  4.5003E-38  4.5003E-38  4.5003E-38
  4.5003E-38  5.6519E-29  4.5003E-38  4.5003E-38  4.5003E-38
  4.5003E-38  1.6956E-29  4.5003E-38  4.5003E-38  4.5003E-38
  4.5003E-38  5.6519E-30  4.5003E-38  4.5003E-38  4.5003E-38
  3.7389E-35  2.3226E-19  6.2668E-27  6.2298E-26  1.3065E-26
  7.1956E-36  7.7428E-20  8.9075E-28  8.8549E-27  3.9106E-27
  1.1824E-36  2.3232E-20  1.1435E-28  1.1368E-27  5.0203E-28
  2.2754E-37  7.7444E-21  1.8853E-29  1.8742E-28  8.2769E-29
  4.5003E-38  2.3236E-21  2.7777E-30  2.7613E-29  1.2195E-29
  4.5003E-38  7.7456E-22  5.0302E-31  5.0005E-30  2.2084E-30
  4.5003E-38  2.3238E-22  7.9452E-32  7.8981E-31  3.4880E-31
  4.5003E-38  7.7457E-23  1.4974E-32  1.4886E-31  6.5741E-32
  4.5003E-38  2.3237E-23  2.4284E-33  2.4141E-32  1.0662E-32
  4.5003E-38  7.7455E-24  4.6418E-34  4.6144E-33  2.0378E-33
  4.5003E-38  2.3237E-24  7.5952E-35  7.5503E-34  3.3344E-34
  4.5003E-38  7.7456E-25  1.4585E-35  1.4499E-34  6.4033E-35
  4.5003E-38  2.3237E-25  2.3935E-36  2.3793E-35  1.0508E-35
  4.5003E-38  7.7456E-26  4.6030E-37  4.5758E-36  2.0208E-36
  4.5003E-38  2.3237E-26  7.5603E-38  7.5156E-37  3.3191E-37
  4.5003E-38  7.7456E-27  4.5003E-38  1.4461E-37  6.3863E-38
  4.5003E-38  2.3237E-27  4.5003E-38  4.5003E-38  4.5003E-38
  4.5003E-38  7.7456E-28  4.5003E-38  4.5003E-38  4.5003E-38
  1.0160E-31  1.8290E-17  1.4220E-23  1.2181E-22  1.1876E-24
  1.9552E-32  6.0971E-18  1.7499E-24  1.4990E-23  4.3845E-25
  3.2127E-33  1.8293E-18  1.8738E-25  1.6051E-24  1.5649E-25
  6.1829E-34  6.0985E-19  2.6194E-26  2.2438E-25  6.5628E-26
  1.0160E-34  1.8298E-19  3.3023E-27  2.8288E-26  1.3012E-26
  1.9552E-35  6.0999E-20  5.3681E-28  4.5985E-27  2.1152E-27
  3.2127E-36  1.8301E-20  7.8186E-29  6.6975E-28  3.0807E-28
  6.1828E-37  6.1007E-21  1.4060E-29  1.2044E-28  5.5398E-29
  1.0159E-37  1.8302E-21  2.2099E-30  1.8930E-29  8.7076E-30
  4.5003E-38  6.1007E-22  4.1541E-31  3.5585E-30  1.6368E-30
  4.5003E-38  1.8302E-22  6.7256E-32  5.7612E-31  2.6500E-31
  4.5003E-38  6.1008E-23  1.2845E-32  1.1003E-31  5.0610E-32
  4.5003E-38  1.8302E-23  2.1005E-33  1.7993E-32  8.2767E-33
  4.5003E-38  6.1008E-24  4.0327E-34  3.4544E-33  1.5889E-33
  4.5003E-38  1.8302E-24  6.6162E-35  5.6676E-34  2.6070E-34
  4.5003E-38  6.1008E-25  1.2723E-35  1.0899E-34  5.0132E-35
  4.5003E-38  1.8302E-25  2.0896E-36  1.7900E-35  8.2336E-36
  4.5003E-38  6.1008E-26  4.0205E-37  3.4440E-36  1.5842E-36
  1.1957E-28  9.0392E-16  1.6961E-20  6.8392E-20  8.0076E-23
  2.3009E-29  3.0132E-16  1.9569E-21  1.4671E-20  2.7717E-23
  3.7809E-30  9.0399E-17  1.8885E-22  1.4158E-21  8.9158E-24
  7.2764E-31  3.0135E-17  2.3272E-23  1.7446E-22  3.2960E-24
  1.1956E-31  9.0415E-18  2.4967E-24  1.8717E-23  1.1788E-24
  2.3009E-32  3.0142E-18  3.4974E-25  2.6221E-24  4.9536E-25
  3.7809E-33  9.0440E-19  4.4195E-26  3.3132E-25  1.5800E-25
  7.2762E-34  3.0149E-19  7.1973E-27  5.3958E-26  2.5732E-26
  1.1956E-34  9.0455E-20  1.0499E-27  7.8708E-27  3.7534E-27
  2.3009E-35  3.0152E-20  1.8895E-28  1.4166E-27  6.7556E-28
  3.7806E-36  9.0459E-21  2.9720E-29  2.2281E-28  1.0626E-28
  7.2756E-37  3.0153E-21  5.5888E-30  4.1899E-29  1.9980E-29
  1.1955E-37  9.0461E-22  9.0504E-31  6.7851E-30  3.2357E-30
  4.5003E-38  3.0154E-22  1.7287E-31  1.2960E-30  6.1803E-31
  4.5003E-38  9.0461E-23  2.8272E-32  2.1195E-31  1.0108E-31
  4.5003E-38  3.0154E-23  5.4279E-33  4.0693E-32  1.9405E-32
  4.5003E-38  9.0462E-24  8.9057E-34  6.6765E-33  3.1839E-33
  4.5003E-38  3.0154E-24  1.7126E-34  1.2839E-33  6.1228E-34
  6.9093E-26  3.0075E-14  1.0468E-17  2.6609E-18  3.7429E-21
  1.3296E-26  1.0025E-14  1.1797E-18  8.9970E-19  1.2655E-21
  2.1848E-27  3.0075E-15  1.0911E-19  2.7738E-19  3.9017E-22
  4.2047E-28  1.0026E-15  1.2652E-20  8.4115E-20  1.3573E-22
  6.9089E-29  3.0078E-16  1.2316E-21  8.1883E-21  4.4041E-23
  1.3296E-29  1.0027E-16  1.5356E-22  1.0210E-21  1.6473E-23
  2.1848E-30  3.0083E-17  1.6759E-23  1.1142E-22  5.9927E-24
  4.2047E-31  1.0029E-17  2.3905E-24  1.5893E-23  2.5644E-24
  6.9089E-32  3.0091E-18  3.0803E-25  2.0479E-24  1.0086E-24
  1.3296E-32  1.0031E-18  5.0929E-26  3.3861E-25  1.6676E-25
  2.1847E-33  3.0095E-19  7.5204E-27  5.0000E-26  2.4624E-26
  4.2043E-34  1.0032E-19  1.3638E-27  9.0669E-27  4.4654E-27
  6.9083E-35  3.0097E-20  2.1561E-28  1.4335E-27  7.0598E-28
  1.3295E-35  1.0033E-20  4.0659E-29  2.7032E-28  1.3313E-28
  2.1845E-36  3.0097E-21  6.5961E-30  4.3854E-29  2.1597E-29
  4.2042E-37  1.0033E-21  1.2611E-30  8.3843E-30  4.1292E-30
  6.9083E-38  3.0098E-22  2.0636E-31  1.3720E-30  6.7571E-31
  4.5003E-38  1.0033E-22  3.9632E-32  2.6350E-31  1.2977E-31
  4.7195E-19  1.7319E-10  1.5964E-11  2.4102E-14  5.3414E-17
  9.0872E-20  5.7728E-11  5.3288E-12  8.0452E-15  1.7828E-17
  1.4938E-20  1.7314E-11  8.7485E-13  2.4190E-15  5.3605E-18
  2.8750E-21  5.7708E-12  9.7552E-14  8.0931E-16  1.7934E-18
  4.7247E-22  1.7312E-12  8.8442E-15  2.4459E-16  5.4200E-19
  9.0934E-23  5.7707E-13  9.9438E-16  8.2498E-17  1.8281E-19
  1.4943E-23  1.7312E-13  9.1551E-17  2.5319E-17  5.6106E-20
  2.8759E-24  5.7710E-14  1.0543E-17  8.7464E-18  1.9382E-20
  4.7256E-25  1.7314E-14  1.0139E-18  2.8038E-18  6.2132E-21
  9.0944E-26  5.7717E-15  1.2434E-19  6.1358E-19  2.2861E-21
  1.4943E-26  1.7316E-15  1.3247E-20  6.5366E-20  8.1181E-22
  2.8757E-27  5.7727E-16  1.8415E-21  9.0869E-21  3.3857E-22
  4.7252E-28  1.7320E-16  2.3073E-22  1.1386E-21  1.4141E-22
  9.0936E-29  5.7740E-17  3.7324E-23  1.8418E-22  6.8626E-23
  1.4942E-29  1.7323E-17  5.4144E-24  2.6717E-23  1.4236E-23
  2.8757E-30  5.7748E-18  9.7118E-25  4.7923E-24  2.5536E-24
  4.7252E-31  1.7325E-18  1.5239E-25  7.5199E-25  4.0070E-25
  9.0936E-32  5.7751E-19  2.8620E-26  1.4123E-25  7.5251E-26
  7.0397E-15  1.3053E-07  1.2425E-08  1.9390E-11  6.5482E-14
  2.3505E-15  4.3582E-08  4.9841E-09  7.6908E-12  2.4857E-14
  7.0555E-16  1.3082E-08  1.6329E-09  2.5071E-12  7.9514E-15
  2.3521E-16  4.3612E-09  5.6052E-10  8.5916E-13  2.7090E-15
  7.0555E-17  1.3082E-09  1.7010E-10  2.6059E-13  8.1986E-16
  1.5906E-17  4.3600E-10  5.6973E-11  8.7261E-14  2.7438E-16
  2.6204E-18  1.3080E-10  1.7171E-11  2.6299E-14  8.2673E-17
  5.0507E-19  4.3598E-11  1.9594E-12  8.8204E-15  2.7726E-17
  8.3063E-20  1.3080E-11  1.7832E-13  2.6758E-15  8.4108E-18
  1.5993E-20  4.3599E-12  2.0167E-14  9.0786E-16  2.8537E-18
  2.6287E-21  1.3080E-12  1.8772E-15  2.8169E-16  8.8543E-19
  5.0595E-22  4.3602E-13  2.1976E-16  9.8929E-17  3.1096E-19
  8.3139E-23  1.3081E-13  2.1743E-17  3.2628E-17  1.0256E-19
  1.6000E-23  4.3607E-14  2.7693E-18  1.0861E-17  3.9189E-20
  2.6292E-24  1.3084E-14  3.1138E-19  1.2212E-18  1.4688E-20
  5.0598E-25  4.3617E-15  4.5772E-20  1.7951E-19  6.4774E-21
  8.3143E-26  1.3087E-15  6.0843E-21  2.3862E-20  2.8701E-21
  1.6001E-26  4.3626E-16  1.0294E-21  4.0371E-21  1.4567E-21
  4.9080E-13  1.9771E-06  6.9889E-08  1.2021E-10  8.6008E-13
  3.5457E-13  1.9771E-06  6.9860E-08  1.2017E-10  8.5956E-13
  2.3382E-13  1.9770E-06  6.9813E-08  1.2011E-10  8.5884E-13
  1.2884E-13  8.0335E-07  4.6949E-08  7.7959E-11  4.4453E-13
  6.3774E-14  2.4343E-07  2.3568E-08  3.7786E-11  1.8058E-13
  2.6640E-14  8.1384E-08  1.0630E-08  1.6723E-11  7.3673E-14
  7.9992E-15  2.4437E-08  3.7887E-09  5.9021E-12  2.4996E-14
  2.6669E-15  8.1472E-09  1.3493E-09  2.0944E-12  8.7507E-15
  8.0014E-16  2.4444E-09  4.1656E-10  6.4565E-13  2.6839E-15
  2.2262E-16  8.1481E-10  1.4057E-10  2.1777E-13  9.0391E-16
  3.6813E-17  2.4445E-10  2.6853E-11  6.6085E-14  2.7414E-16
  7.1075E-18  8.1484E-11  3.0245E-12  2.2335E-14  9.2636E-17
  1.1702E-18  2.4446E-11  2.7905E-13  6.8693E-15  2.8491E-17
  2.2543E-19  8.1485E-12  3.2231E-14  2.3805E-15  9.8728E-18
  3.7064E-20  2.4447E-12  3.1165E-15  7.6727E-16  3.1822E-18
  7.1352E-21  8.1493E-13  3.8509E-16  2.8442E-16  1.1796E-18
  1.1727E-21  2.4451E-13  4.1480E-17  1.0213E-16  4.2354E-19
  2.2569E-22  8.1512E-14  5.8357E-18  1.9074E-17  1.7876E-19
  2.6209E-12  1.9726E-06  7.6187E-08  1.3294E-10  1.2660E-12
  2.4362E-12  1.9720E-06  7.6005E-08  1.3259E-10  1.2599E-12
  2.1558E-12  1.9716E-06  7.5882E-08  1.3236E-10  1.2559E-12
  1.8269E-12  1.9714E-06  7.5802E-08  1.3222E-10  1.2535E-12
  1.4179E-12  1.9712E-06  7.5719E-08  1.3209E-10  1.2514E-12
  1.0510E-12  1.9710E-06  7.5622E-08  1.3195E-10  1.2492E-12
  6.7243E-13  1.6308E-06  7.0420E-08  1.2199E-10  1.0877E-12
  3.4040E-13  5.5372E-07  4.3276E-08  7.2043E-11  4.9684E-13
  1.5792E-13  1.6726E-07  2.1078E-08  3.4005E-11  2.0001E-13
  7.7049E-14  5.5868E-08  9.3027E-09  1.4757E-11  8.0770E-14
  2.3880E-14  1.6773E-08  3.2771E-09  5.1514E-12  2.7250E-14
  7.9619E-15  5.5925E-09  1.1652E-09  1.8253E-12  9.5435E-15
  2.3888E-15  1.6779E-09  3.6123E-10  5.6508E-13  2.9415E-15
  5.1055E-16  5.5931E-10  7.1939E-11  1.9259E-13  1.0012E-15
  8.4563E-17  1.6779E-10  6.6472E-12  5.9363E-14  3.0846E-16
  1.6341E-17  5.5933E-11  7.6725E-13  2.0561E-14  1.0683E-16
  2.6918E-18  1.6781E-11  7.4064E-14  6.6168E-15  3.4375E-17
  5.1869E-19  5.5940E-12  9.1300E-15  2.4472E-15  1.2713E-17
  1.0468E-11  1.9959E-06  9.0943E-08  1.6294E-10  2.3423E-12
  9.3519E-12  1.9849E-06  8.7625E-08  1.5622E-10  2.1425E-12
  8.5853E-12  1.9768E-06  8.5274E-08  1.5151E-10  2.0127E-12
  8.0876E-12  1.9720E-06  8.3959E-08  1.4889E-10  1.9441E-12
  7.5955E-12  1.9689E-06  8.3095E-08  1.4718E-10  1.9007E-12
  7.0808E-12  1.9672E-06  8.2622E-08  1.4625E-10  1.8776E-12
  6.3448E-12  1.9660E-06  8.2291E-08  1.4563E-10  1.8622E-12
  5.4646E-12  1.9653E-06  8.2061E-08  1.4522E-10  1.8525E-12
  4.2300E-12  1.9648E-06  8.1750E-08  1.4474E-10  1.8412E-12
  2.9057E-12  1.9639E-06  8.1115E-08  1.4382E-10  1.8206E-12
  1.6618E-12  1.4949E-06  7.2869E-08  1.2822E-10  1.4796E-12
  8.5883E-13  5.0690E-07  4.5421E-08  7.6918E-11  6.8487E-13
  4.1627E-13  1.5306E-07  2.2599E-08  3.7049E-11  2.8003E-13
  2.0617E-13  5.1123E-08  1.0210E-08  1.6432E-11  1.1516E-13
  8.8296E-14  1.5348E-08  3.6983E-09  5.8881E-12  3.9773E-14
  3.5528E-14  5.1173E-09  1.3464E-09  2.1337E-12  1.4227E-14
  1.0221E-14  1.5353E-09  2.6216E-10  6.8203E-13  4.5244E-15
  2.0084E-15  5.1180E-10  3.0472E-11  2.3852E-13  1.5797E-15
  8.9648E-11  2.0698E-06  1.2305E-07  2.3164E-10  7.1873E-12
  6.0665E-11  2.0560E-06  1.1722E-07  2.1880E-10  5.8729E-12
  4.2036E-11  2.0374E-06  1.1009E-07  2.0336E-10  4.6907E-12
  3.2121E-11  2.0192E-06  1.0381E-07  1.9001E-10  3.9050E-12
  2.5714E-11  2.0008E-06  9.8018E-08  1.7793E-10  3.3279E-12
  2.2209E-11  1.9872E-06  9.4083E-08  1.6983E-10  2.9956E-12
  1.9751E-11  1.9764E-06  9.1150E-08  1.6385E-10  2.7739E-12
  1.8106E-11  1.9699E-06  8.9439E-08  1.6041E-10  2.6540E-12
  1.6425E-11  1.9654E-06  8.8260E-08  1.5807E-10  2.5758E-12
  1.4543E-11  1.9628E-06  8.7536E-08  1.5668E-10  2.5310E-12
  1.1305E-11  1.9608E-06  8.6739E-08  1.5532E-10  2.4886E-12
  7.8477E-12  1.9585E-06  8.5631E-08  1.5360E-10  2.4376E-12
  5.0975E-12  1.9548E-06  8.3932E-08  1.5104E-10  2.3650E-12
  3.2955E-12  1.7953E-06  7.9687E-08  1.4363E-10  2.1569E-12
  1.6606E-12  5.5024E-07  4.9411E-08  8.5561E-11  9.5353E-13
  8.7675E-13  1.8464E-07  2.7109E-08  4.5496E-11  4.3009E-13
  4.2007E-13  5.5535E-08  1.1905E-08  1.9508E-11  1.6775E-13
  2.0312E-13  1.8527E-08  4.9498E-09  8.0045E-12  6.6141E-14
  7.6755E-10  2.0939E-06  1.3470E-07  2.5699E-10  1.1092E-11
  5.3692E-10  2.0910E-06  1.3349E-07  2.5476E-10  1.0996E-11
  3.4609E-10  2.0858E-06  1.3127E-07  2.5003E-10  1.0298E-11
  2.2767E-10  2.0781E-06  1.2814E-07  2.4311E-10  9.2317E-12
  1.4523E-10  2.0657E-06  1.2330E-07  2.3238E-10  7.8151E-12
  9.9441E-11  2.0505E-06  1.1776E-07  2.2022E-10  6.5393E-12
  6.9199E-11  2.0308E-06  1.1114E-07  2.0591E-10  5.3682E-12
  5.2418E-11  2.0121E-06  1.0543E-07  1.9378E-10  4.5766E-12
  4.0589E-11  1.9937E-06  1.0028E-07  1.8300E-10  3.9883E-12
  3.2831E-11  1.9806E-06  9.6808E-08  1.7585E-10  3.6459E-12
  2.5110E-11  1.9703E-06  9.4186E-08  1.7054E-10  3.4127E-12
  1.6669E-11  1.9638E-06  9.2434E-08  1.6714E-10  3.2732E-12
  8.9191E-12  1.9580E-06  9.0607E-08  1.6390E-10  3.1482E-12
  5.3067E-12  1.9526E-06  8.8811E-08  1.6093E-10  3.0406E-12
  3.0757E-12  1.9451E-06  8.6249E-08  1.5687E-10  2.9022E-12
  1.8420E-12  1.9346E-06  8.2732E-08  1.5138E-10  2.7259E-12
  1.0120E-12  1.0084E-06  6.3830E-08  1.1504E-10  1.7114E-12
  5.7305E-13  3.4017E-07  3.8375E-08  6.6905E-11  8.0516E-13
  1.7358E-09  2.0970E-06  1.3527E-07  2.5190E-10  8.1950E-12
  1.5775E-09  2.0967E-06  1.3555E-07  2.5573E-10  9.7307E-12
  1.3421E-09  2.0958E-06  1.3547E-07  2.5752E-10  1.0897E-11
  1.0845E-09  2.0942E-06  1.3499E-07  2.5750E-10  1.1429E-11
  7.9554E-10  2.0913E-06  1.3391E-07  2.5569E-10  1.1443E-11
  5.6487E-10  2.0865E-06  1.3221E-07  2.5215E-10  1.0973E-11
  3.7245E-10  2.0784E-06  1.2925E-07  2.4568E-10  9.9977E-12
  2.5208E-10  2.0674E-06  1.2536E-07  2.3709E-10  8.8238E-12
  1.6737E-10  2.0508E-06  1.1988E-07  2.2505E-10  7.4583E-12
  1.1941E-10  2.0324E-06  1.1424E-07  2.1284E-10  6.3423E-12
  8.6331E-11  2.0111E-06  1.0823E-07  2.0001E-10  5.3877E-12
  6.5223E-11  1.9932E-06  1.0353E-07  1.9017E-10  4.7714E-12
  4.3610E-11  1.9770E-06  9.9387E-08  1.8177E-10  4.3100E-12
  2.7308E-11  1.9649E-06  9.6236E-08  1.7570E-10  4.0110E-12
  1.6847E-11  1.9530E-06  9.3200E-08  1.7017E-10  3.7633E-12
  1.0768E-11  1.9413E-06  9.0224E-08  1.6508E-10  3.5546E-12
  6.3674E-12  1.9239E-06  8.5867E-08  1.5793E-10  3.2851E-12
  3.8412E-12  1.8991E-06  8.0093E-08  1.4855E-10  2.9618E-12
  1.9730E-09  2.0966E-06  1.3038E-07  2.1794E-10  3.7740E-12
  1.9400E-09  2.0970E-06  1.3295E-07  2.3505E-10  5.4536E-12
  1.8783E-09  2.0970E-06  1.3452E-07  2.4670E-10  7.4662E-12
  1.7865E-09  2.0968E-06  1.3523E-07  2.5287E-10  9.1626E-12
  1.6393E-09  2.0963E-06  1.3552E-07  2.5645E-10  1.0595E-11
  1.4474E-09  2.0953E-06  1.3538E-07  2.5769E-10  1.1413E-11
  1.1837E-09  2.0931E-06  1.3478E-07  2.5730E-10  1.1776E-11
  9.2088E-10  2.0897E-06  1.3369E-07  2.5533E-10  1.1658E-11
  6.5396E-10  2.0835E-06  1.3165E-07  2.5105E-10  1.1070E-11
  4.5883E-10  2.0746E-06  1.2878E-07  2.4476E-10  1.0171E-11
  3.0610E-10  2.0604E-06  1.2436E-07  2.3505E-10  8.9268E-12
  2.1313E-10  2.0432E-06  1.1935E-07  2.2411E-10  7.7462E-12
  1.4301E-10  2.0211E-06  1.1333E-07  2.1123E-10  6.5987E-12
  9.2913E-11  2.0001E-06  1.0790E-07  1.9992E-10  5.7616E-12
  5.6536E-11  1.9776E-06  1.0244E-07  1.8899E-10  5.0744E-12
  3.7498E-11  1.9579E-06  9.8080E-08  1.8061E-10  4.6171E-12
  2.3554E-11  1.9349E-06  9.3343E-08  1.7201E-10  4.2046E-12
  1.4888E-11  1.9079E-06  8.8197E-08  1.6311E-10  3.8269E-12
  2.0072E-09  2.0926E-06  1.1138E-07  1.4016E-10  1.3302E-12
  2.0020E-09  2.0948E-06  1.2143E-07  1.7712E-10  2.2286E-12
  1.9893E-09  2.0961E-06  1.2808E-07  2.0890E-10  3.6512E-12
  1.9680E-09  2.0967E-06  1.3161E-07  2.2907E-10  5.3195E-12
  1.9269E-09  2.0969E-06  1.3379E-07  2.4317E-10  7.3411E-12
  1.8637E-09  2.0968E-06  1.3485E-07  2.5082E-10  9.0700E-12
  1.7520E-09  2.0964E-06  1.3537E-07  2.5546E-10  1.0561E-11
  1.6100E-09  2.0954E-06  1.3541E-07  2.5740E-10  1.1454E-11
  1.3904E-09  2.0935E-06  1.3503E-07  2.5766E-10  1.1931E-11
  1.1467E-09  2.0904E-06  1.3418E-07  2.5635E-10  1.1949E-11
  8.6316E-10  2.0846E-06  1.3250E-07  2.5296E-10  1.1547E-11
  6.2880E-10  2.0761E-06  1.3005E-07  2.4768E-10  1.0822E-11
  4.2383E-10  2.0621E-06  1.2613E-07  2.3914E-10  9.7192E-12
  2.7817E-10  2.0443E-06  1.2136E-07  2.2886E-10  8.5673E-12
  1.6066E-10  2.0193E-06  1.1503E-07  2.1557E-10  7.3226E-12
  1.0089E-10  1.9924E-06  1.0889E-07  2.0305E-10  6.3546E-12
  6.3581E-11  1.9594E-06  1.0230E-07  1.9007E-10  5.5185E-12
  4.1315E-11  1.9239E-06  9.6131E-08  1.7849E-10  4.8909E-12
  2.0021E-09  2.0767E-06  6.6799E-08  5.6060E-11  3.9733E-13
  2.0072E-09  2.0859E-06  8.9695E-08  9.2366E-11  7.7168E-13
  2.0077E-09  2.0914E-06  1.0834E-07  1.3680E-10  1.4625E-12
  2.0037E-09  2.0941E-06  1.1948E-07  1.7443E-10  2.4415E-12
  1.9930E-09  2.0957E-06  1.2695E-07  2.0703E-10  3.9614E-12
  1.9745E-09  2.0965E-06  1.3093E-07  2.2784E-10  5.6944E-12
  1.9384E-09  2.0967E-06  1.3341E-07  2.4243E-10  7.7267E-12
  1.8825E-09  2.0966E-06  1.3463E-07  2.5037E-10  9.4081E-12
  1.7823E-09  2.0961E-06  1.3524E-07  2.5520E-10  1.0818E-11
  1.6482E-09  2.0950E-06  1.3533E-07  2.5725E-10  1.1644E-11
  1.4510E-09  2.0926E-06  1.3497E-07  2.5758E-10  1.2080E-11
  1.2187E-09  2.0889E-06  1.3413E-07  2.5631E-10  1.2094E-11
  9.3643E-10  2.0820E-06  1.3244E-07  2.5295E-10  1.1722E-11
  6.7744E-10  2.0718E-06  1.2992E-07  2.4762E-10  1.1039E-11
  4.1261E-10  2.0543E-06  1.2564E-07  2.3859E-10  9.9464E-12
  2.4482E-10  2.0305E-06  1.2018E-07  2.2720E-10  8.7525E-12
  1.4704E-10  1.9947E-06  1.1297E-07  2.1249E-10  7.4696E-12
  9.4360E-11  1.9518E-06  1.0556E-07  1.9782E-10  6.4247E-12
  1.9667E-09  2.0158E-06  2.1960E-08  1.4558E-11  1.0070E-13
  1.9891E-09  2.0541E-06  4.1507E-08  3.1002E-11  2.2758E-13
  2.0017E-09  2.0752E-06  6.8367E-08  6.1765E-11  5.1181E-13
  2.0065E-09  2.0852E-06  9.0856E-08  9.9480E-11  9.7851E-13
  2.0064E-09  2.0910E-06  1.0907E-07  1.4413E-10  1.8203E-12
  2.0015E-09  2.0939E-06  1.1993E-07  1.8075E-10  2.9752E-12
  1.9890E-09  2.0955E-06  1.2720E-07  2.1163E-10  4.6805E-12
  1.9676E-09  2.0962E-06  1.3107E-07  2.3093E-10  6.5088E-12
  1.9263E-09  2.0964E-06  1.3346E-07  2.4425E-10  8.5067E-12
  1.8628E-09  2.0960E-06  1.3460E-07  2.5139E-10  1.0048E-11
  1.7502E-09  2.0950E-06  1.3513E-07  2.5560E-10  1.1259E-11
  1.5963E-09  2.0932E-06  1.3511E-07  2.5718E-10  1.1916E-11
  1.3921E-09  2.0893E-06  1.3458E-07  2.5701E-10  1.2209E-11
  1.1443E-09  2.0833E-06  1.3346E-07  2.5513E-10  1.2121E-11
  8.1970E-10  2.0720E-06  1.3122E-07  2.5068E-10  1.1639E-11
  5.1446E-10  2.0547E-06  1.2767E-07  2.4347E-10  1.0813E-11
  3.0149E-10  2.0238E-06  1.2187E-07  2.3165E-10  9.5882E-12
  1.9040E-10  1.9811E-06  1.1482E-07  2.1744E-10  8.3395E-12
  1.8664E-09  1.8138E-06  6.2283E-09  4.0534E-12  3.0505E-14
  1.9318E-09  1.9431E-06  1.2940E-08  8.7230E-12  6.6693E-14
  1.9722E-09  2.0207E-06  2.7628E-08  2.0195E-11  1.6063E-13
  1.9918E-09  2.0568E-06  4.8938E-08  4.0737E-11  3.4913E-13
  2.0022E-09  2.0767E-06  7.5579E-08  7.6050E-11  7.5156E-13
  2.0051E-09  2.0860E-06  9.6459E-08  1.1599E-10  1.3859E-12
  2.0023E-09  2.0914E-06  1.1274E-07  1.5985E-10  2.4783E-12
  1.9937E-09  2.0939E-06  1.2224E-07  1.9353E-10  3.8892E-12
  1.9745E-09  2.0953E-06  1.2850E-07  2.2050E-10  5.8107E-12
  1.9430E-09  2.0957E-06  1.3179E-07  2.3670E-10  7.6805E-12
  1.8837E-09  2.0953E-06  1.3377E-07  2.4753E-10  9.5257E-12
  1.7947E-09  2.0941E-06  1.3464E-07  2.5308E-10  1.0814E-11
  1.6433E-09  2.0916E-06  1.3486E-07  2.5600E-10  1.1729E-11
  1.4471E-09  2.0873E-06  1.3449E-07  2.5650E-10  1.2146E-11
  1.1888E-09  2.0788E-06  1.3338E-07  2.5495E-10  1.2208E-11
  8.5493E-10  2.0652E-06  1.3123E-07  2.5099E-10  1.1880E-11
  5.2545E-10  2.0390E-06  1.2707E-07  2.4282E-10  1.1077E-11
  3.3566E-10  1.9995E-06  1.2129E-07  2.3134E-10  1.0017E-11
  1.6378E-09  1.3602E-06  2.0393E-09  1.3814E-12  1.1490E-14
  1.7919E-09  1.6524E-06  4.3570E-09  2.9862E-12  2.4979E-14
  1.8946E-09  1.8593E-06  9.5956E-09  6.7520E-12  5.7079E-14
  1.9484E-09  1.9693E-06  1.9211E-08  1.4208E-11  1.2314E-13
  1.9806E-09  2.0340E-06  3.8013E-08  3.1208E-11  2.8689E-13
  1.9953E-09  2.0636E-06  6.1334E-08  5.8285E-11  5.9292E-13
  2.0014E-09  2.0800E-06  8.6613E-08  9.9179E-11  1.2019E-12
  2.0002E-09  2.0877E-06  1.0462E-07  1.4024E-10  2.1030E-12
  1.9913E-09  2.0920E-06  1.1791E-07  1.8085E-10  3.5441E-12
  1.9738E-09  2.0939E-06  1.2542E-07  2.0944E-10  5.2378E-12
  1.9385E-09  2.0945E-06  1.3024E-07  2.3089E-10  7.2899E-12
  1.8830E-09  2.0939E-06  1.3268E-07  2.4309E-10  9.0462E-12
  1.7829E-09  2.0919E-06  1.3400E-07  2.5076E-10  1.0571E-11
  1.6411E-09  2.0883E-06  1.3433E-07  2.5418E-10  1.1505E-11
  1.4144E-09  2.0806E-06  1.3386E-07  2.5497E-10  1.2046E-11
  1.1337E-09  2.0682E-06  1.3250E-07  2.5318E-10  1.2136E-11
  7.6484E-10  2.0441E-06  1.2940E-07  2.4758E-10  1.1766E-11
  5.0705E-10  2.0062E-06  1.2464E-07  2.3845E-10  1.1029E-11
  1.2024E-09  7.0273E-07  6.2518E-10  4.4436E-13  4.0554E-15
  1.5051E-09  1.1237E-06  1.5443E-09  1.1028E-12  1.0087E-14
  1.7247E-09  1.5105E-06  3.6658E-09  2.6454E-12  2.4326E-14
  1.8478E-09  1.7545E-06  7.5512E-09  5.5531E-12  5.1470E-14
  1.9266E-09  1.9187E-06  1.6021E-08  1.2286E-11  1.1641E-13
  1.9661E-09  2.0024E-06  3.0246E-08  2.4980E-11  2.4696E-13
  1.9880E-09  2.0501E-06  5.3593E-08  5.0632E-11  5.4853E-13
  1.9959E-09  2.0718E-06  7.7257E-08  8.5402E-11  1.0630E-12
  1.9950E-09  2.0838E-06  9.9170E-08  1.3007E-10  2.0012E-12
  1.9855E-09  2.0893E-06  1.1331E-07  1.6895E-10  3.2716E-12
  1.9626E-09  2.0921E-06  1.2316E-07  2.0310E-10  5.0924E-12
  1.9243E-09  2.0925E-06  1.2849E-07  2.2498E-10  6.9643E-12
  1.8525E-09  2.0911E-06  1.3173E-07  2.4017E-10  8.9145E-12
  1.7462E-09  2.0876E-06  1.3312E-07  2.4805E-10  1.0343E-11
  1.5677E-09  2.0803E-06  1.3342E-07  2.5204E-10  1.1393E-11
  1.3260E-09  2.0680E-06  1.3261E-07  2.5227E-10  1.1877E-11
  9.6360E-10  2.0438E-06  1.3010E-07  2.4853E-10  1.1883E-11
  6.7124E-10  2.0054E-06  1.2595E-07  2.4095E-10  1.1444E-11
  5.8075E-10  2.1123E-07  1.5848E-10  1.1808E-13  1.1741E-15
  1.0062E-09  5.0883E-07  4.8209E-10  3.5990E-13  3.5804E-15
  1.4011E-09  9.6487E-07  1.3824E-09  1.0368E-12  1.0337E-14
  1.6457E-09  1.3573E-06  3.1412E-09  2.3760E-12  2.3798E-14
  1.8117E-09  1.6739E-06  7.0080E-09  5.3984E-12  5.4613E-14
  1.9002E-09  1.8585E-06  1.3850E-08  1.1023E-11  1.1336E-13
  1.9541E-09  1.9760E-06  2.7682E-08  2.3602E-11  2.5292E-13
  1.9789E-09  2.0330E-06  4.7405E-08  4.4975E-11  5.1878E-13
  1.9891E-09  2.0646E-06  7.3006E-08  8.1089E-11  1.0738E-12
  1.9872E-09  2.0789E-06  9.4007E-08  1.2139E-10  1.9249E-12
  1.9728E-09  2.0865E-06  1.1089E-07  1.6474E-10  3.3175E-12
  1.9448E-09  2.0893E-06  1.2086E-07  1.9722E-10  4.9827E-12
  1.8894E-09  2.0892E-06  1.2738E-07  2.2251E-10  7.0307E-12
  1.8047E-09  2.0862E-06  1.3059E-07  2.3707E-10  8.8025E-12
  1.6579E-09  2.0788E-06  1.3207E-07  2.4585E-10  1.0338E-11
  1.4562E-09  2.0663E-06  1.3193E-07  2.4886E-10  1.1240E-11
  1.1326E-09  2.0411E-06  1.2998E-07  2.4719E-10  1.1639E-11
  8.0382E-10  2.0007E-06  1.2605E-07  2.4060E-10  1.1450E-11
  8.1444E-11  2.2825E-08  2.0400E-11  1.6228E-14  1.8064E-16
  2.3058E-10  7.1196E-08  6.6104E-11  5.2599E-14  5.8666E-16
  5.9521E-10  2.3395E-07  2.4516E-10  1.9528E-13  2.1781E-15
  1.0360E-09  5.5312E-07  7.3827E-10  5.8962E-13  6.5845E-15
  1.4331E-09  1.0163E-06  2.0566E-09  1.6530E-12  1.8524E-14
  1.6708E-09  1.3995E-06  4.5503E-09  3.6990E-12  4.1727E-14
  1.8274E-09  1.7017E-06  9.8653E-09  8.2147E-12  9.4003E-14
  1.9082E-09  1.8749E-06  1.8853E-08  1.6365E-11  1.9184E-13
  1.9547E-09  1.9838E-06  3.5610E-08  3.3546E-11  4.1577E-13
  1.9723E-09  2.0361E-06  5.6979E-08  6.0206E-11  8.1873E-13
  1.9724E-09  2.0649E-06  8.1821E-08  1.0066E-10  1.6056E-12
  1.9563E-09  2.0772E-06  1.0062E-07  1.4142E-10  2.7317E-12
  1.9164E-09  2.0824E-06  1.1494E-07  1.8143E-10  4.4268E-12
  1.8512E-09  2.0816E-06  1.2298E-07  2.0902E-10  6.2543E-12
  1.7332E-09  2.0749E-06  1.2773E-07  2.2870E-10  8.2371E-12
  1.5679E-09  2.0616E-06  1.2933E-07  2.3831E-10  9.7139E-12
  1.3006E-09  2.0345E-06  1.2853E-07  2.4120E-10  1.0731E-11
  9.8529E-10  1.9909E-06  1.2516E-07  2.3706E-10  1.1006E-11
  1.1553E-11  3.4005E-09  3.9623E-12  3.3384E-15  4.1088E-17
  3.2665E-11  9.7048E-09  1.1368E-11  9.5783E-15  1.1788E-16
  1.0688E-10  3.3172E-08  3.9592E-11  3.3366E-14  4.1147E-16
  3.0148E-10  1.0517E-07  1.3244E-10  1.1168E-13  1.3765E-15
  7.2782E-10  3.2924E-07  4.8622E-10  4.1079E-13  5.0674E-15
  1.1690E-09  7.0220E-07  1.3779E-09  1.1691E-12  1.4457E-14
  1.5279E-09  1.1662E-06  3.5716E-09  3.0601E-12  3.8068E-14
  1.7313E-09  1.5143E-06  7.5125E-09  6.5477E-12  8.2331E-14
  1.8597E-09  1.7740E-06  1.5540E-08  1.4028E-11  1.8049E-13
  1.9214E-09  1.9172E-06  2.8192E-08  2.6958E-11  3.6058E-13
  1.9501E-09  2.0043E-06  4.8962E-08  5.1845E-11  7.5257E-13
  1.9505E-09  2.0446E-06  7.1410E-08  8.5535E-11  1.4034E-12
  1.9249E-09  2.0652E-06  9.3790E-08  1.2933E-10  2.5563E-12
  1.8732E-09  2.0713E-06  1.0887E-07  1.6746E-10  4.0369E-12
  1.7736E-09  2.0679E-06  1.1925E-07  2.0019E-10  5.9865E-12
  1.6298E-09  2.0550E-06  1.2411E-07  2.1957E-10  7.7680E-12
  1.3972E-09  2.0262E-06  1.2537E-07  2.2977E-10  9.3221E-12
  1.1096E-09  1.9788E-06  1.2300E-07  2.2963E-10  1.0096E-11
  2.9511E-12  9.3709E-10  1.3951E-12  1.2364E-15  1.6627E-17
  6.8037E-12  2.1651E-09  3.2266E-12  2.8597E-15  3.8447E-17
  1.9194E-11  6.1309E-09  9.1673E-12  8.1250E-15  1.0923E-16
  5.4714E-11  1.7785E-08  2.6843E-11  2.3795E-14  3.1989E-16
  1.8036E-10  6.2863E-08  9.8137E-11  8.7027E-14  1.1715E-15
  4.7439E-10  1.9458E-07  3.3289E-10  2.9558E-13  3.9809E-15
  9.6477E-10  5.2454E-07  1.1314E-09  1.0084E-12  1.3612E-14
  1.3625E-09  9.4531E-07  2.8816E-09  2.5881E-12  3.5107E-14
  1.6492E-09  1.3750E-06  6.7915E-09  6.2001E-12  8.5015E-14
  1.8011E-09  1.6619E-06  1.3398E-08  1.2574E-11  1.7571E-13
  1.8887E-09  1.8614E-06  2.5920E-08  2.5677E-11  3.7327E-13
  1.9209E-09  1.9652E-06  4.3377E-08  4.6564E-11  7.2220E-13
  1.9171E-09  2.0243E-06  6.7088E-08  8.1265E-11  1.4214E-12
  1.8801E-09  2.0483E-06  8.7930E-08  1.2020E-10  2.4571E-12
  1.7957E-09  2.0543E-06  1.0532E-07  1.6187E-10  4.0555E-12
  1.6673E-09  2.0447E-06  1.1515E-07  1.9176E-10  5.7934E-12
  1.4564E-09  2.0157E-06  1.1993E-07  2.1179E-10  7.6371E-12
  1.1927E-09  1.9653E-06  1.1938E-07  2.1780E-10  8.8445E-12
  1.2706E-12  4.2954E-10  7.9565E-13  7.3747E-16  1.0731E-17
  2.5266E-12  8.5675E-10  1.5875E-12  1.4715E-15  2.1405E-17
  5.7342E-12  1.9519E-09  3.6201E-12  3.3555E-15  4.8801E-17
  1.3373E-11  4.5691E-09  8.4928E-12  7.8720E-15  1.1448E-16
  3.8868E-11  1.3426E-08  2.5133E-11  2.3299E-14  3.3882E-16
  1.1433E-10  4.1031E-08  7.8412E-11  7.2713E-14  1.0587E-15
  3.5826E-10  1.4575E-07  2.9924E-10  2.7781E-13  4.0465E-15
  7.7645E-10  3.9315E-07  9.5241E-10  8.8690E-13  1.2943E-14
  1.2534E-09  8.2942E-07  2.7900E-09  2.6182E-12  3.8410E-14
  1.5599E-09  1.2426E-06  6.2758E-09  5.9732E-12  8.8486E-14
  1.7575E-09  1.5934E-06  1.3389E-08  1.3113E-11  1.9830E-13
  1.8500E-09  1.8030E-06  2.4473E-08  2.5091E-11  3.9295E-13
  1.8856E-09  1.9369E-06  4.2917E-08  4.7717E-11  8.0119E-13
  1.8710E-09  1.9997E-06  6.3964E-08  7.8752E-11  1.4678E-12
  1.8043E-09  2.0277E-06  8.6354E-08  1.2033E-10  2.6377E-12
  1.6901E-09  2.0275E-06  1.0183E-07  1.5705E-10  4.1059E-12
  1.4953E-09  2.0017E-06  1.1155E-07  1.8711E-10  5.9330E-12
  1.2492E-09  1.9499E-06  1.1390E-07  2.0101E-10  7.4004E-12
  5.3441E-13  1.9496E-10  4.6637E-13  4.5551E-16  7.2730E-18
  1.0500E-12  3.8356E-10  9.1764E-13  8.9627E-16  1.4306E-17
  2.1649E-12  7.9265E-10  1.8971E-12  1.8529E-15  2.9566E-17
  4.2534E-12  1.5622E-09  3.7413E-12  3.6543E-15  5.8299E-17
  9.4566E-12  3.4898E-09  8.3710E-12  8.1765E-15  1.3043E-16
  2.1710E-11  8.0635E-09  1.9413E-11  1.8963E-14  3.0250E-16
  6.3271E-11  2.3946E-08  5.8348E-11  5.7008E-14  9.1029E-16
  1.8543E-10  7.4311E-08  1.8746E-10  1.8328E-13  2.9270E-15
  5.2573E-10  2.4726E-07  6.9706E-10  6.8312E-13  1.0926E-14
  9.7908E-10  5.7620E-07  2.0248E-09  1.9952E-12  3.2035E-14
  1.4015E-09  1.0382E-06  5.3152E-09  5.3049E-12  8.5980E-14
  1.6432E-09  1.4126E-06  1.1049E-08  1.1272E-11  1.8574E-13
  1.7803E-09  1.7018E-06  2.1903E-08  2.3310E-11  3.9732E-13
  1.8213E-09  1.8618E-06  3.7151E-08  4.2097E-11  7.5830E-13
  1.7925E-09  1.9532E-06  5.8738E-08  7.3374E-11  1.4614E-12
  1.7019E-09  1.9833E-06  7.8747E-08  1.0911E-10  2.4822E-12
  1.5278E-09  1.9724E-06  9.5417E-08  1.4707E-10  3.9965E-12
  1.2996E-09  1.9238E-06  1.0309E-07  1.7139E-10  5.4954E-12
  2.1474E-13  8.3851E-11  2.5055E-13  2.5613E-16  4.4370E-18
  4.6640E-13  1.8221E-10  5.4451E-13  5.5662E-16  9.6397E-18
  1.0204E-12  3.9903E-10  1.1926E-12  1.2192E-15  2.1107E-17
  1.9999E-12  7.8323E-10  2.3417E-12  2.3938E-15  4.1432E-17
  4.1177E-12  1.6170E-09  4.8378E-12  4.9457E-15  8.5583E-17
  8.1061E-12  3.1957E-09  9.5736E-12  9.7872E-15  1.6935E-16
  1.8273E-11  7.2529E-09  2.1799E-11  2.2286E-14  3.8563E-16
  4.3434E-11  1.7449E-08  5.2846E-11  5.4039E-14  9.3586E-16
  1.3163E-10  5.4946E-08  1.7073E-10  1.7469E-13  3.0257E-15
  3.6105E-10  1.6640E-07  5.5454E-10  5.6835E-13  9.8556E-15
  8.1699E-10  4.6200E-07  1.8555E-09  1.9116E-12  3.3277E-14
  1.2414E-09  8.6707E-07  4.6787E-09  4.8713E-12  8.5490E-14
  1.5543E-09  1.3033E-06  1.0762E-08  1.1457E-11  2.0467E-13
  1.6997E-09  1.6010E-06  2.0327E-08  2.2425E-11  4.1269E-13
  1.7407E-09  1.8030E-06  3.6329E-08  4.2686E-11  8.3255E-13
  1.6888E-09  1.8953E-06  5.5038E-08  7.0165E-11  1.4927E-12
  1.5421E-09  1.9208E-06  7.5355E-08  1.0666E-10  2.6032E-12
  1.3316E-09  1.8863E-06  8.8374E-08  1.3692E-10  3.8923E-12
  5.9125E-14  2.4853E-11  9.4479E-14  1.0147E-16  1.9227E-18
  1.4803E-13  6.2236E-11  2.3659E-13  2.5410E-16  4.8137E-18
  3.7703E-13  1.5857E-10  6.0285E-13  6.4747E-16  1.2262E-17
  8.2572E-13  3.4746E-10  1.3212E-12  1.4190E-15  2.6867E-17
  1.8182E-12  7.6592E-10  2.9134E-12  3.1291E-15  5.9229E-17
  3.5738E-12  1.5081E-09  5.7403E-12  6.1653E-15  1.1667E-16
  7.3669E-12  3.1192E-09  1.1887E-11  1.2769E-14  2.4162E-16
  1.4550E-11  6.1924E-09  2.3657E-11  2.5412E-14  4.8089E-16
  3.3328E-11  1.4331E-08  5.5086E-11  5.9181E-14  1.1208E-15
  8.1140E-11  3.5622E-08  1.3893E-10  1.4933E-13  2.8281E-15
  2.3858E-10  1.1153E-07  4.5588E-10  4.9063E-13  9.3009E-15
  5.6639E-10  3.0222E-07  1.3843E-09  1.4952E-12  2.8425E-14
  1.0426E-09  6.8780E-07  4.0510E-09  4.4173E-12  8.4628E-14
  1.3850E-09  1.0994E-06  9.0750E-09  1.0071E-11  1.9577E-13
  1.5821E-09  1.4700E-06  1.8743E-08  2.1524E-11  4.3124E-13
  1.6186E-09  1.6873E-06  3.2170E-08  3.8863E-11  8.1726E-13
  1.5296E-09  1.8010E-06  5.0764E-08  6.6389E-11  1.5229E-12
  1.3501E-09  1.8099E-06  6.7021E-08  9.5555E-11  2.4589E-12
  1.4984E-14  6.7087E-12  3.1396E-14  3.5195E-17  7.2193E-19
  4.2245E-14  1.8914E-11  8.8520E-14  9.9231E-17  2.0350E-18
  1.2330E-13  5.5210E-11  2.5840E-13  2.8966E-16  5.9386E-18
  3.0647E-13  1.3726E-10  6.4245E-13  7.2019E-16  1.4761E-17
  7.7191E-13  3.4587E-10  1.6192E-12  1.8150E-15  3.7193E-17
  1.6713E-12  7.4943E-10  3.5095E-12  3.9342E-15  8.0597E-17
  3.6426E-12  1.6361E-09  7.6669E-12  8.5949E-15  1.7605E-16
  7.1350E-12  3.2129E-09  1.5075E-11  1.6901E-14  3.4617E-16
  1.4837E-11  6.7152E-09  3.1595E-11  3.5424E-14  7.2560E-16
  3.0218E-11  1.3792E-08  6.5236E-11  7.3154E-14  1.4995E-15
  7.3634E-11  3.4256E-08  1.6428E-10  1.8430E-13  3.7781E-15
  1.8363E-10  8.9094E-08  4.4167E-10  4.9606E-13  1.0178E-14
  4.7488E-10  2.5715E-07  1.4046E-09  1.5831E-12  3.2574E-14
  8.8266E-10  5.6658E-07  3.7410E-09  4.2503E-12  8.8050E-14
  1.2718E-09  1.0028E-06  9.1925E-09  1.0636E-11  2.2389E-13
  1.4548E-09  1.3506E-06  1.7877E-08  2.1311E-11  4.6118E-13
  1.4676E-09  1.5931E-06  3.1894E-08  4.0077E-11  9.1455E-13
  1.3407E-09  1.6807E-06  4.7029E-08  6.3220E-11  1.5597E-12
  4.1458E-15  1.9595E-12  1.1000E-14  1.2805E-17  2.8207E-19
  1.1939E-14  5.6433E-12  3.1681E-14  3.6878E-17  8.1218E-19
  3.7982E-14  1.7954E-11  1.0079E-13  1.1733E-16  2.5832E-18
  1.0514E-13  4.9704E-11  2.7904E-13  3.2483E-16  7.1502E-18
  2.9934E-13  1.4153E-10  7.9461E-13  9.2497E-16  2.0356E-17
  7.2596E-13  3.4335E-10  1.9281E-12  2.2444E-15  4.9383E-17
  1.7739E-12  8.3967E-10  4.7170E-12  5.4910E-15  1.2079E-16
  3.7406E-12  1.7730E-09  9.9674E-12  1.1603E-14  2.5522E-16
  8.0035E-12  3.8037E-09  2.1419E-11  2.4935E-14  5.4844E-16
  1.5698E-11  7.4948E-09  4.2323E-11  4.9278E-14  1.0839E-15
  3.3841E-11  1.6306E-08  9.2676E-11  1.0793E-13  2.3756E-15
  7.3738E-11  3.6143E-08  2.0809E-10  2.4247E-13  5.3378E-15
  1.8827E-10  9.6267E-08  5.7414E-10  6.6988E-13  1.4764E-14
  4.2814E-10  2.3883E-07  1.5429E-09  1.8061E-12  3.9921E-14
  8.3731E-10  5.5305E-07  4.3108E-09  5.0921E-12  1.1346E-13
  1.1697E-09  9.3176E-07  9.5743E-09  1.1505E-11  2.6042E-13
  1.3324E-09  1.2917E-06  1.9308E-08  2.3990E-11  5.6114E-13
  1.2918E-09  1.4832E-06  3.1448E-08  4.0991E-11  1.0094E-12
  1.7787E-15  8.8086E-13  5.8099E-15  6.9946E-18  1.6444E-19
  4.3145E-15  2.1370E-12  1.4096E-14  1.6970E-17  3.9888E-19
  1.2699E-14  6.2910E-12  4.1494E-14  4.9955E-17  1.1740E-18
  3.5799E-14  1.7735E-11  1.1698E-13  1.4084E-16  3.3090E-18
  1.1089E-13  5.4942E-11  3.6240E-13  4.3629E-16  1.0249E-17
  2.9660E-13  1.4698E-10  9.6953E-13  1.1673E-15  2.7412E-17
  8.0944E-13  4.0125E-10  2.6474E-12  3.1872E-15  7.4834E-17
  1.8852E-12  9.3519E-10  6.1729E-12  7.4317E-15  1.7447E-16
  4.4034E-12  2.1876E-09  1.4454E-11  1.7402E-14  4.0850E-16
  8.9986E-12  4.4822E-09  2.9667E-11  3.5722E-14  8.3853E-16
  1.9102E-11  9.5658E-09  6.3558E-11  7.6541E-14  1.7994E-15
  3.8689E-11  1.9555E-08  1.3085E-10  1.5762E-13  3.7027E-15
  8.9826E-11  4.6342E-08  3.1533E-10  3.8014E-13  8.9342E-15
  2.0272E-10  1.0889E-07  7.6762E-10  9.2683E-13  2.1813E-14
  4.6366E-10  2.7384E-07  2.1135E-09  2.5629E-12  6.0555E-14
  8.0864E-10  5.5520E-07  5.0687E-09  6.2036E-12  1.4785E-13
  1.1113E-09  9.3956E-07  1.1452E-08  1.4308E-11  3.4795E-13
  1.1893E-09  1.2218E-06  2.0505E-08  2.6471E-11  6.6595E-13
