6.786562606040039691e-01
1.178477425508304366e+00
1.678298590412604652e+00
2.178119755316905160e+00
2.677940920221205445e+00
3.177762085125505731e+00
3.677583250029806017e+00
4.177404414934106747e+00
4.677225579838406588e+00
5.177046744742707318e+00
5.676867909647008048e+00
6.176689074551307890e+00
6.676510239455608620e+00
7.176331404359908461e+00
7.676152569264209191e+00
8.175973734168508145e+00
8.675794899072808875e+00
9.175616063977109604e+00
9.675437228881410334e+00
1.017525839378571106e+01
1.067507955869001179e+01
1.117490072359431075e+01
1.167472188849861148e+01
1.217454305340291221e+01
1.267436421830721294e+01
1.317418538321151367e+01
1.367400654811581262e+01
1.417382771302011335e+01
1.467364887792441408e+01
1.517347004282871481e+01
1.567329120773301376e+01
1.617311237263731272e+01
1.667293353754161345e+01
1.717275470244591418e+01
1.767257586735021491e+01
1.817239703225451564e+01
1.867221819715881637e+01
1.917203936206311710e+01
1.967186052696741783e+01
2.017168169187171856e+01
2.067150285677601929e+01
2.117132402168032002e+01
2.167114518658461719e+01
2.217096635148891792e+01
2.267078751639321865e+01
2.317060868129751938e+01
2.367042984620182011e+01
2.417025101110612084e+01
2.467007217601042157e+01
2.516989334091472230e+01
2.566971450581902303e+01
2.616953567072332021e+01
2.666935683562762094e+01
2.716917800053192167e+01
2.766899916543622240e+01
2.816882033034052313e+01
2.866864149524482386e+01
2.916846266014912459e+01
2.966828382505342532e+01
3.016810498995772605e+01
3.066792615486202322e+01
3.116774731976632395e+01
3.166756848467062468e+01
3.216738964957492186e+01
3.266721081447922614e+01
3.316703197938352332e+01
3.366685314428782050e+01
3.416667430919212478e+01
3.466649547409642196e+01
3.516631663900072624e+01
3.566613780390502342e+01
3.616595896880932770e+01
3.666578013371362488e+01
3.716560129861792916e+01
3.766542246352222634e+01
3.816524362842652351e+01
3.866506479333082780e+01
3.916488595823512497e+01
3.966470712313942926e+01
4.016452828804372643e+01
4.066434945294803072e+01
4.116417061785232789e+01
4.166399178275663218e+01
4.216381294766092935e+01
4.266363411256522653e+01
4.316345527746953081e+01
4.366327644237382799e+01
4.416309760727813227e+01
4.466291877218242945e+01
4.516273993708673373e+01
4.566256110199103091e+01
4.616238226689533519e+01
4.666220343179963237e+01
4.716202459670392955e+01
4.766184576160823383e+01
4.816166692651253101e+01
4.866148809141683529e+01
4.916130925632113247e+01
4.966113042122543675e+01
5.016095158612973393e+01
5.066077275103403821e+01
5.116059391593833539e+01
5.166041508084263256e+01
5.216023624574693685e+01
5.266005741065123402e+01
5.315987857555553830e+01
5.365969974045983548e+01
5.415952090536413976e+01
5.465934207026843694e+01
5.515916323517274122e+01
5.565898440007703840e+01
5.615880556498133558e+01
5.665862672988563986e+01
5.715844789478993704e+01
5.765826905969424132e+01
5.815809022459853850e+01
5.865791138950284278e+01
5.915773255440713996e+01
5.965755371931144424e+01
6.015737488421574142e+01
6.065719604912003859e+01
6.115701721402434288e+01
6.165683837892864005e+01
6.215665954383294434e+01
6.265648070873724151e+01
6.315630187364154580e+01
6.365612303854584297e+01
6.415594420345014726e+01
6.465576536835445154e+01
6.515558653325874161e+01
6.565540769816304589e+01
6.615522886306735018e+01
6.665505002797164025e+01
6.715487119287594453e+01
6.765469235778024881e+01
6.815451352268455310e+01
6.865433468758884317e+01
6.915415585249314745e+01
6.965397701739745173e+01
7.015379818230174180e+01
7.065361934720604609e+01
7.115344051211035037e+01
7.165326167701465465e+01
7.215308284191894472e+01
7.265290400682324901e+01
7.315272517172755329e+01
7.365254633663185757e+01
7.415236750153614764e+01
7.465218866644045193e+01
7.515200983134475621e+01
7.565183099624904628e+01
7.615165216115335056e+01
7.665147332605765484e+01
7.715129449096195913e+01
7.765111565586624920e+01
7.815093682077055348e+01
7.865075798567485776e+01
7.915057915057914784e+01
7.965040031548345212e+01
8.015022148038775640e+01
8.065004264529206068e+01
8.114986381019635076e+01
8.164968497510065504e+01
8.214950614000495932e+01
8.264932730490926360e+01
8.314914846981355367e+01
8.364896963471785796e+01
8.414879079962216224e+01
8.464861196452645231e+01
8.514843312943075659e+01
8.564825429433506088e+01
8.614807545923936516e+01
8.664789662414365523e+01
8.714771778904795951e+01
8.764753895395226380e+01
8.814736011885655387e+01
8.864718128376085815e+01
8.914700244866516243e+01
8.964682361356946672e+01
9.014664477847375679e+01
9.064646594337806107e+01
9.114628710828236535e+01
9.164610827318666963e+01
9.214592943809095971e+01
9.264575060299526399e+01
9.314557176789956827e+01
9.364539293280385834e+01
9.414521409770816263e+01
9.464503526261246691e+01
9.514485642751677119e+01
9.564467759242106126e+01
9.614449875732536555e+01
9.664431992222966983e+01
9.714414108713395990e+01
9.764396225203826418e+01
9.814378341694256846e+01
9.864360458184687275e+01
9.914342574675116282e+01
9.964324691165546710e+01
1.001430680765597714e+02
1.006428892414640757e+02
1.011427104063683657e+02
1.016425315712726700e+02
1.021423527361769743e+02
1.026421739010812644e+02
1.031419950659855687e+02
1.036418162308898729e+02
1.041416373957941772e+02
1.046414585606984673e+02
1.051412797256027716e+02
1.056411008905070759e+02
1.061409220554113659e+02
1.066407432203156702e+02
1.071405643852199745e+02
1.076403855501242788e+02
1.081402067150285689e+02
1.086400278799328731e+02
1.091398490448371774e+02
1.096396702097414817e+02
1.101394913746457718e+02
1.106393125395500761e+02
1.111391337044543803e+02
1.116389548693586704e+02
1.121387760342629747e+02
1.126385971991672790e+02
1.131384183640715833e+02
1.136382395289758733e+02
1.141380606938801776e+02
1.146378818587844819e+02
1.151377030236887720e+02
1.156375241885930762e+02
1.161373453534973805e+02
1.166371665184016848e+02
1.171369876833059749e+02
1.176368088482102792e+02
1.181366300131145834e+02
1.186364511780188877e+02
1.191362723429231778e+02
1.196360935078274821e+02
1.201359146727317864e+02
1.206357358376360764e+02
1.211355570025403807e+02
1.216353781674446850e+02
1.221351993323489893e+02
1.226350204972532794e+02
1.231348416621575836e+02
1.236346628270618879e+02
1.241344839919661780e+02
1.246343051568704823e+02
1.251341263217747866e+02
1.256339474866790908e+02
1.261337686515833809e+02
1.266335898164876852e+02
1.271334109813919895e+02
1.276332321462962938e+02
1.281330533112005980e+02
1.286328744761048881e+02
1.291326956410092066e+02
1.296325168059134967e+02
1.301323379708178152e+02
1.306321591357221052e+02
1.311319803006263953e+02
1.316318014655307138e+02
1.321316226304350039e+02
1.326314437953392940e+02
1.331312649602436124e+02
1.336310861251479025e+02
1.341309072900521926e+02
1.346307284549565111e+02
1.351305496198608012e+02
1.356303707847651197e+02
1.361301919496694097e+02
1.366300131145736998e+02
1.371298342794780183e+02
1.376296554443823084e+02
1.381294766092865984e+02
1.386292977741909169e+02
1.391291189390952070e+02
1.396289401039994971e+02
1.401287612689038156e+02
1.406285824338081056e+02
1.411284035987124241e+02
1.416282247636167142e+02
1.421280459285210043e+02
1.426278670934253228e+02
1.431276882583296128e+02
1.436275094232339029e+02
1.441273305881382214e+02
1.446271517530425115e+02
1.451269729179468015e+02
1.456267940828511200e+02
1.461266152477554101e+02
1.466264364126597286e+02
1.471262575775640187e+02
1.476260787424683087e+02
1.481258999073726272e+02
1.486257210722769173e+02
1.491255422371812074e+02
1.496253634020855259e+02
1.501251845669898159e+02
1.506250057318941060e+02
1.511248268967984245e+02
1.516246480617027146e+02
1.521244692266070047e+02
1.526242903915113232e+02
1.531241115564156132e+02
1.536239327213199317e+02
1.541237538862242218e+02
1.546235750511285119e+02
1.551233962160328304e+02
1.556232173809371204e+02
1.561230385458414105e+02
1.566228597107457290e+02
1.571226808756500191e+02
1.576225020405543091e+02
1.581223232054586276e+02
1.586221443703629177e+02
1.591219655352672362e+02
1.596217867001715263e+02
1.601216078650758163e+02
1.606214290299801348e+02
1.611212501948844249e+02
1.616210713597887150e+02
1.621208925246930335e+02
1.626207136895973235e+02
1.631205348545016136e+02
1.636203560194059321e+02
1.641201771843102222e+02
1.646199983492145407e+02
1.651198195141188307e+02
1.656196406790231208e+02
1.661194618439274393e+02
1.666192830088317294e+02
1.671191041737360194e+02
1.676189253386403379e+02
1.681187465035446280e+02
1.686185676684489181e+02
1.691183888333532366e+02
1.696182099982575266e+02
1.701180311631618167e+02
1.706178523280661352e+02
1.711176734929704253e+02
1.716174946578747438e+02
1.721173158227790339e+02
1.726171369876833239e+02
1.731169581525876424e+02
1.736167793174919325e+02
1.741166004823962226e+02
1.746164216473005411e+02
1.751162428122048311e+02
1.756160639771091212e+02
1.761158851420134397e+02
1.766157063069177298e+02
1.771155274718220483e+02
1.776153486367263383e+02
1.781151698016306284e+02
1.786149909665349469e+02
1.791148121314392370e+02
1.796146332963435270e+02
1.801144544612478455e+02
1.806142756261521356e+02
1.811140967910564257e+02
1.816139179559607442e+02
1.821137391208650342e+02
1.826135602857693527e+02
1.831133814506736428e+02
1.836132026155779329e+02
1.841130237804822514e+02
1.846128449453865414e+02
1.851126661102908315e+02
1.856124872751951500e+02
1.861123084400994401e+02
1.866121296050037301e+02
1.871119507699080486e+02
1.876117719348123387e+02
1.881115930997166288e+02
1.886114142646209473e+02
1.891112354295252374e+02
1.896110565944295558e+02
1.901108777593338459e+02
1.906106989242381360e+02
1.911105200891424545e+02
1.916103412540467446e+02
1.921101624189510346e+02
1.926099835838553531e+02
1.931098047487596432e+02
1.936096259136639333e+02
1.941094470785682518e+02
1.946092682434725418e+02
1.951090894083768603e+02
1.956089105732811504e+02
1.961087317381854405e+02
1.966085529030897590e+02
1.971083740679940490e+02
1.976081952328983391e+02
1.981080163978026576e+02
1.986078375627069477e+02
1.991076587276112377e+02
1.996074798925155562e+02
2.001073010574198463e+02
2.006071222223241648e+02
2.011069433872284549e+02
2.016067645521327449e+02
2.021065857170370634e+02
2.026064068819413535e+02
2.031062280468456436e+02
2.036060492117499621e+02
2.041058703766542521e+02
2.046056915415585422e+02
2.051055127064628607e+02
2.056053338713671508e+02
2.061051550362714693e+02
2.066049762011757593e+02
2.071047973660800494e+02
2.076046185309843679e+02
2.081044396958886580e+02
2.086042608607929481e+02
2.091040820256972665e+02
2.096039031906015566e+02
2.101037243555058467e+02
2.106035455204101652e+02
2.111033666853144553e+02
2.116031878502187453e+02
2.121030090151230638e+02
2.126028301800273539e+02
2.131026513449316724e+02
2.136024725098359625e+02
2.141022936747402525e+02
2.146021148396445710e+02
2.151019360045488611e+02
2.156017571694531512e+02
2.161015783343574697e+02
2.166013994992617597e+02
2.171012206641660498e+02
2.176010418290703683e+02
2.181008629939746584e+02
2.186006841588789769e+02
2.191005053237832669e+02
2.196003264886875570e+02
2.201001476535918755e+02
2.205999688184961656e+02
2.210997899834004556e+02
2.215996111483047741e+02
2.220994323132090642e+02
2.225992534781133543e+02
2.230990746430176728e+02
2.235988958079219628e+02
2.240987169728262813e+02
2.245985381377305714e+02
2.250983593026348615e+02
2.255981804675391800e+02
2.260980016324434700e+02
2.265978227973477601e+02
2.270976439622520786e+02
2.275974651271563687e+02
2.280972862920606588e+02
2.285971074569649772e+02
2.290969286218692673e+02
2.295967497867735574e+02
2.300965709516778759e+02
2.305963921165821660e+02
2.310962132814864844e+02
2.315960344463907745e+02
2.320958556112950646e+02
2.325956767761993831e+02
2.330954979411036732e+02
2.335953191060079632e+02
2.340951402709122817e+02
2.345949614358165718e+02
2.350947826007208619e+02
2.355946037656251804e+02
2.360944249305294704e+02
2.365942460954337889e+02
2.370940672603380790e+02
2.375938884252423691e+02
2.380937095901466876e+02
2.385935307550509776e+02
2.390933519199552677e+02
2.395931730848595862e+02
2.400929942497638763e+02
2.405928154146681663e+02
2.410926365795724848e+02
2.415924577444767749e+02
2.420922789093810934e+02
2.425921000742853835e+02
2.430919212391896735e+02
2.435917424040939920e+02
2.440915635689982821e+02
2.445913847339025722e+02
2.450912058988068907e+02
2.455910270637111807e+02
2.460908482286154708e+02
2.465906693935197893e+02
2.470904905584240794e+02
2.475903117233283695e+02
2.480901328882326879e+02
2.485899540531369780e+02
2.490897752180412965e+02
2.495895963829455866e+02
2.500894175478498767e+02
2.505892387127541951e+02
2.510890598776584852e+02
2.515888810425627753e+02
2.520887022074670938e+02
2.525885233723713839e+02
2.530883445372756739e+02
2.535881657021799924e+02
2.540879868670842825e+02
2.545878080319886010e+02
2.550876291968928911e+02
2.555874503617971811e+02
2.560872715267014996e+02
2.565870926916057897e+02
2.570869138565100798e+02
2.575867350214143698e+02
2.580865561863186599e+02
2.585863773512229500e+02
2.590861985161272401e+02
2.595860196810315870e+02
2.600858408459358770e+02
2.605856620108401671e+02
2.610854831757444572e+02
2.615853043406487473e+02
2.620851255055530373e+02
2.625849466704573842e+02
2.630847678353616743e+02
2.635845890002659644e+02
2.640844101651702545e+02
2.645842313300745445e+02
2.650840524949788914e+02
2.655838736598831815e+02
2.660836948247874716e+02
2.665835159896917617e+02
2.670833371545960517e+02
2.675831583195003418e+02
2.680829794844046887e+02
2.685828006493089788e+02
2.690826218142132689e+02
2.695824429791175589e+02
2.700822641440218490e+02
2.705820853089261959e+02
2.710819064738304860e+02
2.715817276387347761e+02
2.720815488036390661e+02
2.725813699685433562e+02
2.730811911334476463e+02
2.735810122983519932e+02
2.740808334632562833e+02
2.745806546281605733e+02
2.750804757930648634e+02
2.755802969579691535e+02
2.760801181228735004e+02
2.765799392877777905e+02
2.770797604526820805e+02
2.775795816175863706e+02
2.780794027824906607e+02
2.785792239473949508e+02
2.790790451122992977e+02
2.795788662772035877e+02
2.800786874421078778e+02
2.805785086070121679e+02
2.810783297719164580e+02
2.815781509368208049e+02
2.820779721017250949e+02
2.825777932666293850e+02
2.830776144315336751e+02
2.835774355964379652e+02
2.840772567613422552e+02
2.845770779262466021e+02
2.850768990911508922e+02
2.855767202560551823e+02
2.860765414209594724e+02
2.865763625858637624e+02
2.870761837507681093e+02
2.875760049156723994e+02
2.880758260805766895e+02
2.885756472454809796e+02
2.890754684103852696e+02
2.895752895752895597e+02
2.900751107401939066e+02
2.905749319050981967e+02
2.910747530700024868e+02
2.915745742349067768e+02
2.920743953998110669e+02
2.925742165647154138e+02
2.930740377296197039e+02
2.935738588945239940e+02
2.940736800594282840e+02
2.945735012243325741e+02
2.950733223892368642e+02
2.955731435541412111e+02
2.960729647190455012e+02
2.965727858839497912e+02
2.970726070488540813e+02
2.975724282137583714e+02
2.980722493786626615e+02
2.985720705435670084e+02
2.990718917084712984e+02
2.995717128733755885e+02
3.000715340382798786e+02
3.005713552031841687e+02
3.010711763680885156e+02
3.015709975329928056e+02
3.020708186978970957e+02
3.025706398628013858e+02
3.030704610277056759e+02
3.035702821926099659e+02
3.040701033575143128e+02
3.045699245224186029e+02
3.050697456873228930e+02
3.055695668522271831e+02
3.060693880171314731e+02
3.065692091820358200e+02
3.070690303469401101e+02
3.075688515118444002e+02
3.080686726767486903e+02
3.085684938416529803e+02
3.090683150065572704e+02
3.095681361714616173e+02
3.100679573363659074e+02
3.105677785012701975e+02
3.110675996661744875e+02
3.115674208310787776e+02
3.120672419959831245e+02
3.125670631608874146e+02
3.130668843257917047e+02
3.135667054906959947e+02
3.140665266556002848e+02
3.145663478205045749e+02
3.150661689854089218e+02
3.155659901503132119e+02
3.160658113152175019e+02
3.165656324801217920e+02
3.170654536450260821e+02
3.175652748099304290e+02
3.180650959748347191e+02
3.185649171397390091e+02
3.190647383046432992e+02
3.195645594695475893e+02
3.200643806344518794e+02
3.205642017993562263e+02
3.210640229642605163e+02
3.215638441291648064e+02
3.220636652940690965e+02
3.225634864589733866e+02
3.230633076238777335e+02
3.235631287887820235e+02
3.240629499536863136e+02
3.245627711185906037e+02
3.250625922834948938e+02
3.255624134483991838e+02
3.260622346133035308e+02
3.265620557782078208e+02
3.270618769431121109e+02
3.275616981080164010e+02
3.280615192729206910e+02
3.285613404378250380e+02
3.290611616027293280e+02
3.295609827676336181e+02
3.300608039325379082e+02
3.305606250974421982e+02
3.310604462623464883e+02
3.315602674272508352e+02
3.320600885921551253e+02
3.325599097570594154e+02
3.330597309219637054e+02
3.335595520868679955e+02
3.340593732517723424e+02
3.345591944166766325e+02
3.350590155815809226e+02
3.355588367464852126e+02
3.360586579113895027e+02
3.365584790762937928e+02
3.370583002411981397e+02
3.375581214061024298e+02
3.380579425710067198e+02
3.385577637359110099e+02
3.390575849008153000e+02
3.395574060657195901e+02
3.400572272306239370e+02
3.405570483955282270e+02
3.410568695604325171e+02
3.415566907253368072e+02
3.420565118902410973e+02
3.425563330551454442e+02
3.430561542200497342e+02
3.435559753849540243e+02
3.440557965498583144e+02
3.445556177147626045e+02
3.450554388796668945e+02
3.455552600445712415e+02
3.460550812094755315e+02
3.465549023743798216e+02
3.470547235392841117e+02
3.475545447041884017e+02
3.480543658690927487e+02
3.485541870339970387e+02
3.490540081989013288e+02
3.495538293638056189e+02
3.500536505287099089e+02
3.505534716936141990e+02
3.510532928585185459e+02
3.515531140234228360e+02
3.520529351883271261e+02
3.525527563532314161e+02
3.530525775181357062e+02
3.535523986830400531e+02
3.540522198479443432e+02
3.545520410128486333e+02
3.550518621777529233e+02
3.555516833426572134e+02
3.560515045075615035e+02
3.565513256724658504e+02
3.570511468373701405e+02
3.575509680022744305e+02
3.580507891671787206e+02
3.585506103320830107e+02
3.590504314969873576e+02
3.595502526618916477e+02
3.600500738267959377e+02
3.605498949917002278e+02
3.610497161566045179e+02
3.615495373215088080e+02
3.620493584864131549e+02
3.625491796513174450e+02
3.630490008162217350e+02
3.635488219811260251e+02
3.640486431460303152e+02
3.645484643109346621e+02
3.650482854758389522e+02
3.655481066407432422e+02
3.660479278056475323e+02
3.665477489705518224e+02
3.670475701354561124e+02
3.675473913003604594e+02
3.680472124652647494e+02
3.685470336301690395e+02
3.690468547950733296e+02
3.695466759599776196e+02
3.700464971248819666e+02
3.705463182897862566e+02
3.710461394546905467e+02
3.715459606195948368e+02
3.720457817844991268e+02
3.725456029494034169e+02
3.730454241143077638e+02
3.735452452792120539e+02
3.740450664441163440e+02
3.745448876090206340e+02
3.750447087739249241e+02
3.755445299388292142e+02
3.760443511037335611e+02
3.765441722686378512e+02
3.770439934335421412e+02
3.775438145984464313e+02
3.780436357633507214e+02
3.785434569282550683e+02
3.790432780931593584e+02
3.795430992580636484e+02
3.800429204229679385e+02
3.805427415878722286e+02
3.810425627527765187e+02
3.815423839176808656e+02
3.820422050825851557e+02
3.825420262474894457e+02
3.830418474123937358e+02
3.835416685772980259e+02
3.840414897422023728e+02
3.845413109071066629e+02
3.850411320720109529e+02
3.855409532369152430e+02
3.860407744018195331e+02
3.865405955667238231e+02
3.870404167316281701e+02
3.875402378965324601e+02
3.880400590614367502e+02
3.885398802263410403e+02
3.890397013912453303e+02
3.895395225561496773e+02
3.900393437210539673e+02
3.905391648859582574e+02
3.910389860508625475e+02
3.915388072157668375e+02
3.920386283806711276e+02
3.925384495455754745e+02
3.930382707104797646e+02
3.935380918753840547e+02
3.940379130402883447e+02
3.945377342051926348e+02
3.950375553700969817e+02
3.955373765350012718e+02
3.960371976999055619e+02
3.965370188648098519e+02
3.970368400297141420e+02
3.975366611946184321e+02
3.980364823595227790e+02
3.985363035244270691e+02
3.990361246893313591e+02
3.995359458542356492e+02
4.000357670191399393e+02
4.005355881840442862e+02
4.010354093489485763e+02
4.015352305138528664e+02
4.020350516787571564e+02
4.025348728436614465e+02
4.030346940085657366e+02
4.035345151734700835e+02
4.040343363383743736e+02
4.045341575032786636e+02
4.050339786681829537e+02
4.055337998330872438e+02
4.060336209979915907e+02
4.065334421628958808e+02
4.070332633278001708e+02
4.075330844927044609e+02
4.080329056576087510e+02
4.085327268225130410e+02
4.090325479874173880e+02
4.095323691523216780e+02
4.100321903172259681e+02
4.105320114821302582e+02
4.110318326470345482e+02
4.115316538119388952e+02
4.120314749768431852e+02
4.125312961417474753e+02
4.130311173066517654e+02
4.135309384715560554e+02
4.140307596364603455e+02
4.145305808013646924e+02
4.150304019662689825e+02
4.155302231311732726e+02
4.160300442960775626e+02
4.165298654609818527e+02
4.170296866258861428e+02
4.175295077907904897e+02
4.180293289556947798e+02
4.185291501205990699e+02
4.190289712855033599e+02
4.195287924504076500e+02
4.200286136153119969e+02
4.205284347802162870e+02
4.210282559451205771e+02
4.215280771100248671e+02
4.220278982749291572e+02
4.225277194398334473e+02
4.230275406047377942e+02
4.235273617696420843e+02
4.240271829345463743e+02
4.245270040994506644e+02
4.250268252643549545e+02
4.255266464292593014e+02
4.260264675941635915e+02
4.265262887590678815e+02
4.270261099239721716e+02
4.275259310888764617e+02
4.280257522537807517e+02
4.285255734186850987e+02
4.290253945835893887e+02
4.295252157484936788e+02
4.300250369133979689e+02
4.305248580783022589e+02
4.310246792432066059e+02
4.315245004081108959e+02
4.320243215730151860e+02
4.325241427379194761e+02
4.330239639028237661e+02
4.335237850677280562e+02
4.340236062326324031e+02
4.345234273975366932e+02
4.350232485624409833e+02
4.355230697273452733e+02
4.360228908922495634e+02
4.365227120571539103e+02
4.370225332220582004e+02
4.375223543869624905e+02
4.380221755518667806e+02
4.385219967167710706e+02
4.390218178816753607e+02
4.395216390465797076e+02
4.400214602114839977e+02
4.405212813763882878e+02
4.410211025412925778e+02
4.415209237061968679e+02
4.420207448711012148e+02
4.425205660360055049e+02
4.430203872009097950e+02
4.435202083658140850e+02
4.440200295307183751e+02
4.445198506956226652e+02
4.450196718605270121e+02
4.455194930254313022e+02
4.460193141903355922e+02
4.465191353552398823e+02
4.470189565201441724e+02
4.475187776850485193e+02
4.480185988499528094e+02
4.485184200148570994e+02
4.490182411797613895e+02
4.495180623446656796e+02
4.500178835095699696e+02
4.505177046744743166e+02
4.510175258393786066e+02
4.515173470042828967e+02
4.520171681691871868e+02
4.525169893340914768e+02
4.530168104989958238e+02
4.535166316639001138e+02
4.540164528288044039e+02
4.545162739937086940e+02
4.550160951586129841e+02
4.555159163235172741e+02
4.560157374884216210e+02
4.565155586533259111e+02
4.570153798182302012e+02
4.575152009831344913e+02
4.580150221480387813e+02
4.585148433129430714e+02
4.590146644778474183e+02
4.595144856427517084e+02
4.600143068076559985e+02
4.605141279725602885e+02
4.610139491374645786e+02
4.615137703023689255e+02
4.620135914672732156e+02
4.625134126321775057e+02
4.630132337970817957e+02
4.635130549619860858e+02
4.640128761268903759e+02
4.645126972917947228e+02
4.650125184566990129e+02
4.655123396216033029e+02
4.660121607865075930e+02
4.665119819514118831e+02
4.670118031163162300e+02
4.675116242812205201e+02
4.680114454461248101e+02
4.685112666110291002e+02
4.690110877759333903e+02
4.695109089408376803e+02
4.700107301057420273e+02
4.705105512706463173e+02
4.710103724355506074e+02
4.715101936004548975e+02
4.720100147653591875e+02
4.725098359302635345e+02
4.730096570951678245e+02
4.735094782600721146e+02
4.740092994249764047e+02
4.745091205898806948e+02
4.750089417547849848e+02
4.755087629196893317e+02
4.760085840845936218e+02
4.765084052494979119e+02
4.770082264144022020e+02
4.775080475793064920e+02
4.780078687442108389e+02
4.785076899091151290e+02
4.790075110740194191e+02
4.795073322389237092e+02
4.800071534038279992e+02
4.805069745687322893e+02
4.810067957336366362e+02
4.815066168985409263e+02
4.820064380634452164e+02
4.825062592283495064e+02
4.830060803932537965e+02
4.835059015581581434e+02
4.840057227230624335e+02
4.845055438879667236e+02
4.850053650528710136e+02
4.855051862177753037e+02
4.860050073826795938e+02
4.865048285475839407e+02
4.870046497124882308e+02
4.875044708773925208e+02
4.880042920422968109e+02
4.885041132072011010e+02
4.890039343721054479e+02
4.895037555370097380e+02
4.900035767019140280e+02
4.905033978668183181e+02
4.910032190317226082e+02
4.915030401966268983e+02
4.920028613615312452e+02
4.925026825264355352e+02
4.930025036913398253e+02
4.935023248562441154e+02
4.940021460211484055e+02
4.945019671860526955e+02
4.950017883509570424e+02
4.955016095158613325e+02
4.960014306807656226e+02
4.965012518456699127e+02
4.970010730105742027e+02
4.975008941754785496e+02
4.980007153403828397e+02
4.985005365052871298e+02
4.990003576701914199e+02
4.995001788350957099e+02
5.000000000000000000e+02
