 2.275312958000000E-002  1.387925110000000E-002  9.775170900000000E-003
  7.369197080000000E-003  5.387931060000000E-003  4.221190640000000E-003
  3.575259400000000E-003  2.970002940000000E-003  2.483855060000000E-003
  2.139495090000000E-003  1.938172340000000E-003  1.818016430000000E-003
  1.697792820000000E-003  1.577660270000000E-003  1.457513430000000E-003
  1.358788010000000E-003  1.278690620000000E-003  1.198609640000000E-003
  1.129177950000000E-003  1.069175720000000E-003  1.009132670000000E-003
  9.647852900000000E-004  9.347541800000000E-004  8.995232600000000E-004
  8.673027000000000E-004  8.345155700000000E-004  8.074283600000000E-004
  7.903888700000000E-004  7.713965900000000E-004  7.498219000000000E-004
  7.283851600000000E-004  7.093708000000000E-004  6.872616300000000E-004
  6.663778800000000E-004  6.515294600000000E-004  6.297427700000000E-004
  6.063913800000000E-004  5.899009200000000E-004  5.759373200000000E-004
  5.572116900000000E-004  5.379091700000000E-004  5.264681800000000E-004
  5.149065499999999E-004  4.999750100000000E-004  4.881620900000000E-004
  4.827419800000000E-004  4.796392900000000E-004  4.749804000000000E-004
  4.699910600000000E-004  4.662330600000000E-004  4.605005700000000E-004
  4.504098900000000E-004  4.395217900000000E-004  4.300705400000000E-004
  4.201857100000000E-004  4.073651300000000E-004  3.949369000000000E-004
  3.849336900000000E-004  3.749320500000000E-004  3.662131800000000E-004
  3.587122200000000E-004  3.513148100000000E-004  3.438080300000000E-004
  3.363379500000000E-004  3.307835300000000E-004  3.269069000000000E-004
  3.230939600000000E-004  3.193434200000000E-004  3.155918100000000E-004
  3.118422000000000E-004  3.084777400000000E-004  3.054764300000000E-004
  3.014477000000000E-004  2.964741900000000E-004  2.908583200000000E-004
  2.846813000000000E-004  2.787456500000000E-004  2.730375500000000E-004
  2.675585300000000E-004  2.622950800000000E-004  2.573571900000000E-004
  2.527199000000000E-004  2.481605100000000E-004  2.436795700000000E-004
  2.394177400000000E-004  2.353605700000000E-004  2.314332700000000E-004
  2.276478300000000E-004  2.240017900000000E-004  2.208931900000000E-004
  2.182822500000000E-004  2.162524700000000E-004  2.147731800000000E-004
  2.136535200000000E-004  2.128825900000000E-004  2.113561600000000E-004
  2.091065900000000E-004  2.069846900000000E-004  2.049841900000000E-004
  2.029838600000000E-004  2.009848400000000E-004  1.982032900000000E-004
  1.947050000000000E-004  1.916268700000000E-004  1.889350200000000E-004
  1.863064800000000E-004  1.837390900000000E-004  1.812316500000000E-004
  1.788364900000000E-004  1.765567900000000E-004  1.740462200000000E-004
  1.713267600000000E-004  1.691532100000000E-004  1.674873500000000E-004
  1.659751100000000E-004  1.646090500000000E-004  1.627432000000000E-004
  1.604029400000000E-004  1.583694300000000E-004  1.567152500000000E-004
  1.552288800000000E-004  1.537586300000000E-004  1.522556700000000E-004
  1.506024100000000E-004  1.488095300000000E-004  1.470588200000000E-004
  1.452432900000000E-004  1.433691700000000E-004  1.415929200000000E-004
  1.400070000000000E-004  1.386481800000000E-004  1.374098300000000E-004
  1.358289600000000E-004  1.339297700000000E-004  1.318456800000000E-004
  1.295962100000000E-004  1.276067700000000E-004  1.258570100000000E-004
  1.241060500000000E-004  1.223559600000000E-004  1.206050800000000E-004
  1.188555500000000E-004  1.169211100000000E-004  1.148221000000000E-004
  1.125612700000000E-004  1.101618900000000E-004  1.080246100000000E-004
  1.061250100000000E-004  1.039573900000000E-004  1.015581500000000E-004
  9.960110000000000E-005  9.804161999999999E-005  9.627975000000000E-005
  9.439127000000000E-005  9.314846000000000E-005  9.189107000000000E-005
  9.039589000000000E-005  8.914523000000000E-005  8.774354000000000E-005
  8.654749000000000E-005  8.521589000000000E-005  8.341466000000000E-005
  8.223414000000000E-005  8.097297000000000E-005  7.924275000000000E-005
  7.774265999999999E-005  7.649676000000001E-005  7.524255999999999E-005
  7.389508000000000E-005  7.287753000000000E-005  7.142551000000000E-005
  6.968738000000000E-005  6.771237000000000E-005  6.574147000000000E-005
  6.424133999999999E-005  6.279731000000000E-005  6.165152000000001E-005
  6.044067000000000E-005  5.909397000000000E-005  5.784276000000000E-005
  5.654254000000000E-005  5.519114000000000E-005  5.369329000000000E-005
  5.234917000000000E-005  5.063958000000000E-005  4.849378000000000E-005
  4.647855000000000E-005  4.447756000000000E-005  4.258100000000000E-005
  4.083233000000000E-005  3.870969000000000E-005  3.620692000000000E-005
  3.370374000000000E-005  3.120003000000000E-005  2.869566000000000E-005
  2.678680000000000E-005
