  4.534416967922933E-002  4.648838151999997E-002
  8.066717980142754E-002  8.309949724999996E-002
  0.498012303341842       0.519601185250000     
   9.91900458715337        10.5196549902500     
   19.6505683609587        20.9873050922500     
   54.7343246386917        59.7918242722500     
   276.905943776972        321.330922372250     
   1149.95526210964        1462.40038407225     
   1268.25560942002        1628.85234317225     
   1476.85694167550        1928.11948337225     
   1953.57042060175        2639.83789007225     
   2252.64107464941        3104.62277357225     
   2995.67727288910        4308.11312877225     
   3332.30143085519        4877.11817517225     
   5335.13582609253        8486.72264917224     
   6645.85468505865        11034.5520451722     
   9825.62809128345        17699.1048001722     
   12031.7724768806        22901.7851501722     
   15409.2640849817        32436.3840911722     
   18817.3605510193        42638.0707191722     
   19554.4450874709        47463.6835391722     
   21444.8011591921        55960.2259641722     
   23213.1437460710        65802.5275381722     
   24419.4314211660        79384.8481081722     
   25005.7737098422        92413.5268481722     
   25426.8243099142        104340.870353172     
   25581.4530407144        115332.870988172     
   26163.6050336801        126903.809913172     
   26182.5608322842        134265.768538172     
   26242.5997291592        141774.008326172     
   26358.1063406481        150666.853609172     
   26362.7965053152        154084.906275172     
   26363.1973288521        157943.906294172     
   26369.6888152325        161481.365765172     
   26499.1154037178        164618.677817172     
   26511.8770806182        167830.113506172     
   26511.8835641256        168752.254629572     
   26511.8911426460        170312.733136572     
  0.132157779664966       0.136547323920000     
  0.234751382971764       0.244082792250000     
   1.44336269570223        1.52619104025000     
   28.5941611078563        30.8987039452500     
   56.5158920769228        61.6446572872500     
   156.217777962554        175.622668067250     
   773.367250277765        943.824588167250     
   3095.09638732450        4295.41430386725     
   3397.77208888988        4784.32290496725     
   3925.02725393919        5663.34096916725     
   5095.95792469419        7753.82552986725     
   5805.43562876572        9119.00818336725     
   7495.15462263182        12653.9427625673     
   8223.98322095475        14325.2445769673     
   12280.6486543404        24927.5029309673     
   14762.5782634081        32411.0778469673     
   20437.6509315122        51986.4387019673     
   24170.1562314802        67267.9360519673     
   29597.4124276115        95273.2984129673     
   34943.0645978898        125238.054400967     
   36158.3897101168        139412.015620967     
   39161.6826121402        164368.361545967     
   42029.8824499745        193277.518999967     
   44114.4780406256        233171.992969967     
   44885.8522925781        271440.290509967     
   45726.9518755200        306473.707114967     
   46068.0334481156        338759.801449967     
   47407.6676605802        372746.373874968     
   47440.4945074657        394370.179999968     
   47622.4760943140        416423.648347968     
   48194.1105882246        442544.029090968     
   48200.5712109376        452583.654676968     
   48201.1728989560        463918.446475968     
   48230.6406404887        474308.797966968     
   48648.2987964633        483523.822258967     
   48713.9055838798        492956.565127968     
   48713.9167807417        495665.110759368     
   48713.9316531975        500248.603606368     
  0.209529442934969       0.218023567440000     
  0.371666641887098       0.389724233250000     
   2.27655973637625        2.43685196925000     
   44.8756418756822        49.3356110542500     
   88.5015697717674        98.4273269482499     
   242.859515148281        280.414727408250     
   1177.06855676295        1506.99404310825     
   4533.61923533073        6858.43942800825     
   4954.28334414940        7639.07426070824     
   5678.96372270731        9042.59246010824     
   7251.39946957052        12380.4455100082     
   8182.13455694447        14560.2172095082     
   10349.0128234434        20204.4072639082     
   11264.4352642549        22872.9559647082     
   16253.4984013253        39801.4619427082     
   19261.4110684546        51750.4013547082     
   26082.2438309361        83006.1585897082     
   30562.3572832894        107405.952539708     
   37082.5900614587        152121.797816708     
   43612.5137738255        199966.184732708     
   45136.8709108409        222597.588272708     
   48916.0943472041        262445.103497708     
   52610.7344453055        308604.028175708     
   55371.3805450502        372303.083465708     
   56259.9665392081        433405.641245708     
   57483.9836491012        489343.101230708     
   57986.1153699552        540893.942825708     
   60047.6512382762        595159.918550708     
   60096.1667320158        629686.405175708     
   60394.8718305108        664898.928611708     
   61482.0326685327        706605.045062708     
   61489.1568798403        722635.201664708     
   61489.8463355816        740733.335507708     
   61549.6499962432        757323.492194708     
   62237.9224588056        772037.017238708     
   62363.0548629227        787098.171071708     
   62363.0684852030        791422.875241508     
   62363.0872627500        798741.286420508     
  0.273051156763875       0.285805357600000     
  0.483771624875357       0.510886392500000     
   2.95374965825302        3.19444983250000     
   57.9762420023471        64.6736594824999     
   114.122243851268        129.027598742500     
   311.196892423389        367.593432142500     
   1480.29985640641        1975.50648514250     
   5523.41361801695        8990.67360614249     
   6016.70364118704        10014.0015891425     
   6860.84113464563        11853.8624151425     
   8669.08517074046        16229.4273861425     
   9727.05147864950        19086.8727411425     
   12165.5745314992        26485.7965171425     
   13187.5877760507        29983.9757491425     
   18721.4714677689        52175.4193691425     
   22050.4234256793        67839.1888491424     
   29605.7406489720        108812.111999142     
   34594.4021698156        140797.607499142     
   41896.9084812623        199415.252829142     
   49326.6789163126        262134.078469142     
   51086.5366777228        291801.405069142     
   55477.9302248541        344037.195319142     
   59836.9694648843        404546.561939142     
   63141.9084652225        488049.146039142     
   64126.5881067323        568148.002239142     
   65671.7469242012        641475.972889142     
   66306.0423443317        709053.560439142     
   68976.9578442737        780190.395689142     
   69040.2927320298        825450.891939142     
   69439.7854687002        871610.708379142     
   70977.4722061699        926282.924169142     
   70984.9309175033        947296.728749142     
   70985.6673965100        971021.428219142     
   71074.4349622239        992769.332449142     
   71990.1472701563        1012057.17520914     
   72169.0350865301        1031800.72177914     
   72169.0501023376        1037469.94202114     
   72169.0711490990        1047063.58893114     
  0.319252445388490       0.335627330640000     
  0.565131955889675       0.599944793250000     
   3.44226452665305        3.75131060925000     
   67.3483650653764        75.9476584942500     
   132.381731377027        151.519862708250     
   359.263643328629        431.672811968250     
   1684.97041900141        2319.87942366825     
   6151.90488064178        10557.9398805683     
   6688.33422466371        11759.6557692683     
   7602.93866795386        13920.2436006683     
   9548.99961646969        19058.5629225683     
   10681.1816310884        22414.1219820683     
   13279.1465895187        31102.8360684683     
   14364.6539490953        35210.8225932683     
   20231.9510168019        61270.7084112683     
   23764.4076507987        79665.0071832683     
   31800.5385762561        127780.385218268     
   37133.1476330167        165341.635168268     
   44977.8707752462        234177.587005268     
   53047.6763945939        307829.642401268     
   54974.8607595742        342668.617141268     
   59807.9905424578        404010.220366268     
   64649.8104411820        475067.660884269     
   68350.6025782517        573126.527374269     
   69406.8823518795        667188.323554269     
   71188.9333440077        753298.924339269     
   71919.9570706288        832656.727534269     
   75041.2830484200        916194.231259269     
   75116.1622253739        969344.597884269     
   75591.3616500465        1023551.05540027     
   77466.2217608639        1087753.80513127     
   77473.8616533661        1112430.76429327     
   77474.6241655980        1140291.18517627     
   77586.0254160805        1165830.21322327     
   78669.5893379322        1188480.33858727     
   78889.4249541613        1211665.60666027     
   78889.4407699156        1218323.09297407     
   78889.4631256611        1229589.11727307     
  0.345725695729364       0.364378629440000     
  0.611682280042492       0.651338677000000     
   3.72061384517054        4.07266421300000     
   72.6576576445666        82.4536656729999     
   142.698228927643        164.499714017000     
   386.171170883629        468.651784977000     
   1796.39857408827        2518.61039817700     
   6482.13067389939        11462.3789905770     
   7040.43958093303        12767.0390957770     
   7990.69763669227        15112.7122901770     
   10006.3668951046        20691.2024225770     
   11176.1417581642        24334.2132845770     
   13855.4890360864        33767.2404589770     
   14973.8010480554        38227.1349997770     
   21016.5701899642        66519.4241277769     
   24658.4119114348        86489.4586397769     
   32957.5632051267        138726.609499777     
   38481.4322766816        179505.519699777     
   46631.1937848900        254238.258951777     
   55065.2880116722        334199.670167777     
   57087.6183730132        372023.103207777     
   62173.7324589631        438619.495307777     
   67292.8637712041        515764.025635777     
   71221.1701807480        622223.041675777     
   72319.2056734938        724342.580955777     
   74238.1821902598        817829.790815776     
   75024.9512629364        903985.729035776     
   78406.8232286071        994679.419135776     
   78488.5484686190        1052382.87763578     
   79007.9352827791        1111232.89637178     
   81078.8673682670        1180935.53324778     
   81086.5952991666        1207726.42819978     
   81087.3705144445        1237973.49406778     
   81212.2112656240        1265700.30647978     
   82392.8113959920        1290290.74022378     
   82636.6665332059        1315462.15933178     
   82636.6827466910        1322689.95491658     
   82636.7057547469        1334921.07592058     
  4.534416967922933E-002  4.648838151999997E-002
  8.066717980142754E-002  8.309949724999996E-002
  0.498012303341842       0.519601185250000     
   9.91900458715337        10.5196549902500     
   19.6505683609587        20.9873050922500     
   54.7343246386917        59.7918242722500     
   276.905943776972        321.330922372250     
   1149.95526210964        1462.40038407225     
   1268.25560942002        1628.85234317225     
   1476.85694167550        1928.11948337225     
   1953.57042060175        2639.83789007225     
   2252.64107464941        3104.62277357225     
   2995.67727288910        4308.11312877225     
   3332.30143085519        4877.11817517225     
   5335.13582609253        8486.72264917224     
   6645.85468505865        11034.5520451722     
   9825.62809128345        17699.1048001722     
   12031.7724768806        22901.7851501722     
   15409.2640849817        32436.3840911722     
   18817.3605510193        42638.0707191722     
   19554.4450874709        47463.6835391722     
   21444.8011591921        55960.2259641722     
   23213.1437460710        65802.5275381722     
   24419.4314211660        79384.8481081722     
   25005.7737098422        92413.5268481722     
   25426.8243099142        104340.870353172     
   25581.4530407144        115332.870988172     
   26163.6050336801        126903.809913172     
   26182.5608322842        134265.768538172     
   26242.5997291592        141774.008326172     
   26358.1063406481        150666.853609172     
   26362.7965053152        154084.906275172     
   26363.1973288521        157943.906294172     
   26369.6888152325        161481.365765172     
   26499.1154037178        164618.677817172     
   26511.8770806182        167830.113506172     
   26511.8835641256        168752.254629572     
   26511.8911426460        170312.733136572     
  0.132157779664966       0.136547323920000     
  0.234751382971764       0.244082792250000     
   1.44336269570223        1.52619104025000     
   28.5941611078563        30.8987039452500     
   56.5158920769228        61.6446572872500     
   156.217777962554        175.622668067250     
   773.367250277765        943.824588167250     
   3095.09638732450        4295.41430386725     
   3397.77208888988        4784.32290496725     
   3925.02725393919        5663.34096916725     
   5095.95792469419        7753.82552986725     
   5805.43562876572        9119.00818336725     
   7495.15462263182        12653.9427625673     
   8223.98322095475        14325.2445769673     
   12280.6486543404        24927.5029309673     
   14762.5782634081        32411.0778469673     
   20437.6509315122        51986.4387019673     
   24170.1562314802        67267.9360519673     
   29597.4124276115        95273.2984129673     
   34943.0645978898        125238.054400967     
   36158.3897101168        139412.015620967     
   39161.6826121402        164368.361545967     
   42029.8824499745        193277.518999967     
   44114.4780406256        233171.992969967     
   44885.8522925781        271440.290509967     
   45726.9518755200        306473.707114967     
   46068.0334481156        338759.801449967     
   47407.6676605802        372746.373874968     
   47440.4945074657        394370.179999968     
   47622.4760943140        416423.648347968     
   48194.1105882246        442544.029090968     
   48200.5712109376        452583.654676968     
   48201.1728989560        463918.446475968     
   48230.6406404887        474308.797966968     
   48648.2987964633        483523.822258967     
   48713.9055838798        492956.565127968     
   48713.9167807417        495665.110759368     
   48713.9316531975        500248.603606368     
  0.209529442934969       0.218023567440000     
  0.371666641887098       0.389724233250000     
   2.27655973637625        2.43685196925000     
   44.8756418756822        49.3356110542500     
   88.5015697717674        98.4273269482499     
   242.859515148281        280.414727408250     
   1177.06855676295        1506.99404310825     
   4533.61923533073        6858.43942800825     
   4954.28334414940        7639.07426070824     
   5678.96372270731        9042.59246010824     
   7251.39946957052        12380.4455100082     
   8182.13455694447        14560.2172095082     
   10349.0128234434        20204.4072639082     
   11264.4352642549        22872.9559647082     
   16253.4984013253        39801.4619427082     
   19261.4110684546        51750.4013547082     
   26082.2438309361        83006.1585897082     
   30562.3572832894        107405.952539708     
   37082.5900614587        152121.797816708     
   43612.5137738255        199966.184732708     
   45136.8709108409        222597.588272708     
   48916.0943472041        262445.103497708     
   52610.7344453055        308604.028175708     
   55371.3805450502        372303.083465708     
   56259.9665392081        433405.641245708     
   57483.9836491012        489343.101230708     
   57986.1153699552        540893.942825708     
   60047.6512382762        595159.918550708     
   60096.1667320158        629686.405175708     
   60394.8718305108        664898.928611708     
   61482.0326685327        706605.045062708     
   61489.1568798403        722635.201664708     
   61489.8463355816        740733.335507708     
   61549.6499962432        757323.492194708     
   62237.9224588056        772037.017238708     
   62363.0548629227        787098.171071708     
   62363.0684852030        791422.875241508     
   62363.0872627500        798741.286420508     
  0.273051156763875       0.285805357600000     
  0.483771624875357       0.510886392500000     
   2.95374965825302        3.19444983250000     
   57.9762420023471        64.6736594824999     
   114.122243851268        129.027598742500     
   311.196892423389        367.593432142500     
   1480.29985640641        1975.50648514250     
   5523.41361801695        8990.67360614249     
   6016.70364118704        10014.0015891425     
   6860.84113464563        11853.8624151425     
   8669.08517074046        16229.4273861425     
   9727.05147864950        19086.8727411425     
   12165.5745314992        26485.7965171425     
   13187.5877760507        29983.9757491425     
   18721.4714677689        52175.4193691425     
   22050.4234256793        67839.1888491424     
   29605.7406489720        108812.111999142     
   34594.4021698156        140797.607499142     
   41896.9084812623        199415.252829142     
   49326.6789163126        262134.078469142     
   51086.5366777228        291801.405069142     
   55477.9302248541        344037.195319142     
   59836.9694648843        404546.561939142     
   63141.9084652225        488049.146039142     
   64126.5881067323        568148.002239142     
   65671.7469242012        641475.972889142     
   66306.0423443317        709053.560439142     
   68976.9578442737        780190.395689142     
   69040.2927320298        825450.891939142     
   69439.7854687002        871610.708379142     
   70977.4722061699        926282.924169142     
   70984.9309175033        947296.728749142     
   70985.6673965100        971021.428219142     
   71074.4349622239        992769.332449142     
   71990.1472701563        1012057.17520914     
   72169.0350865301        1031800.72177914     
   72169.0501023376        1037469.94202114     
   72169.0711490990        1047063.58893114     
  0.319252445388490       0.335627330640000     
  0.565131955889675       0.599944793250000     
   3.44226452665305        3.75131060925000     
   67.3483650653764        75.9476584942500     
   132.381731377027        151.519862708250     
   359.263643328629        431.672811968250     
   1684.97041900141        2319.87942366825     
   6151.90488064178        10557.9398805683     
   6688.33422466371        11759.6557692683     
   7602.93866795386        13920.2436006683     
   9548.99961646969        19058.5629225683     
   10681.1816310884        22414.1219820683     
   13279.1465895187        31102.8360684683     
   14364.6539490953        35210.8225932683     
   20231.9510168019        61270.7084112683     
   23764.4076507987        79665.0071832683     
   31800.5385762561        127780.385218268     
   37133.1476330167        165341.635168268     
   44977.8707752462        234177.587005268     
   53047.6763945939        307829.642401268     
   54974.8607595742        342668.617141268     
   59807.9905424578        404010.220366268     
   64649.8104411820        475067.660884269     
   68350.6025782517        573126.527374269     
   69406.8823518795        667188.323554269     
   71188.9333440077        753298.924339269     
   71919.9570706288        832656.727534269     
   75041.2830484200        916194.231259269     
   75116.1622253739        969344.597884269     
   75591.3616500465        1023551.05540027     
   77466.2217608639        1087753.80513127     
   77473.8616533661        1112430.76429327     
   77474.6241655980        1140291.18517627     
   77586.0254160805        1165830.21322327     
   78669.5893379322        1188480.33858727     
   78889.4249541613        1211665.60666027     
   78889.4407699156        1218323.09297407     
   78889.4631256611        1229589.11727307     
  0.345725695729364       0.364378629440000     
  0.611682280042492       0.651338677000000     
   3.72061384517054        4.07266421300000     
   72.6576576445666        82.4536656729999     
   142.698228927643        164.499714017000     
   386.171170883629        468.651784977000     
   1796.39857408827        2518.61039817700     
   6482.13067389939        11462.3789905770     
   7040.43958093303        12767.0390957770     
   7990.69763669227        15112.7122901770     
   10006.3668951046        20691.2024225770     
   11176.1417581642        24334.2132845770     
   13855.4890360864        33767.2404589770     
   14973.8010480554        38227.1349997770     
   21016.5701899642        66519.4241277769     
   24658.4119114348        86489.4586397769     
   32957.5632051267        138726.609499777     
   38481.4322766816        179505.519699777     
   46631.1937848900        254238.258951777     
   55065.2880116722        334199.670167777     
   57087.6183730132        372023.103207777     
   62173.7324589631        438619.495307777     
   67292.8637712041        515764.025635777     
   71221.1701807480        622223.041675777     
   72319.2056734938        724342.580955777     
   74238.1821902598        817829.790815776     
   75024.9512629364        903985.729035776     
   78406.8232286071        994679.419135776     
   78488.5484686190        1052382.87763578     
   79007.9352827791        1111232.89637178     
   81078.8673682670        1180935.53324778     
   81086.5952991666        1207726.42819978     
   81087.3705144445        1237973.49406778     
   81212.2112656240        1265700.30647978     
   82392.8113959920        1290290.74022378     
   82636.6665332059        1315462.15933178     
   82636.6827466910        1322689.95491658     
   82636.7057547469        1334921.07592058     
