   2.00000E+01   7.21540E-01
   7.00000E+01   2.09778E+00
   1.30000E+02   6.39355E-01
   1.90000E+02   1.37538E-01
   2.50000E+02   2.71685E-02
   3.05000E+02   5.97744E-03
   3.55000E+02   1.49259E-03
   4.10000E+02   3.22381E-04
   4.67500E+02   6.47083E-05
   5.20000E+02   0.00000E+00
   5.81000E+02   0.00000E+00
   6.42000E+02   0.00000E+00
   6.93500E+02   0.00000E+00
   7.60000E+02   0.00000E+00
   8.37500E+02   0.00000E+00
   9.07500E+02   0.00000E+00
   9.70000E+02   0.00000E+00
   1.03250E+03   0.00000E+00
   1.08650E+03   0.00000E+00
   1.15400E+03   9.04609E-03
   1.23750E+03   1.87377E-01
   1.31250E+03   8.02616E-01
   1.40000E+03   8.05468E-01
   1.50000E+03   4.90499E-02
   1.60000E+03   1.88375E-03
   1.70000E+03   7.17691E-05
   1.80000E+03   2.70055E-06
   1.90000E+03   0.00000E+00
   2.00000E+03   0.00000E+00
   2.12500E+03   0.00000E+00
   2.29850E+03   0.00000E+00
   2.44550E+03   0.00000E+00
   2.64500E+03   0.00000E+00
   2.94150E+03   0.00000E+00
   3.25600E+03   0.00000E+00
   3.59250E+03   0.00000E+00
   3.89500E+03   0.00000E+00
   4.28500E+03   1.09140E-03
   4.74500E+03   0.00000E+00
   5.16000E+03   0.00000E+00
   5.64750E+03   1.06646E-04
   6.15750E+03   0.00000E+00
   6.69000E+03   0.00000E+00
   7.32000E+03   0.00000E+00
   7.98250E+03   4.67745E-05
   8.58250E+03   4.67745E-05
   9.10000E+03   4.67745E-05
   9.50000E+03   0.00000E+00
   1.00250E+04   0.00000E+00
   1.08100E+04   0.00000E+00
   1.15450E+04   0.00000E+00
   1.23300E+04   0.00000E+00
   1.30450E+04   0.00000E+00
   1.38850E+04   0.00000E+00
   1.47350E+04   0.00000E+00
   2.00000E+01   7.37273E-01
   7.00000E+01   2.13229E+00
   1.30000E+02   6.44978E-01
   1.90000E+02   1.37667E-01
   2.50000E+02   2.69826E-02
   3.05000E+02   5.89492E-03
   3.55000E+02   1.46279E-03
   4.10000E+02   3.13821E-04
   4.67500E+02   6.25568E-05
   5.20000E+02   0.00000E+00
   5.81000E+02   0.00000E+00
   6.42000E+02   0.00000E+00
   6.93500E+02   0.00000E+00
   7.60000E+02   0.00000E+00
   8.37500E+02   0.00000E+00
   9.07500E+02   0.00000E+00
   9.70000E+02   0.00000E+00
   1.03250E+03   0.00000E+00
   1.08650E+03   0.00000E+00
   1.15400E+03   9.10599E-03
   1.23750E+03   1.88923E-01
   1.31250E+03   8.14234E-01
   1.40000E+03   8.17134E-01
   1.50000E+03   4.93975E-02
   1.60000E+03   1.89659E-03
   1.70000E+03   7.22583E-05
   1.80000E+03   2.71896E-06
   1.90000E+03   0.00000E+00
   2.00000E+03   0.00000E+00
   2.12500E+03   0.00000E+00
   2.29850E+03   0.00000E+00
   2.44550E+03   0.00000E+00
   2.64500E+03   0.00000E+00
   2.94150E+03   0.00000E+00
   3.25600E+03   0.00000E+00
   3.59250E+03   0.00000E+00
   3.89500E+03   0.00000E+00
   4.28500E+03   1.09884E-03
   4.74500E+03   0.00000E+00
   5.16000E+03   0.00000E+00
   5.64750E+03   1.07373E-04
   6.15750E+03   0.00000E+00
   6.69000E+03   0.00000E+00
   7.32000E+03   0.00000E+00
   7.98250E+03   4.70933E-05
   8.58250E+03   4.70933E-05
   9.10000E+03   4.70933E-05
   9.50000E+03   0.00000E+00
   1.00250E+04   0.00000E+00
   1.08100E+04   0.00000E+00
   1.15450E+04   0.00000E+00
   1.23300E+04   0.00000E+00
   1.30450E+04   0.00000E+00
   1.38850E+04   0.00000E+00
   1.47350E+04   0.00000E+00
   2.00000E+01   7.46408E-01
   7.00000E+01   2.15208E+00
   1.30000E+02   6.48085E-01
   1.90000E+02   1.37698E-01
   2.50000E+02   2.68654E-02
   3.05000E+02   5.84510E-03
   3.55000E+02   1.44509E-03
   4.10000E+02   3.08795E-04
   4.67500E+02   6.13047E-05
   5.20000E+02   0.00000E+00
   5.81000E+02   0.00000E+00
   6.42000E+02   0.00000E+00
   6.93500E+02   0.00000E+00
   7.60000E+02   0.00000E+00
   8.37500E+02   0.00000E+00
   9.07500E+02   0.00000E+00
   9.70000E+02   0.00000E+00
   1.03250E+03   0.00000E+00
   1.08650E+03   0.00000E+00
   1.15400E+03   9.13823E-03
   1.23750E+03   1.89772E-01
   1.31250E+03   8.20845E-01
   1.40000E+03   8.23776E-01
   1.50000E+03   4.95859E-02
   1.60000E+03   1.90353E-03
   1.70000E+03   7.25227E-05
   1.80000E+03   2.72890E-06
   1.90000E+03   0.00000E+00
   2.00000E+03   0.00000E+00
   2.12500E+03   0.00000E+00
   2.29850E+03   0.00000E+00
   2.44550E+03   0.00000E+00
   2.64500E+03   0.00000E+00
   2.94150E+03   0.00000E+00
   3.25600E+03   0.00000E+00
   3.59250E+03   0.00000E+00
   3.89500E+03   0.00000E+00
   4.28500E+03   1.10286E-03
   4.74500E+03   0.00000E+00
   5.16000E+03   0.00000E+00
   5.64750E+03   1.07766E-04
   6.15750E+03   0.00000E+00
   6.69000E+03   0.00000E+00
   7.32000E+03   0.00000E+00
   7.98250E+03   4.72656E-05
   8.58250E+03   4.72656E-05
   9.10000E+03   4.72656E-05
   9.50000E+03   0.00000E+00
   1.00250E+04   0.00000E+00
   1.08100E+04   0.00000E+00
   1.15450E+04   0.00000E+00
   1.23300E+04   0.00000E+00
   1.30450E+04   0.00000E+00
   1.38850E+04   0.00000E+00
   1.47350E+04   0.00000E+00
   2.00000E+01   7.53723E-01
   7.00000E+01   2.16786E+00
   1.30000E+02   6.50556E-01
   1.90000E+02   1.37724E-01
   2.50000E+02   2.67737E-02
   3.05000E+02   5.80624E-03
   3.55000E+02   1.43133E-03
   4.10000E+02   3.04899E-04
   4.67500E+02   6.03376E-05
   5.20000E+02   0.00000E+00
   5.81000E+02   0.00000E+00
   6.42000E+02   0.00000E+00
   6.93500E+02   0.00000E+00
   7.60000E+02   0.00000E+00
   8.37500E+02   0.00000E+00
   9.07500E+02   0.00000E+00
   9.70000E+02   0.00000E+00
   1.03250E+03   0.00000E+00
   1.08650E+03   0.00000E+00
   1.15400E+03   9.16388E-03
   1.23750E+03   1.90447E-01
   1.31250E+03   8.26120E-01
   1.40000E+03   8.29073E-01
   1.50000E+03   4.97357E-02
   1.60000E+03   1.90905E-03
   1.70000E+03   7.27329E-05
   1.80000E+03   2.73681E-06
   1.90000E+03   0.00000E+00
   2.00000E+03   0.00000E+00
   2.12500E+03   0.00000E+00
   2.29850E+03   0.00000E+00
   2.44550E+03   0.00000E+00
   2.64500E+03   0.00000E+00
   2.94150E+03   0.00000E+00
   3.25600E+03   0.00000E+00
   3.59250E+03   0.00000E+00
   3.89500E+03   0.00000E+00
   4.28500E+03   1.10606E-03
   4.74500E+03   0.00000E+00
   5.16000E+03   0.00000E+00
   5.64750E+03   1.08078E-04
   6.15750E+03   0.00000E+00
   6.69000E+03   0.00000E+00
   7.32000E+03   0.00000E+00
   7.98250E+03   4.74026E-05
   8.58250E+03   4.74026E-05
   9.10000E+03   4.74026E-05
   9.50000E+03   0.00000E+00
   1.00250E+04   0.00000E+00
   1.08100E+04   0.00000E+00
   1.15450E+04   0.00000E+00
   1.23300E+04   0.00000E+00
   1.30450E+04   0.00000E+00
   1.38850E+04   0.00000E+00
   1.47350E+04   0.00000E+00
   2.00000E+01   7.59516E-01
   7.00000E+01   2.18034E+00
   1.30000E+02   6.52497E-01
   1.90000E+02   1.37743E-01
   2.50000E+02   2.67016E-02
   3.05000E+02   5.77584E-03
   3.55000E+02   1.42060E-03
   4.10000E+02   3.01873E-04
   4.67500E+02   5.95890E-05
   5.20000E+02   0.00000E+00
   5.81000E+02   0.00000E+00
   6.42000E+02   0.00000E+00
   6.93500E+02   0.00000E+00
   7.60000E+02   0.00000E+00
   8.37500E+02   0.00000E+00
   9.07500E+02   0.00000E+00
   9.70000E+02   0.00000E+00
   1.03250E+03   0.00000E+00
   1.08650E+03   0.00000E+00
   1.15400E+03   9.18408E-03
   1.23750E+03   1.90980E-01
   1.31250E+03   8.30286E-01
   1.40000E+03   8.33254E-01
   1.50000E+03   4.98537E-02
   1.60000E+03   1.91339E-03
   1.70000E+03   7.28981E-05
   1.80000E+03   2.74303E-06
   1.90000E+03   0.00000E+00
   2.00000E+03   0.00000E+00
   2.12500E+03   0.00000E+00
   2.29850E+03   0.00000E+00
   2.44550E+03   0.00000E+00
   2.64500E+03   0.00000E+00
   2.94150E+03   0.00000E+00
   3.25600E+03   0.00000E+00
   3.59250E+03   0.00000E+00
   3.89500E+03   0.00000E+00
   4.28500E+03   1.10857E-03
   4.74500E+03   0.00000E+00
   5.16000E+03   0.00000E+00
   5.64750E+03   1.08323E-04
   6.15750E+03   0.00000E+00
   6.69000E+03   0.00000E+00
   7.32000E+03   0.00000E+00
   7.98250E+03   4.75103E-05
   8.58250E+03   4.75103E-05
   9.10000E+03   4.75103E-05
   9.50000E+03   0.00000E+00
   1.00250E+04   0.00000E+00
   1.08100E+04   0.00000E+00
   1.15450E+04   0.00000E+00
   1.23300E+04   0.00000E+00
   1.30450E+04   0.00000E+00
   1.38850E+04   0.00000E+00
   1.47350E+04   0.00000E+00
   2.00000E+01   7.64096E-01
   7.00000E+01   2.19018E+00
   1.30000E+02   6.54004E-01
   1.90000E+02   1.37748E-01
   2.50000E+02   2.66421E-02
   3.05000E+02   5.75120E-03
   3.55000E+02   1.41198E-03
   4.10000E+02   2.99457E-04
   4.67500E+02   5.89946E-05
   5.20000E+02   0.00000E+00
   5.81000E+02   0.00000E+00
   6.42000E+02   0.00000E+00
   6.93500E+02   0.00000E+00
   7.60000E+02   0.00000E+00
   8.37500E+02   0.00000E+00
   9.07500E+02   0.00000E+00
   9.70000E+02   0.00000E+00
   1.03250E+03   0.00000E+00
   1.08650E+03   0.00000E+00
   1.15400E+03   9.19998E-03
   1.23750E+03   1.91398E-01
   1.31250E+03   8.33573E-01
   1.40000E+03   8.36544E-01
   1.50000E+03   4.99462E-02
   1.60000E+03   1.91676E-03
   1.70000E+03   7.30268E-05
   1.80000E+03   2.74787E-06
   1.90000E+03   0.00000E+00
   2.00000E+03   0.00000E+00
   2.12500E+03   0.00000E+00
   2.29850E+03   0.00000E+00
   2.44550E+03   0.00000E+00
   2.64500E+03   0.00000E+00
   2.94150E+03   0.00000E+00
   3.25600E+03   0.00000E+00
   3.59250E+03   0.00000E+00
   3.89500E+03   0.00000E+00
   4.28500E+03   1.11053E-03
   4.74500E+03   0.00000E+00
   5.16000E+03   0.00000E+00
   5.64750E+03   1.08515E-04
   6.15750E+03   0.00000E+00
   6.69000E+03   0.00000E+00
   7.32000E+03   0.00000E+00
   7.98250E+03   4.75941E-05
   8.58250E+03   4.75941E-05
   9.10000E+03   4.75941E-05
   9.50000E+03   0.00000E+00
   1.00250E+04   0.00000E+00
   1.08100E+04   0.00000E+00
   1.15450E+04   0.00000E+00
   1.23300E+04   0.00000E+00
   1.30450E+04   0.00000E+00
   1.38850E+04   0.00000E+00
   1.47350E+04   0.00000E+00
   2.00000E+01   7.67648E-01
   7.00000E+01   2.19780E+00
   1.30000E+02   6.55170E-01
   1.90000E+02   1.37752E-01
   2.50000E+02   2.65963E-02
   3.05000E+02   5.73232E-03
   3.55000E+02   1.40538E-03
   4.10000E+02   2.97610E-04
   4.67500E+02   5.85411E-05
   5.20000E+02   0.00000E+00
   5.81000E+02   0.00000E+00
   6.42000E+02   0.00000E+00
   6.93500E+02   0.00000E+00
   7.60000E+02   0.00000E+00
   8.37500E+02   0.00000E+00
   9.07500E+02   0.00000E+00
   9.70000E+02   0.00000E+00
   1.03250E+03   0.00000E+00
   1.08650E+03   0.00000E+00
   1.15400E+03   9.21226E-03
   1.23750E+03   1.91721E-01
   1.31250E+03   8.36118E-01
   1.40000E+03   8.39090E-01
   1.50000E+03   5.00177E-02
   1.60000E+03   1.91937E-03
   1.70000E+03   7.31262E-05
   1.80000E+03   2.75161E-06
   1.90000E+03   0.00000E+00
   2.00000E+03   0.00000E+00
   2.12500E+03   0.00000E+00
   2.29850E+03   0.00000E+00
   2.44550E+03   0.00000E+00
   2.64500E+03   0.00000E+00
   2.94150E+03   0.00000E+00
   3.25600E+03   0.00000E+00
   3.59250E+03   0.00000E+00
   3.89500E+03   0.00000E+00
   4.28500E+03   1.11204E-03
   4.74500E+03   0.00000E+00
   5.16000E+03   0.00000E+00
   5.64750E+03   1.08662E-04
   6.15750E+03   0.00000E+00
   6.69000E+03   0.00000E+00
   7.32000E+03   0.00000E+00
   7.98250E+03   4.76589E-05
   8.58250E+03   4.76589E-05
   9.10000E+03   4.76589E-05
   9.50000E+03   0.00000E+00
   1.00250E+04   0.00000E+00
   1.08100E+04   0.00000E+00
   1.15450E+04   0.00000E+00
   1.23300E+04   0.00000E+00
   1.30450E+04   0.00000E+00
   1.38850E+04   0.00000E+00
   1.47350E+04   0.00000E+00
   2.00000E+01   7.70380E-01
   7.00000E+01   2.20366E+00
   1.30000E+02   6.56064E-01
   1.90000E+02   1.37755E-01
   2.50000E+02   2.65615E-02
   3.05000E+02   5.71793E-03
   3.55000E+02   1.40035E-03
   4.10000E+02   2.96207E-04
   4.67500E+02   5.81968E-05
   5.20000E+02   0.00000E+00
   5.81000E+02   0.00000E+00
   6.42000E+02   0.00000E+00
   6.93500E+02   0.00000E+00
   7.60000E+02   0.00000E+00
   8.37500E+02   0.00000E+00
   9.07500E+02   0.00000E+00
   9.70000E+02   0.00000E+00
   1.03250E+03   0.00000E+00
   1.08650E+03   0.00000E+00
   1.15400E+03   9.22169E-03
   1.23750E+03   1.91969E-01
   1.31250E+03   8.38074E-01
   1.40000E+03   8.41047E-01
   1.50000E+03   5.00726E-02
   1.60000E+03   1.92138E-03
   1.70000E+03   7.32026E-05
   1.80000E+03   2.75449E-06
   1.90000E+03   0.00000E+00
   2.00000E+03   0.00000E+00
   2.12500E+03   0.00000E+00
   2.29850E+03   0.00000E+00
   2.44550E+03   0.00000E+00
   2.64500E+03   0.00000E+00
   2.94150E+03   0.00000E+00
   3.25600E+03   0.00000E+00
   3.59250E+03   0.00000E+00
   3.89500E+03   0.00000E+00
   4.28500E+03   1.11320E-03
   4.74500E+03   0.00000E+00
   5.16000E+03   0.00000E+00
   5.64750E+03   1.08776E-04
   6.15750E+03   0.00000E+00
   6.69000E+03   0.00000E+00
   7.32000E+03   0.00000E+00
   7.98250E+03   4.77087E-05
   8.58250E+03   4.77087E-05
   9.10000E+03   4.77087E-05
   9.50000E+03   0.00000E+00
   1.00250E+04   0.00000E+00
   1.08100E+04   0.00000E+00
   1.15450E+04   0.00000E+00
   1.23300E+04   0.00000E+00
   1.30450E+04   0.00000E+00
   1.38850E+04   0.00000E+00
   1.47350E+04   0.00000E+00
   2.00000E+01   7.72455E-01
   7.00000E+01   2.20810E+00
   1.30000E+02   6.56743E-01
   1.90000E+02   1.37758E-01
   2.50000E+02   2.65352E-02
   3.05000E+02   5.70709E-03
   3.55000E+02   1.39657E-03
   4.10000E+02   2.95150E-04
   4.67500E+02   5.79380E-05
   5.20000E+02   0.00000E+00
   5.81000E+02   0.00000E+00
   6.42000E+02   0.00000E+00
   6.93500E+02   0.00000E+00
   7.60000E+02   0.00000E+00
   8.37500E+02   0.00000E+00
   9.07500E+02   0.00000E+00
   9.70000E+02   0.00000E+00
   1.03250E+03   0.00000E+00
   1.08650E+03   0.00000E+00
   1.15400E+03   9.22884E-03
   1.23750E+03   1.92157E-01
   1.31250E+03   8.39557E-01
   1.40000E+03   8.42532E-01
   1.50000E+03   5.01142E-02
   1.60000E+03   1.92290E-03
   1.70000E+03   7.32604E-05
   1.80000E+03   2.75666E-06
   1.90000E+03   0.00000E+00
   2.00000E+03   0.00000E+00
   2.12500E+03   0.00000E+00
   2.29850E+03   0.00000E+00
   2.44550E+03   0.00000E+00
   2.64500E+03   0.00000E+00
   2.94150E+03   0.00000E+00
   3.25600E+03   0.00000E+00
   3.59250E+03   0.00000E+00
   3.89500E+03   0.00000E+00
   4.28500E+03   1.11408E-03
   4.74500E+03   0.00000E+00
   5.16000E+03   0.00000E+00
   5.64750E+03   1.08862E-04
   6.15750E+03   0.00000E+00
   6.69000E+03   0.00000E+00
   7.32000E+03   0.00000E+00
   7.98250E+03   4.77464E-05
   8.58250E+03   4.77464E-05
   9.10000E+03   4.77464E-05
   9.50000E+03   0.00000E+00
   1.00250E+04   0.00000E+00
   1.08100E+04   0.00000E+00
   1.15450E+04   0.00000E+00
   1.23300E+04   0.00000E+00
   1.30450E+04   0.00000E+00
   1.38850E+04   0.00000E+00
   1.47350E+04   0.00000E+00
   2.00000E+01   7.74030E-01
   7.00000E+01   2.21147E+00
   1.30000E+02   6.57257E-01
   1.90000E+02   1.37760E-01
   2.50000E+02   2.65153E-02
   3.05000E+02   5.69888E-03
   3.55000E+02   1.39371E-03
   4.10000E+02   2.94352E-04
   4.67500E+02   5.77426E-05
   5.20000E+02   0.00000E+00
   5.81000E+02   0.00000E+00
   6.42000E+02   0.00000E+00
   6.93500E+02   0.00000E+00
   7.60000E+02   0.00000E+00
   8.37500E+02   0.00000E+00
   9.07500E+02   0.00000E+00
   9.70000E+02   0.00000E+00
   1.03250E+03   0.00000E+00
   1.08650E+03   0.00000E+00
   1.15400E+03   9.23426E-03
   1.23750E+03   1.92300E-01
   1.31250E+03   8.40682E-01
   1.40000E+03   8.43657E-01
   1.50000E+03   5.01458E-02
   1.60000E+03   1.92405E-03
   1.70000E+03   7.33043E-05
   1.80000E+03   2.75832E-06
   1.90000E+03   0.00000E+00
   2.00000E+03   0.00000E+00
   2.12500E+03   0.00000E+00
   2.29850E+03   0.00000E+00
   2.44550E+03   0.00000E+00
   2.64500E+03   0.00000E+00
   2.94150E+03   0.00000E+00
   3.25600E+03   0.00000E+00
   3.59250E+03   0.00000E+00
   3.89500E+03   0.00000E+00
   4.28500E+03   1.11475E-03
   4.74500E+03   0.00000E+00
   5.16000E+03   0.00000E+00
   5.64750E+03   1.08927E-04
   6.15750E+03   0.00000E+00
   6.69000E+03   0.00000E+00
   7.32000E+03   0.00000E+00
   7.98250E+03   4.77750E-05
   8.58250E+03   4.77750E-05
   9.10000E+03   4.77750E-05
   9.50000E+03   0.00000E+00
   1.00250E+04   0.00000E+00
   1.08100E+04   0.00000E+00
   1.15450E+04   0.00000E+00
   1.23300E+04   0.00000E+00
   1.30450E+04   0.00000E+00
   1.38850E+04   0.00000E+00
   1.47350E+04   0.00000E+00
   2.00000E+01   7.74774E-01
   7.00000E+01   2.21321E+00
   1.30000E+02   6.57562E-01
   1.90000E+02   1.37764E-01
   2.50000E+02   2.65028E-02
   3.05000E+02   5.69339E-03
   3.55000E+02   1.39173E-03
   4.10000E+02   2.93785E-04
   4.67500E+02   5.76011E-05
   5.20000E+02   0.00000E+00
   5.81000E+02   0.00000E+00
   6.42000E+02   0.00000E+00
   6.93500E+02   0.00000E+00
   7.60000E+02   0.00000E+00
   8.37500E+02   0.00000E+00
   9.07500E+02   0.00000E+00
   9.70000E+02   0.00000E+00
   1.03250E+03   0.00000E+00
   1.08650E+03   0.00000E+00
   1.15400E+03   9.23732E-03
   1.23750E+03   1.92380E-01
   1.31250E+03   8.41272E-01
   1.40000E+03   8.44259E-01
   1.50000E+03   5.01638E-02
   1.60000E+03   1.92472E-03
   1.70000E+03   7.33301E-05
   1.80000E+03   2.75929E-06
   1.90000E+03   0.00000E+00
   2.00000E+03   0.00000E+00
   2.12500E+03   0.00000E+00
   2.29850E+03   0.00000E+00
   2.44550E+03   0.00000E+00
   2.64500E+03   0.00000E+00
   2.94150E+03   0.00000E+00
   3.25600E+03   0.00000E+00
   3.59250E+03   0.00000E+00
   3.89500E+03   0.00000E+00
   4.28500E+03   1.11514E-03
   4.74500E+03   0.00000E+00
   5.16000E+03   0.00000E+00
   5.64750E+03   1.08965E-04
   6.15750E+03   0.00000E+00
   6.69000E+03   0.00000E+00
   7.32000E+03   0.00000E+00
   7.98250E+03   4.77918E-05
   8.58250E+03   4.77918E-05
   9.10000E+03   4.77918E-05
   9.50000E+03   0.00000E+00
   1.00250E+04   0.00000E+00
   1.08100E+04   0.00000E+00
   1.15450E+04   0.00000E+00
   1.23300E+04   0.00000E+00
   1.30450E+04   0.00000E+00
   1.38850E+04   0.00000E+00
   1.47350E+04   0.00000E+00
   2.00000E+01   7.77662E-01
   7.00000E+01   2.21942E+00
   1.30000E+02   6.58518E-01
   1.90000E+02   1.37769E-01
   2.50000E+02   2.64659E-02
   3.05000E+02   5.67810E-03
   3.55000E+02   1.38639E-03
   4.10000E+02   2.92293E-04
   4.67500E+02   5.72359E-05
   5.20000E+02   0.00000E+00
   5.81000E+02   0.00000E+00
   6.42000E+02   0.00000E+00
   6.93500E+02   0.00000E+00
   7.60000E+02   0.00000E+00
   8.37500E+02   0.00000E+00
   9.07500E+02   0.00000E+00
   9.70000E+02   0.00000E+00
   1.03250E+03   0.00000E+00
   1.08650E+03   0.00000E+00
   1.15400E+03   9.24736E-03
   1.23750E+03   1.92644E-01
   1.31250E+03   8.43346E-01
   1.40000E+03   8.46337E-01
   1.50000E+03   5.02222E-02
   1.60000E+03   1.92686E-03
   1.70000E+03   7.34116E-05
   1.80000E+03   2.76235E-06
   1.90000E+03   0.00000E+00
   2.00000E+03   0.00000E+00
   2.12500E+03   0.00000E+00
   2.29850E+03   0.00000E+00
   2.44550E+03   0.00000E+00
   2.64500E+03   0.00000E+00
   2.94150E+03   0.00000E+00
   3.25600E+03   0.00000E+00
   3.59250E+03   0.00000E+00
   3.89500E+03   0.00000E+00
   4.28500E+03   1.11638E-03
   4.74500E+03   0.00000E+00
   5.16000E+03   0.00000E+00
   5.64750E+03   1.09087E-04
   6.15750E+03   0.00000E+00
   6.69000E+03   0.00000E+00
   7.32000E+03   0.00000E+00
   7.98250E+03   4.78450E-05
   8.58250E+03   4.78450E-05
   9.10000E+03   4.78450E-05
   9.50000E+03   0.00000E+00
   1.00250E+04   0.00000E+00
   1.08100E+04   0.00000E+00
   1.15450E+04   0.00000E+00
   1.23300E+04   0.00000E+00
   1.30450E+04   0.00000E+00
   1.38850E+04   0.00000E+00
   1.47350E+04   0.00000E+00
   2.00000E+01   7.78554E-01
   7.00000E+01   2.22134E+00
   1.30000E+02   6.58815E-01
   1.90000E+02   1.37771E-01
   2.50000E+02   2.64545E-02
   3.05000E+02   5.67336E-03
   3.55000E+02   1.38473E-03
   4.10000E+02   2.91831E-04
   4.67500E+02   5.71226E-05
   5.20000E+02   0.00000E+00
   5.81000E+02   0.00000E+00
   6.42000E+02   0.00000E+00
   6.93500E+02   0.00000E+00
   7.60000E+02   0.00000E+00
   8.37500E+02   0.00000E+00
   9.07500E+02   0.00000E+00
   9.70000E+02   0.00000E+00
   1.03250E+03   0.00000E+00
   1.08650E+03   0.00000E+00
   1.15400E+03   9.25047E-03
   1.23750E+03   1.92726E-01
   1.31250E+03   8.43988E-01
   1.40000E+03   8.46981E-01
   1.50000E+03   5.02404E-02
   1.60000E+03   1.92753E-03
   1.70000E+03   7.34369E-05
   1.80000E+03   2.76331E-06
   1.90000E+03   0.00000E+00
   2.00000E+03   0.00000E+00
   2.12500E+03   0.00000E+00
   2.29850E+03   0.00000E+00
   2.44550E+03   0.00000E+00
   2.64500E+03   0.00000E+00
   2.94150E+03   0.00000E+00
   3.25600E+03   0.00000E+00
   3.59250E+03   0.00000E+00
   3.89500E+03   0.00000E+00
   4.28500E+03   1.11677E-03
   4.74500E+03   0.00000E+00
   5.16000E+03   0.00000E+00
   5.64750E+03   1.09124E-04
   6.15750E+03   0.00000E+00
   6.69000E+03   0.00000E+00
   7.32000E+03   0.00000E+00
   7.98250E+03   4.78614E-05
   8.58250E+03   4.78614E-05
   9.10000E+03   4.78614E-05
   9.50000E+03   0.00000E+00
   1.00250E+04   0.00000E+00
   1.08100E+04   0.00000E+00
   1.15450E+04   0.00000E+00
   1.23300E+04   0.00000E+00
   1.30450E+04   0.00000E+00
   1.38850E+04   0.00000E+00
   1.47350E+04   0.00000E+00
   2.00000E+01   7.79072E-01
   7.00000E+01   2.22247E+00
   1.30000E+02   6.58989E-01
   1.90000E+02   1.37772E-01
   2.50000E+02   2.64478E-02
   3.05000E+02   5.67058E-03
   3.55000E+02   1.38375E-03
   4.10000E+02   2.91558E-04
   4.67500E+02   5.70557E-05
   5.20000E+02   0.00000E+00
   5.81000E+02   0.00000E+00
   6.42000E+02   0.00000E+00
   6.93500E+02   0.00000E+00
   7.60000E+02   0.00000E+00
   8.37500E+02   0.00000E+00
   9.07500E+02   0.00000E+00
   9.70000E+02   0.00000E+00
   1.03250E+03   0.00000E+00
   1.08650E+03   0.00000E+00
   1.15400E+03   9.25230E-03
   1.23750E+03   1.92775E-01
   1.31250E+03   8.44366E-01
   1.40000E+03   8.47359E-01
   1.50000E+03   5.02511E-02
   1.60000E+03   1.92792E-03
   1.70000E+03   7.34518E-05
   1.80000E+03   2.76387E-06
   1.90000E+03   0.00000E+00
   2.00000E+03   0.00000E+00
   2.12500E+03   0.00000E+00
   2.29850E+03   0.00000E+00
   2.44550E+03   0.00000E+00
   2.64500E+03   0.00000E+00
   2.94150E+03   0.00000E+00
   3.25600E+03   0.00000E+00
   3.59250E+03   0.00000E+00
   3.89500E+03   0.00000E+00
   4.28500E+03   1.11699E-03
   4.74500E+03   0.00000E+00
   5.16000E+03   0.00000E+00
   5.64750E+03   1.09146E-04
   6.15750E+03   0.00000E+00
   6.69000E+03   0.00000E+00
   7.32000E+03   0.00000E+00
   7.98250E+03   4.78712E-05
   8.58250E+03   4.78712E-05
   9.10000E+03   4.78712E-05
   9.50000E+03   0.00000E+00
   1.00250E+04   0.00000E+00
   1.08100E+04   0.00000E+00
   1.15450E+04   0.00000E+00
   1.23300E+04   0.00000E+00
   1.30450E+04   0.00000E+00
   1.38850E+04   0.00000E+00
   1.47350E+04   0.00000E+00
   2.00000E+01   7.79504E-01
   7.00000E+01   2.22340E+00
   1.30000E+02   6.59135E-01
   1.90000E+02   1.37773E-01
   2.50000E+02   2.64423E-02
   3.05000E+02   5.66826E-03
   3.55000E+02   1.38294E-03
   4.10000E+02   2.91330E-04
   4.67500E+02   5.70000E-05
   5.20000E+02   0.00000E+00
   5.81000E+02   0.00000E+00
   6.42000E+02   0.00000E+00
   6.93500E+02   0.00000E+00
   7.60000E+02   0.00000E+00
   8.37500E+02   0.00000E+00
   9.07500E+02   0.00000E+00
   9.70000E+02   0.00000E+00
   1.03250E+03   0.00000E+00
   1.08650E+03   0.00000E+00
   1.15400E+03   9.25384E-03
   1.23750E+03   1.92815E-01
   1.31250E+03   8.44681E-01
   1.40000E+03   8.47676E-01
   1.50000E+03   5.02601E-02
   1.60000E+03   1.92825E-03
   1.70000E+03   7.34643E-05
   1.80000E+03   2.76434E-06
   1.90000E+03   0.00000E+00
   2.00000E+03   0.00000E+00
   2.12500E+03   0.00000E+00
   2.29850E+03   0.00000E+00
   2.44550E+03   0.00000E+00
   2.64500E+03   0.00000E+00
   2.94150E+03   0.00000E+00
   3.25600E+03   0.00000E+00
   3.59250E+03   0.00000E+00
   3.89500E+03   0.00000E+00
   4.28500E+03   1.11718E-03
   4.74500E+03   0.00000E+00
   5.16000E+03   0.00000E+00
   5.64750E+03   1.09165E-04
   6.15750E+03   0.00000E+00
   6.69000E+03   0.00000E+00
   7.32000E+03   0.00000E+00
   7.98250E+03   4.78793E-05
   8.58250E+03   4.78793E-05
   9.10000E+03   4.78793E-05
   9.50000E+03   0.00000E+00
   1.00250E+04   0.00000E+00
   1.08100E+04   0.00000E+00
   1.15450E+04   0.00000E+00
   1.23300E+04   0.00000E+00
   1.30450E+04   0.00000E+00
   1.38850E+04   0.00000E+00
   1.47350E+04   0.00000E+00
   2.00000E+01   7.79856E-01
   7.00000E+01   2.22416E+00
   1.30000E+02   6.59254E-01
   1.90000E+02   1.37774E-01
   2.50000E+02   2.64377E-02
   3.05000E+02   5.66635E-03
   3.55000E+02   1.38227E-03
   4.10000E+02   2.91144E-04
   4.67500E+02   5.69542E-05
   5.20000E+02   0.00000E+00
   5.81000E+02   0.00000E+00
   6.42000E+02   0.00000E+00
   6.93500E+02   0.00000E+00
   7.60000E+02   0.00000E+00
   8.37500E+02   0.00000E+00
   9.07500E+02   0.00000E+00
   9.70000E+02   0.00000E+00
   1.03250E+03   0.00000E+00
   1.08650E+03   0.00000E+00
   1.15400E+03   9.25508E-03
   1.23750E+03   1.92848E-01
   1.31250E+03   8.44937E-01
   1.40000E+03   8.47933E-01
   1.50000E+03   5.02673E-02
   1.60000E+03   1.92851E-03
   1.70000E+03   7.34744E-05
   1.80000E+03   2.76472E-06
   1.90000E+03   0.00000E+00
   2.00000E+03   0.00000E+00
   2.12500E+03   0.00000E+00
   2.29850E+03   0.00000E+00
   2.44550E+03   0.00000E+00
   2.64500E+03   0.00000E+00
   2.94150E+03   0.00000E+00
   3.25600E+03   0.00000E+00
   3.59250E+03   0.00000E+00
   3.89500E+03   0.00000E+00
   4.28500E+03   1.11734E-03
   4.74500E+03   0.00000E+00
   5.16000E+03   0.00000E+00
   5.64750E+03   1.09180E-04
   6.15750E+03   0.00000E+00
   6.69000E+03   0.00000E+00
   7.32000E+03   0.00000E+00
   7.98250E+03   4.78859E-05
   8.58250E+03   4.78859E-05
   9.10000E+03   4.78859E-05
   9.50000E+03   0.00000E+00
   1.00250E+04   0.00000E+00
   1.08100E+04   0.00000E+00
   1.15450E+04   0.00000E+00
   1.23300E+04   0.00000E+00
   1.30450E+04   0.00000E+00
   1.38850E+04   0.00000E+00
   1.47350E+04   0.00000E+00
   2.00000E+01   7.80146E-01
   7.00000E+01   2.22479E+00
   1.30000E+02   6.59353E-01
   1.90000E+02   1.37775E-01
   2.50000E+02   2.64339E-02
   3.05000E+02   5.66478E-03
   3.55000E+02   1.38172E-03
   4.10000E+02   2.90989E-04
   4.67500E+02   5.69164E-05
   5.20000E+02   0.00000E+00
   5.81000E+02   0.00000E+00
   6.42000E+02   0.00000E+00
   6.93500E+02   0.00000E+00
   7.60000E+02   0.00000E+00
   8.37500E+02   0.00000E+00
   9.07500E+02   0.00000E+00
   9.70000E+02   0.00000E+00
   1.03250E+03   0.00000E+00
   1.08650E+03   0.00000E+00
   1.15400E+03   9.25611E-03
   1.23750E+03   1.92875E-01
   1.31250E+03   8.45148E-01
   1.40000E+03   8.48144E-01
   1.50000E+03   5.02733E-02
   1.60000E+03   1.92873E-03
   1.70000E+03   7.34828E-05
   1.80000E+03   2.76503E-06
   1.90000E+03   0.00000E+00
   2.00000E+03   0.00000E+00
   2.12500E+03   0.00000E+00
   2.29850E+03   0.00000E+00
   2.44550E+03   0.00000E+00
   2.64500E+03   0.00000E+00
   2.94150E+03   0.00000E+00
   3.25600E+03   0.00000E+00
   3.59250E+03   0.00000E+00
   3.89500E+03   0.00000E+00
   4.28500E+03   1.11746E-03
   4.74500E+03   0.00000E+00
   5.16000E+03   0.00000E+00
   5.64750E+03   1.09192E-04
   6.15750E+03   0.00000E+00
   6.69000E+03   0.00000E+00
   7.32000E+03   0.00000E+00
   7.98250E+03   4.78913E-05
   8.58250E+03   4.78913E-05
   9.10000E+03   4.78913E-05
   9.50000E+03   0.00000E+00
   1.00250E+04   0.00000E+00
   1.08100E+04   0.00000E+00
   1.15450E+04   0.00000E+00
   1.23300E+04   0.00000E+00
   1.30450E+04   0.00000E+00
   1.38850E+04   0.00000E+00
   1.47350E+04   0.00000E+00
   2.00000E+01   7.80381E-01
   7.00000E+01   2.22530E+00
   1.30000E+02   6.59432E-01
   1.90000E+02   1.37775E-01
   2.50000E+02   2.64309E-02
   3.05000E+02   5.66351E-03
   3.55000E+02   1.38128E-03
   4.10000E+02   2.90864E-04
   4.67500E+02   5.68858E-05
   5.20000E+02   0.00000E+00
   5.81000E+02   0.00000E+00
   6.42000E+02   0.00000E+00
   6.93500E+02   0.00000E+00
   7.60000E+02   0.00000E+00
   8.37500E+02   0.00000E+00
   9.07500E+02   0.00000E+00
   9.70000E+02   0.00000E+00
   1.03250E+03   0.00000E+00
   1.08650E+03   0.00000E+00
   1.15400E+03   9.25695E-03
   1.23750E+03   1.92897E-01
   1.31250E+03   8.45320E-01
   1.40000E+03   8.48317E-01
   1.50000E+03   5.02783E-02
   1.60000E+03   1.92891E-03
   1.70000E+03   7.34896E-05
   1.80000E+03   2.76529E-06
   1.90000E+03   0.00000E+00
   2.00000E+03   0.00000E+00
   2.12500E+03   0.00000E+00
   2.29850E+03   0.00000E+00
   2.44550E+03   0.00000E+00
   2.64500E+03   0.00000E+00
   2.94150E+03   0.00000E+00
   3.25600E+03   0.00000E+00
   3.59250E+03   0.00000E+00
   3.89500E+03   0.00000E+00
   4.28500E+03   1.11757E-03
   4.74500E+03   0.00000E+00
   5.16000E+03   0.00000E+00
   5.64750E+03   1.09202E-04
   6.15750E+03   0.00000E+00
   6.69000E+03   0.00000E+00
   7.32000E+03   0.00000E+00
   7.98250E+03   4.78958E-05
   8.58250E+03   4.78958E-05
   9.10000E+03   4.78958E-05
   9.50000E+03   0.00000E+00
   1.00250E+04   0.00000E+00
   1.08100E+04   0.00000E+00
   1.15450E+04   0.00000E+00
   1.23300E+04   0.00000E+00
   1.30450E+04   0.00000E+00
   1.38850E+04   0.00000E+00
   1.47350E+04   0.00000E+00
   2.00000E+01   7.80235E-01
   7.00000E+01   2.22511E+00
   1.30000E+02   6.59434E-01
   1.90000E+02   1.37778E-01
   2.50000E+02   2.64304E-02
   3.05000E+02   5.66301E-03
   3.55000E+02   1.38105E-03
   4.10000E+02   2.90789E-04
   4.67500E+02   5.68654E-05
   5.20000E+02   0.00000E+00
   5.81000E+02   0.00000E+00
   6.42000E+02   0.00000E+00
   6.93500E+02   0.00000E+00
   7.60000E+02   0.00000E+00
   8.37500E+02   0.00000E+00
   9.07500E+02   0.00000E+00
   9.70000E+02   0.00000E+00
   1.03250E+03   0.00000E+00
   1.08650E+03   0.00000E+00
   1.15400E+03   9.25685E-03
   1.23750E+03   1.92895E-01
   1.31250E+03   8.45264E-01
   1.40000E+03   8.48270E-01
   1.50000E+03   5.02779E-02
   1.60000E+03   1.92891E-03
   1.70000E+03   7.34896E-05
   1.80000E+03   2.76529E-06
   1.90000E+03   0.00000E+00
   2.00000E+03   0.00000E+00
   2.12500E+03   0.00000E+00
   2.29850E+03   0.00000E+00
   2.44550E+03   0.00000E+00
   2.64500E+03   0.00000E+00
   2.94150E+03   0.00000E+00
   3.25600E+03   0.00000E+00
   3.59250E+03   0.00000E+00
   3.89500E+03   0.00000E+00
   4.28500E+03   1.11757E-03
   4.74500E+03   0.00000E+00
   5.16000E+03   0.00000E+00
   5.64750E+03   1.09202E-04
   6.15750E+03   0.00000E+00
   6.69000E+03   0.00000E+00
   7.32000E+03   0.00000E+00
   7.98250E+03   4.78958E-05
   8.58250E+03   4.78958E-05
   9.10000E+03   4.78958E-05
   9.50000E+03   0.00000E+00
   1.00250E+04   0.00000E+00
   1.08100E+04   0.00000E+00
   1.15450E+04   0.00000E+00
   1.23300E+04   0.00000E+00
   1.30450E+04   0.00000E+00
   1.38850E+04   0.00000E+00
   1.47350E+04   0.00000E+00
   2.00000E+01   7.82020E-01
   7.00000E+01   2.22895E+00
   1.30000E+02   6.60026E-01
   1.90000E+02   1.37782E-01
   2.50000E+02   2.64078E-02
   3.05000E+02   5.65366E-03
   3.55000E+02   1.37778E-03
   4.10000E+02   2.89879E-04
   4.67500E+02   5.66429E-05
   5.20000E+02   0.00000E+00
   5.81000E+02   0.00000E+00
   6.42000E+02   0.00000E+00
   6.93500E+02   0.00000E+00
   7.60000E+02   0.00000E+00
   8.37500E+02   0.00000E+00
   9.07500E+02   0.00000E+00
   9.70000E+02   0.00000E+00
   1.03250E+03   0.00000E+00
   1.08650E+03   0.00000E+00
   1.15400E+03   9.26307E-03
   1.23750E+03   1.93058E-01
   1.31250E+03   8.46548E-01
   1.40000E+03   8.49557E-01
   1.50000E+03   5.03141E-02
   1.60000E+03   1.93024E-03
   1.70000E+03   7.35401E-05
   1.80000E+03   2.76719E-06
   1.90000E+03   0.00000E+00
   2.00000E+03   0.00000E+00
   2.12500E+03   0.00000E+00
   2.29850E+03   0.00000E+00
   2.44550E+03   0.00000E+00
   2.64500E+03   0.00000E+00
   2.94150E+03   0.00000E+00
   3.25600E+03   0.00000E+00
   3.59250E+03   0.00000E+00
   3.89500E+03   0.00000E+00
   4.28500E+03   1.11834E-03
   4.74500E+03   0.00000E+00
   5.16000E+03   0.00000E+00
   5.64750E+03   1.09277E-04
   6.15750E+03   0.00000E+00
   6.69000E+03   0.00000E+00
   7.32000E+03   0.00000E+00
   7.98250E+03   4.79287E-05
   8.58250E+03   4.79287E-05
   9.10000E+03   4.79287E-05
   9.50000E+03   0.00000E+00
   1.00250E+04   0.00000E+00
   1.08100E+04   0.00000E+00
   1.15450E+04   0.00000E+00
   1.23300E+04   0.00000E+00
   1.30450E+04   0.00000E+00
   1.38850E+04   0.00000E+00
   1.47350E+04   0.00000E+00
