T(K)  p(mbar)  mu(amu)  mean cp(kJ/kg/K)
       75.000000    0.0010000000       2.3419926       12.950746
       75.000000    0.0030000000       2.3419919       12.950746
       75.000000     0.010000000       2.3419925       12.950746
       75.000000     0.030000000       2.3419919       12.950746
       75.000000      0.10000000       2.3419925       12.950746
       75.000000      0.30000000       2.3419919       12.950746
       75.000000       1.0000000       2.3419925       12.950746
       75.000000       3.0000000       2.3419919       12.950746
       75.000000       10.000000       2.3419925       12.950746
       75.000000       30.000000       2.3419919       12.950746
       75.000000       100.00000       2.3419925       12.950746
       75.000000       300.00000       2.3419919       12.950746
       75.000000       1000.0000       2.3419925       12.950746
       75.000000       3000.0000       2.3419919       12.950746
       75.000000       10000.000       2.3419925       12.950746
       100.00000    0.0010000000       2.3430022       12.464769
       100.00000    0.0030000000       2.3430022       12.464769
       100.00000     0.010000000       2.3430022       12.464769
       100.00000     0.030000000       2.3425049       12.464769
       100.00000      0.10000000       2.3421458       12.464769
       100.00000      0.30000000       2.3420432       12.464769
       100.00000       1.0000000       2.3420073       12.464769
       100.00000       3.0000000       2.3419970       12.464769
       100.00000       10.000000       2.3419934       12.464769
       100.00000       30.000000       2.3419924       12.464769
       100.00000       100.00000       2.3419920       12.464769
       100.00000       300.00000       2.3419919       12.464769
       100.00000       1000.0000       2.3419919       12.464769
       100.00000       3000.0000       2.3419919       12.464769
       100.00000       10000.000       2.3419919       12.464769
       100.00000       30000.000       2.3419919       12.464769
       110.00000    0.0010000000       2.3430024       12.404054
       110.00000    0.0030000000       2.3430023       12.404054
       110.00000     0.010000000       2.3430022       12.404054
       110.00000     0.030000000       2.3430022       12.404054
       110.00000      0.10000000       2.3430022       12.404054
       110.00000      0.30000000       2.3430022       12.404054
       110.00000       1.0000000       2.3424193       12.404054
       110.00000       3.0000000       2.3421344       12.404054
       110.00000       10.000000       2.3420346       12.404054
       110.00000       30.000000       2.3420061       12.404054
       110.00000       100.00000       2.3419962       12.404054
       110.00000       300.00000       2.3419933       12.404054
       110.00000       1000.0000       2.3419923       12.404054
       110.00000       3000.0000       2.3419920       12.404054
       110.00000       10000.000       2.3419919       12.404054
       110.00000       30000.000       2.3419919       12.404054
       110.00000       100000.00       2.3419919       12.404054
       120.00000    0.0010000000       2.3430131       12.405402
       120.00000    0.0030000000       2.3430056       12.405402
       120.00000     0.010000000       2.3430039       12.405402
       120.00000     0.030000000       2.3430025       12.405402
       120.00000      0.10000000       2.3430029       12.405402
       120.00000      0.30000000       2.3430022       12.405402
       120.00000       1.0000000       2.3430028       12.405402
       120.00000       3.0000000       2.3430022       12.405402
       120.00000       10.000000       2.3426747       12.405402
       120.00000       30.000000       2.3422193       12.405402
       120.00000       100.00000       2.3420607       12.405402
       120.00000       300.00000       2.3420146       12.405402
       120.00000       1000.0000       2.3419993       12.405402
       120.00000       3000.0000       2.3419942       12.405402
       120.00000       10000.000       2.3419932       12.405402
       120.00000       30000.000       2.3419921       12.405402
       120.00000       100000.00       2.3419926       12.405402
       130.00000    0.0010000000       2.3433619       12.459254
       130.00000    0.0030000000       2.3431221       12.459262
       130.00000     0.010000000       2.3430382       12.459264
       130.00000     0.030000000       2.3430142       12.459265
       130.00000      0.10000000       2.3430058       12.459265
       130.00000      0.30000000       2.3430034       12.459265
       130.00000       1.0000000       2.3430026       12.459265
       130.00000       3.0000000       2.3430023       12.459265
       130.00000       10.000000       2.3430022       12.459265
       130.00000       30.000000       2.3430022       12.459265
       130.00000       100.00000       2.3427028       12.459265
       130.00000       300.00000       2.3422289       12.459265
       130.00000       1000.0000       2.3420630       12.459265
       130.00000       3000.0000       2.3420156       12.459265
       130.00000       10000.000       2.3419990       12.459265
       130.00000       30000.000       2.3419943       12.459265
       130.00000       100000.00       2.3419926       12.459265
       140.00000    0.0010000000       2.3434513       12.555769
       140.00000    0.0030000000       2.3434213       12.555987
       140.00000     0.010000000       2.3434108       12.556063
       140.00000     0.030000000       2.3432560       12.556085
       140.00000      0.10000000       2.3430783       12.556093
       140.00000      0.30000000       2.3430276       12.556095
       140.00000       1.0000000       2.3430098       12.556096
       140.00000       3.0000000       2.3430047       12.556096
       140.00000       10.000000       2.3430030       12.556096
       140.00000       30.000000       2.3430025       12.556096
       140.00000       100.00000       2.3430023       12.556096
       140.00000       300.00000       2.3430022       12.556096
       140.00000       1000.0000       2.3425220       12.556096
       140.00000       3000.0000       2.3421686       12.556096
       140.00000       10000.000       2.3420449       12.556096
       140.00000       30000.000       2.3420096       12.556096
       140.00000       100000.00       2.3419972       12.556096
       150.00000    0.0010000000       2.3442596       12.680091
       150.00000    0.0030000000       2.3436905       12.684260
       150.00000     0.010000000       2.3434922       12.685719
       150.00000     0.030000000       2.3434347       12.686136
       150.00000      0.10000000       2.3434154       12.686282
       150.00000      0.30000000       2.3433599       12.686324
       150.00000       1.0000000       2.3431101       12.686339
       150.00000       3.0000000       2.3430380       12.686343
       150.00000       10.000000       2.3430136       12.686344
       150.00000       30.000000       2.3430058       12.686345
       150.00000       100.00000       2.3430039       12.686345
       150.00000       300.00000       2.3430026       12.686345
       150.00000       1000.0000       2.3430029       12.686345
       150.00000       3000.0000       2.3429998       12.686345
       150.00000       10000.000       2.3422949       12.686345
       150.00000       30000.000       2.3420927       12.686345
       150.00000       100000.00       2.3420228       12.686345
       160.00000    0.0010000000       2.3498360       12.792778
       160.00000    0.0030000000       2.3471248       12.812830
       160.00000     0.010000000       2.3445198       12.832160
       160.00000     0.030000000       2.3437785       12.837695
       160.00000      0.10000000       2.3435179       12.839634
       160.00000      0.30000000       2.3434435       12.840188
       160.00000       1.0000000       2.3434174       12.840382
       160.00000       3.0000000       2.3433646       12.840437
       160.00000       10.000000       2.3431109       12.840456
       160.00000       30.000000       2.3430384       12.840462
       160.00000       100.00000       2.3430131       12.840464
       160.00000       300.00000       2.3430058       12.840464
       160.00000       1000.0000       2.3430033       12.840465
       160.00000       3000.0000       2.3430026       12.840465
       160.00000       10000.000       2.3430023       12.840465
       160.00000       30000.000       2.3424544       12.840465
       160.00000       100000.00       2.3421306       12.840465
       170.00000    0.0010000000       2.3498361       12.960485
       170.00000    0.0030000000       2.3498360       12.960487
       170.00000     0.010000000       2.3498360       12.960487
       170.00000     0.030000000       2.3470046       12.981751
       170.00000      0.10000000       2.3444837       13.000746
       170.00000      0.30000000       2.3437633       13.006185
       170.00000       1.0000000       2.3435143       13.008090
       170.00000       3.0000000       2.3434423       13.008634
       170.00000       10.000000       2.3434171       13.008825
       170.00000       30.000000       2.3432820       13.008879
       170.00000       100.00000       2.3430861       13.008898
       170.00000       300.00000       2.3430302       13.008904
       170.00000       1000.0000       2.3430106       13.008906
       170.00000       3000.0000       2.3430050       13.008906
       170.00000       10000.000       2.3430030       13.008906
       170.00000       30000.000       2.3430025       13.008906
       170.00000       100000.00       2.3425241       13.008907
       180.00000    0.0010000000       2.3498393       13.132946
       180.00000    0.0030000000       2.3498398       13.132947
       180.00000     0.010000000       2.3498392       13.132947
       180.00000     0.030000000       2.3498398       13.132947
       180.00000      0.10000000       2.3498393       13.132946
       180.00000      0.30000000       2.3461153       13.161371
       180.00000       1.0000000       2.3442189       13.175889
       180.00000       3.0000000       2.3436778       13.180044
       180.00000       10.000000       2.3434907       13.181498
       180.00000       30.000000       2.3434371       13.181914
       180.00000       100.00000       2.3434175       13.182060
       180.00000       300.00000       2.3431782       13.182101
       180.00000       1000.0000       2.3430570       13.182116
       180.00000       3000.0000       2.3430232       13.182120
       180.00000       10000.000       2.3430105       13.182121
       180.00000       30000.000       2.3430077       13.182122
       180.00000       100000.00       2.3430059       13.182122
       190.00000    0.0010000000       2.3498392       13.300655
       190.00000    0.0030000000       2.3498392       13.300655
       190.00000     0.010000000       2.3498392       13.300655
       190.00000     0.030000000       2.3498392       13.300655
       190.00000      0.10000000       2.3498392       13.300655
       190.00000      0.30000000       2.3498394       13.300654
       190.00000       1.0000000       2.3483464       13.312202
       190.00000       3.0000000       2.3450533       13.337749
       190.00000       10.000000       2.3439036       13.346716
       190.00000       30.000000       2.3435741       13.349281
       190.00000       100.00000       2.3434620       13.350179
       190.00000       300.00000       2.3434290       13.350435
       190.00000       1000.0000       2.3432713       13.350525
       190.00000       3000.0000       2.3430961       13.350553
       190.00000       10000.000       2.3430348       13.350560
       190.00000       30000.000       2.3430173       13.350562
       190.00000       100000.00       2.3430111       13.350563
       200.00000    0.0010000000       2.3498392       13.454103
       200.00000    0.0030000000       2.3498392       13.454103
       200.00000     0.010000000       2.3498392       13.454103
       200.00000     0.030000000       2.3498392       13.454103
       200.00000      0.10000000       2.3498392       13.454103
       200.00000      0.30000000       2.3498393       13.454102
       200.00000       1.0000000       2.3498392       13.454104
       200.00000       3.0000000       2.3498392       13.454107
       200.00000       10.000000       2.3459177       13.484916
       200.00000       30.000000       2.3442456       13.498090
       200.00000       100.00000       2.3436641       13.502705
       200.00000       300.00000       2.3434962       13.504025
       200.00000       1000.0000       2.3434383       13.504488
       200.00000       3000.0000       2.3433873       13.504628
       200.00000       10000.000       2.3431228       13.504666
       200.00000       30000.000       2.3430464       13.504677
       200.00000       100000.00       2.3430205       13.504680
       210.00000    0.0010000000       2.3498398       13.586295
       210.00000    0.0030000000       2.3498392       13.586296
       210.00000     0.010000000       2.3498398       13.586296
       210.00000     0.030000000       2.3498392       13.586296
       210.00000      0.10000000       2.3498398       13.586296
       210.00000      0.30000000       2.3498392       13.586297
       210.00000       1.0000000       2.3498398       13.586297
       210.00000       3.0000000       2.3498392       13.586300
       210.00000       10.000000       2.3498432       13.586302
       210.00000       30.000000       2.3470459       13.608511
       210.00000       100.00000       2.3445041       13.628762
       210.00000       300.00000       2.3437769       13.634563
       210.00000       1000.0000       2.3435223       13.636601
       210.00000       3000.0000       2.3434496       13.637218
       210.00000       10000.000       2.3434241       13.637384
       210.00000       30000.000       2.3431517       13.637430
       210.00000       100000.00       2.3430519       13.637447
       220.00000    0.0010000000       2.3498423       13.700286
       220.00000    0.0030000000       2.3498424       13.700292
       220.00000     0.010000000       2.3498392       13.700294
       220.00000     0.030000000       2.3498392       13.700294
       220.00000      0.10000000       2.3498392       13.700294
       220.00000      0.30000000       2.3498392       13.700295
       220.00000       1.0000000       2.3498392       13.700295
       220.00000       3.0000000       2.3498393       13.700297
       220.00000       10.000000       2.3498424       13.700301
       220.00000       30.000000       2.3498426       13.700329
       220.00000       100.00000       2.3475627       13.718624
       220.00000       300.00000       2.3447962       13.740853
       220.00000       1000.0000       2.3438277       13.748674
       220.00000       3000.0000       2.3435509       13.751042
       220.00000       10000.000       2.3434541       13.751681
       220.00000       30000.000       2.3434264       13.751860
       220.00000       100000.00       2.3431513       13.751923
       230.00000    0.0010000000       2.3498413       13.801461
       230.00000    0.0030000000       2.3498423       13.801515
       230.00000     0.010000000       2.3498424       13.801522
       230.00000     0.030000000       2.3498424       13.801522
       230.00000      0.10000000       2.3498392       13.801523
       230.00000      0.30000000       2.3498392       13.801524
       230.00000       1.0000000       2.3498392       13.801524
       230.00000       3.0000000       2.3498392       13.801527
       230.00000       10.000000       2.3498426       13.801529
       230.00000       30.000000       2.3498426       13.801558
       230.00000       100.00000       2.3498464       13.801593
       230.00000       300.00000       2.3480985       13.815794
       230.00000       1000.0000       2.3448193       13.842434
       230.00000       3000.0000       2.3438813       13.850515
       230.00000       10000.000       2.3435538       13.852700
       230.00000       30000.000       2.3434594       13.853315
       230.00000       100000.00       2.3434273       13.853530
       240.00000    0.0010000000       2.3498394       13.891707
       240.00000    0.0030000000       2.3498454       13.892053
       240.00000     0.010000000       2.3498430       13.892098
       240.00000     0.030000000       2.3498424       13.892102
       240.00000      0.10000000       2.3498430       13.892102
       240.00000      0.30000000       2.3498392       13.892104
       240.00000       1.0000000       2.3498398       13.892104
       240.00000       3.0000000       2.3498392       13.892107
       240.00000       10.000000       2.3498432       13.892109
       240.00000       30.000000       2.3498424       13.892139
       240.00000       100.00000       2.3498464       13.892173
       240.00000       300.00000       2.3498464       13.892324
       240.00000       1000.0000       2.3477150       13.910167
       240.00000       3000.0000       2.3448474       13.935009
       240.00000       10000.000       2.3438435       13.941752
       240.00000       30000.000       2.3435567       13.943649
       240.00000       100000.00       2.3434562       13.944313
       250.00000    0.0010000000       2.3497974       13.969234
       250.00000    0.0030000000       2.3498407       13.970570
       250.00000     0.010000000       2.3498458       13.970817
       250.00000     0.030000000       2.3498423       13.970841
       250.00000      0.10000000       2.3498430       13.970844
       250.00000      0.30000000       2.3498426       13.970843
       250.00000       1.0000000       2.3498430       13.970845
       250.00000       3.0000000       2.3498424       13.970848
       250.00000       10.000000       2.3498431       13.970852
       250.00000       30.000000       2.3498426       13.970880
       250.00000       100.00000       2.3498465       13.970915
       250.00000       300.00000       2.3498458       13.971066
       250.00000       1000.0000       2.3498464       13.971916
       250.00000       3000.0000       2.3474250       13.996686
       250.00000       10000.000       2.3446172       14.015661
       250.00000       30000.000       2.3438139       14.021008
       250.00000       100000.00       2.3435336       14.022880
       260.00000    0.0010000000       2.3497549       14.033646
       260.00000    0.0030000000       2.3498061       14.036112
       260.00000     0.010000000       2.3498433       14.037096
       260.00000     0.030000000       2.3498460       14.037216
       260.00000      0.10000000       2.3498424       14.037232
       260.00000      0.30000000       2.3498430       14.037233
       260.00000       1.0000000       2.3498424       14.037234
       260.00000       3.0000000       2.3498432       14.037236
       260.00000       10.000000       2.3498424       14.037241
       260.00000       30.000000       2.3498431       14.037270
       260.00000       100.00000       2.3498458       14.037304
       260.00000       300.00000       2.3498464       14.037455
       260.00000       1000.0000       2.3498458       14.038305
       260.00000       3000.0000       2.3498464       14.046849
       260.00000       10000.000       2.3465245       14.069509
       260.00000       30000.000       2.3444507       14.083401
       260.00000       100000.00       2.3437238       14.088270
       260.00000       300000.00       2.3435169       14.089663
       270.00000    0.0010000000       2.3497014       14.088958
       270.00000    0.0030000000       2.3497739       14.091224
       270.00000     0.010000000       2.3498394       14.093455
       270.00000     0.030000000       2.3498444       14.093951
       270.00000      0.10000000       2.3498455       14.094017
       270.00000      0.30000000       2.3498456       14.094023
       270.00000       1.0000000       2.3498424       14.094025
       270.00000       3.0000000       2.3498424       14.094028
       270.00000       10.000000       2.3498424       14.094032
       270.00000       30.000000       2.3498426       14.094060
       270.00000       100.00000       2.3498458       14.094095
       270.00000       300.00000       2.3498458       14.094246
       270.00000       1000.0000       2.3498458       14.095096
       270.00000       3000.0000       2.3498458       14.103640
       270.00000       10000.000       2.3498458       14.104132
       270.00000       30000.000       2.3459121       14.130548
       270.00000       100000.00       2.3441625       14.142332
       270.00000       300000.00       2.3436626       14.145705
       275.00000    0.0010000000       2.3496559       14.114564
       275.00000    0.0030000000       2.3497499       14.116246
       275.00000     0.010000000       2.3498104       14.118909
       275.00000     0.030000000       2.3498461       14.119788
       275.00000      0.10000000       2.3498454       14.119923
       275.00000      0.30000000       2.3498456       14.119935
       275.00000       1.0000000       2.3498424       14.119938
       275.00000       3.0000000       2.3498424       14.119941
       275.00000       10.000000       2.3498424       14.119945
       275.00000       30.000000       2.3498426       14.119973
       275.00000       100.00000       2.3498458       14.120008
       275.00000       300.00000       2.3498458       14.120159
       275.00000       1000.0000       2.3498458       14.121009
       275.00000       3000.0000       2.3498458       14.129553
       275.00000       10000.000       2.3498458       14.130045
       275.00000       30000.000       2.3471706       14.148041
       275.00000       100000.00       2.3445401       14.165787
       275.00000       300000.00       2.3437885       14.170870
       280.00000    0.0010000000       2.3495767       14.139316
       280.00000    0.0030000000       2.3497248       14.140247
       280.00000     0.010000000       2.3497955       14.143005
       280.00000     0.030000000       2.3498441       14.144394
       280.00000      0.10000000       2.3498458       14.144656
       280.00000      0.30000000       2.3498456       14.144681
       280.00000       1.0000000       2.3498462       14.144685
       280.00000       3.0000000       2.3498424       14.144689
       280.00000       10.000000       2.3498430       14.144693
       280.00000       30.000000       2.3498424       14.144722
       280.00000       100.00000       2.3498464       14.144755
       280.00000       300.00000       2.3498458       14.144907
       280.00000       1000.0000       2.3498464       14.145757
       280.00000       3000.0000       2.3498458       14.154301
       280.00000       10000.000       2.3498464       14.154792
       280.00000       30000.000       2.3486816       14.162633
       280.00000       100000.00       2.3449942       14.187545
       280.00000       300000.00       2.3439396       14.194688
       290.00000    0.0010000000       2.3494404       14.185342
       290.00000    0.0030000000       2.3496258       14.185041
       290.00000     0.010000000       2.3497600       14.186967
       290.00000     0.030000000       2.3498119       14.189315
       290.00000      0.10000000       2.3498475       14.190137
       290.00000      0.30000000       2.3498454       14.190232
       290.00000       1.0000000       2.3498462       14.190243
       290.00000       3.0000000       2.3498456       14.190247
       290.00000       10.000000       2.3498424       14.190252
       290.00000       30.000000       2.3498456       14.190280
       290.00000       100.00000       2.3498464       14.190315
       290.00000       300.00000       2.3498458       14.190467
       290.00000       1000.0000       2.3498464       14.191316
       290.00000       3000.0000       2.3498458       14.199861
       290.00000       10000.000       2.3498464       14.200352
       290.00000       30000.000       2.3498458       14.200346
       290.00000       100000.00       2.3464150       14.223578
       290.00000       300000.00       2.3444133       14.237185
       300.00000    0.0010000000       2.3496458       14.222173
       300.00000    0.0030000000       2.3496554       14.222770
       300.00000     0.010000000       2.3496915       14.224476
       300.00000     0.030000000       2.3497570       14.227136
       300.00000      0.10000000       2.3497916       14.228963
       300.00000      0.30000000       2.3497968       14.229278
       300.00000       1.0000000       2.3497975       14.229318
       300.00000       3.0000000       2.3497976       14.229324
       300.00000       10.000000       2.3497976       14.229328
       300.00000       30.000000       2.3497976       14.229357
       300.00000       100.00000       2.3497975       14.229393
       300.00000       300.00000       2.3497975       14.229545
       300.00000       1000.0000       2.3497975       14.230394
       300.00000       3000.0000       2.3497975       14.238935
       300.00000       10000.000       2.3497975       14.239426
       300.00000       30000.000       2.3497975       14.239420
       300.00000       100000.00       2.3488266       14.245958
       300.00000       300000.00       2.3451873       14.270751
       310.00000    0.0010000000       2.3496429       14.253710
       310.00000    0.0030000000       2.3496492       14.254053
       310.00000     0.010000000       2.3496671       14.255127
       310.00000     0.030000000       2.3497274       14.257321
       310.00000      0.10000000       2.3497812       14.260033
       310.00000      0.30000000       2.3497946       14.260877
       310.00000       1.0000000       2.3497974       14.261004
       310.00000       3.0000000       2.3497969       14.261018
       310.00000       10.000000       2.3497976       14.261023
       310.00000       30.000000       2.3497969       14.261053
       310.00000       100.00000       2.3497976       14.261088
       310.00000       300.00000       2.3497969       14.261240
       310.00000       1000.0000       2.3497976       14.262090
       310.00000       3000.0000       2.3497969       14.270630
       310.00000       10000.000       2.3497976       14.271121
       310.00000       30000.000       2.3497969       14.271115
       310.00000       100000.00       2.3497976       14.271043
       310.00000       300000.00       2.3465523       14.293142
       320.00000    0.0010000000       2.3496415       14.279803
       320.00000    0.0030000000       2.3496449       14.280003
       320.00000     0.010000000       2.3496560       14.280660
       320.00000     0.030000000       2.3496888       14.282213
       320.00000      0.10000000       2.3497590       14.285115
       320.00000      0.30000000       2.3497911       14.286800
       320.00000       1.0000000       2.3497969       14.287161
       320.00000       3.0000000       2.3497975       14.287198
       320.00000       10.000000       2.3497975       14.287206
       320.00000       30.000000       2.3497977       14.287236
       320.00000       100.00000       2.3497976       14.287272
       320.00000       300.00000       2.3497976       14.287423
       320.00000       1000.0000       2.3497975       14.288273
       320.00000       3000.0000       2.3497976       14.296813
       320.00000       10000.000       2.3497975       14.297304
       320.00000       30000.000       2.3497976       14.297298
       320.00000       100000.00       2.3497975       14.297226
       320.00000       300000.00       2.3487509       14.304243
       330.00000    0.0010000000       2.3496407       14.302860
       330.00000    0.0030000000       2.3496428       14.302980
       330.00000     0.010000000       2.3496496       14.303382
       330.00000     0.030000000       2.3496673       14.304410
       330.00000      0.10000000       2.3497163       14.306889
       330.00000      0.30000000       2.3497814       14.309337
       330.00000       1.0000000       2.3497957       14.310200
       330.00000       3.0000000       2.3497974       14.310302
       330.00000       10.000000       2.3497975       14.310318
       330.00000       30.000000       2.3497976       14.310348
       330.00000       100.00000       2.3497976       14.310384
       330.00000       300.00000       2.3497976       14.310535
       330.00000       1000.0000       2.3497976       14.311385
       330.00000       3000.0000       2.3497976       14.319925
       330.00000       10000.000       2.3497976       14.320416
       330.00000       30000.000       2.3497976       14.320411
       330.00000       100000.00       2.3497976       14.320339
       330.00000       300000.00       2.3497976       14.320160
       340.00000    0.0010000000       2.3496404       14.323658
       340.00000    0.0030000000       2.3496416       14.323731
       340.00000     0.010000000       2.3496458       14.323980
       340.00000     0.030000000       2.3496570       14.324647
       340.00000      0.10000000       2.3496957       14.326507
       340.00000      0.30000000       2.3497616       14.329211
       340.00000       1.0000000       2.3497928       14.330854
       340.00000       3.0000000       2.3497970       14.331114
       340.00000       10.000000       2.3497975       14.331149
       340.00000       30.000000       2.3497976       14.331181
       340.00000       100.00000       2.3497976       14.331217
       340.00000       300.00000       2.3497976       14.331369
       340.00000       1000.0000       2.3497976       14.332218
       340.00000       3000.0000       2.3497976       14.340758
       340.00000       10000.000       2.3497976       14.341249
       340.00000       30000.000       2.3497976       14.341244
       340.00000       100000.00       2.3497976       14.341172
       340.00000       300000.00       2.3497976       14.340993
       350.00000    0.0010000000       2.3496401       14.341330
       350.00000    0.0030000000       2.3496409       14.341375
       350.00000     0.010000000       2.3496435       14.341533
       350.00000     0.030000000       2.3496507       14.341965
       350.00000      0.10000000       2.3496771       14.343274
       350.00000      0.30000000       2.3497249       14.345723
       350.00000       1.0000000       2.3497864       14.348163
       350.00000       3.0000000       2.3497962       14.348755
       350.00000       10.000000       2.3497974       14.348839
       350.00000       30.000000       2.3497976       14.348876
       350.00000       100.00000       2.3497975       14.348913
       350.00000       300.00000       2.3497976       14.349064
       350.00000       1000.0000       2.3497976       14.349914
       350.00000       3000.0000       2.3497976       14.358454
       350.00000       10000.000       2.3497975       14.358945
       350.00000       30000.000       2.3497976       14.358939
       350.00000       100000.00       2.3497975       14.358867
       350.00000       300000.00       2.3497976       14.358689
       375.00000    0.0010000000       2.3496405       14.371276
       375.00000    0.0030000000       2.3496401       14.371291
       375.00000     0.010000000       2.3496417       14.371345
       375.00000     0.030000000       2.3496436       14.371497
       375.00000      0.10000000       2.3496528       14.372006
       375.00000      0.30000000       2.3496768       14.373264
       375.00000       1.0000000       2.3497302       14.376005
       375.00000       3.0000000       2.3497866       14.378158
       375.00000       10.000000       2.3497964       14.378755
       375.00000       30.000000       2.3497974       14.378845
       375.00000       100.00000       2.3497975       14.378888
       375.00000       300.00000       2.3497975       14.379038
       375.00000       1000.0000       2.3497976       14.379872
       375.00000       3000.0000       2.3497976       14.388242
       375.00000       10000.000       2.3497975       14.388760
       375.00000       30000.000       2.3497975       14.388928
       375.00000       100000.00       2.3497975       14.388862
       375.00000       300000.00       2.3497975       14.388680
       400.00000    0.0010000000       2.3496392       14.391377
       400.00000    0.0030000000       2.3496393       14.391383
       400.00000     0.010000000       2.3496397       14.391404
       400.00000     0.030000000       2.3496406       14.391463
       400.00000      0.10000000       2.3496441       14.391666
       400.00000      0.30000000       2.3496533       14.392217
       400.00000       1.0000000       2.3496838       14.393824
       400.00000       3.0000000       2.3497525       14.396472
       400.00000       10.000000       2.3497898       14.398505
       400.00000       30.000000       2.3497962       14.398907
       400.00000       100.00000       2.3497970       14.398984
       400.00000       300.00000       2.3497971       14.399106
       400.00000       1000.0000       2.3497971       14.399745
       400.00000       3000.0000       2.3497971       14.405882
       400.00000       10000.000       2.3497971       14.406762
       400.00000       30000.000       2.3497971       14.409185
       400.00000       100000.00       2.3497971       14.409205
       400.00000       300000.00       2.3497971       14.408971
       425.00000    0.0010000000       2.3496390       14.404254
       425.00000    0.0030000000       2.3496392       14.404255
       425.00000     0.010000000       2.3496393       14.404264
       425.00000     0.030000000       2.3496397       14.404290
       425.00000      0.10000000       2.3496412       14.404377
       425.00000      0.30000000       2.3496453       14.404623
       425.00000       1.0000000       2.3496589       14.405418
       425.00000       3.0000000       2.3496958       14.407218
       425.00000       10.000000       2.3497661       14.410173
       425.00000       30.000000       2.3497924       14.411559
       425.00000       100.00000       2.3497966       14.411831
       425.00000       300.00000       2.3497971       14.411944
       425.00000       1000.0000       2.3497971       14.412397
       425.00000       3000.0000       2.3497971       14.416442
       425.00000       10000.000       2.3497971       14.417676
       425.00000       30000.000       2.3497971       14.422202
       425.00000       100000.00       2.3497971       14.422307
       425.00000       300000.00       2.3497971       14.422022
       450.00000    0.0010000000       2.3496395       14.411738
       450.00000    0.0030000000       2.3496397       14.411738
       450.00000     0.010000000       2.3496399       14.411741
       450.00000     0.030000000       2.3496401       14.411753
       450.00000      0.10000000       2.3496407       14.411794
       450.00000      0.30000000       2.3496427       14.411910
       450.00000       1.0000000       2.3496493       14.412303
       450.00000       3.0000000       2.3496664       14.413310
       450.00000       10.000000       2.3497303       14.415766
       450.00000       30.000000       2.3497629       14.418282
       450.00000       100.00000       2.3497951       14.419209
       450.00000       300.00000       2.3497968       14.419379
       450.00000       1000.0000       2.3497971       14.419660
       450.00000       3000.0000       2.3497971       14.421737
       450.00000       10000.000       2.3497971       14.423316
       450.00000       30000.000       2.3497971       14.429816
       450.00000       100000.00       2.3497971       14.430003
       450.00000       300000.00       2.3497971       14.429665
       475.00000    0.0010000000       2.3496158       14.416544
       475.00000    0.0030000000       2.3496394       14.416521
       475.00000     0.010000000       2.3496392       14.416521
       475.00000     0.030000000       2.3496398       14.416528
       475.00000      0.10000000       2.3496396       14.416548
       475.00000      0.30000000       2.3496412       14.416606
       475.00000       1.0000000       2.3496440       14.416808
       475.00000       3.0000000       2.3496537       14.417354
       475.00000       10.000000       2.3496833       14.418948
       475.00000       30.000000       2.3497513       14.421600
       475.00000       100.00000       2.3497897       14.423663
       475.00000       300.00000       2.3497955       14.424094
       475.00000       1000.0000       2.3497970       14.424316
       475.00000       3000.0000       2.3497964       14.425396
       475.00000       10000.000       2.3497971       14.426970
       475.00000       30000.000       2.3497965       14.433565
       475.00000       100000.00       2.3497971       14.435282
       475.00000       300000.00       2.3497965       14.434917
       500.00000    0.0010000000       2.3495803       14.422503
       500.00000    0.0030000000       2.3496296       14.422237
       500.00000     0.010000000       2.3496385       14.422204
       500.00000     0.030000000       2.3496391       14.422204
       500.00000      0.10000000       2.3496393       14.422215
       500.00000      0.30000000       2.3496400       14.422246
       500.00000       1.0000000       2.3496418       14.422354
       500.00000       3.0000000       2.3496468       14.422656
       500.00000       10.000000       2.3496632       14.423616
       500.00000       30.000000       2.3497208       14.425672
       500.00000       100.00000       2.3497563       14.428549
       500.00000       300.00000       2.3497940       14.429620
       500.00000       1000.0000       2.3497968       14.429885
       500.00000       3000.0000       2.3497971       14.430193
       500.00000       10000.000       2.3497971       14.431694
       500.00000       30000.000       2.3497971       14.438039
       500.00000       100000.00       2.3497971       14.441572
       500.00000       300000.00       2.3497971       14.441104
       575.00000    0.0010000000       2.3485905       14.457293
       575.00000    0.0030000000       2.3487866       14.456487
       575.00000     0.010000000       2.3493021       14.454499
       575.00000     0.030000000       2.3495831       14.453393
       575.00000      0.10000000       2.3496144       14.453175
       575.00000      0.30000000       2.3496386       14.453160
       575.00000       1.0000000       2.3496395       14.453179
       575.00000       3.0000000       2.3496406       14.453244
       575.00000       10.000000       2.3496444       14.453463
       575.00000       30.000000       2.3496543       14.454059
       575.00000       100.00000       2.3496895       14.455764
       575.00000       300.00000       2.3497550       14.458468
       575.00000       1000.0000       2.3497908       14.460413
       575.00000       3000.0000       2.3497963       14.460884
       575.00000       10000.000       2.3497970       14.461536
       575.00000       30000.000       2.3497971       14.463917
       575.00000       100000.00       2.3497971       14.474370
       575.00000       300000.00       2.3497971       14.482297
       650.00000    0.0010000000       2.3485591       14.487086
       650.00000    0.0030000000       2.3485576       14.487079
       650.00000     0.010000000       2.3485595       14.487007
       650.00000     0.030000000       2.3486910       14.486559
       650.00000      0.10000000       2.3491604       14.485021
       650.00000      0.30000000       2.3495231       14.483759
       650.00000       1.0000000       2.3496271       14.483433
       650.00000       3.0000000       2.3496384       14.483418
       650.00000       10.000000       2.3496410       14.483479
       650.00000       30.000000       2.3496436       14.483661
       650.00000       100.00000       2.3496544       14.484264
       650.00000       300.00000       2.3496821       14.485720
       650.00000       1000.0000       2.3497534       14.488626
       650.00000       3000.0000       2.3497889       14.490585
       650.00000       10000.000       2.3497956       14.491299
       650.00000       30000.000       2.3497970       14.492315
       650.00000       100000.00       2.3497964       14.499935
       650.00000       300000.00       2.3497971       14.546607
       725.00000    0.0010000000       2.3486048       14.539773
       725.00000    0.0030000000       2.3486046       14.539775
       725.00000     0.010000000       2.3486049       14.539774
       725.00000     0.030000000       2.3485885       14.539764
       725.00000      0.10000000       2.3485938       14.539678
       725.00000      0.30000000       2.3487588       14.539176
       725.00000       1.0000000       2.3492385       14.537772
       725.00000       3.0000000       2.3495563       14.536865
       725.00000       10.000000       2.3496137       14.536692
       725.00000       30.000000       2.3496400       14.536741
       725.00000       100.00000       2.3496445       14.536972
       725.00000       300.00000       2.3496552       14.537599
       725.00000       1000.0000       2.3496922       14.539388
       725.00000       3000.0000       2.3497578       14.542150
       725.00000       10000.000       2.3497914       14.544128
       725.00000       30000.000       2.3497964       14.544931
       725.00000       100000.00       2.3497970       14.548698
       725.00000       300000.00       2.3497971       14.580780
       800.00000    0.0010000000       2.3486048       14.626565
       800.00000    0.0030000000       2.3486048       14.626565
       800.00000     0.010000000       2.3486048       14.626565
       800.00000     0.030000000       2.3486049       14.626564
       800.00000      0.10000000       2.3486095       14.626561
       800.00000      0.30000000       2.3486160       14.626540
       800.00000       1.0000000       2.3486831       14.626341
       800.00000       3.0000000       2.3489794       14.625558
       800.00000       10.000000       2.3494523       14.624384
       800.00000       30.000000       2.3496186       14.624037
       800.00000       100.00000       2.3496403       14.624085
       800.00000       300.00000       2.3496464       14.624371
       800.00000       1000.0000       2.3496620       14.625302
       800.00000       3000.0000       2.3497186       14.627335
       800.00000       10000.000       2.3497715       14.630379
       800.00000       30000.000       2.3497937       14.631834
       800.00000       100000.00       2.3497971       14.633552
       800.00000       300000.00       2.3497979       14.640171
       900.00000    0.0010000000       2.3486093       14.746045
       900.00000    0.0030000000       2.3486092       14.746045
       900.00000     0.010000000       2.3486090       14.746045
       900.00000     0.030000000       2.3486089       14.746045
       900.00000      0.10000000       2.3486089       14.746045
       900.00000      0.30000000       2.3486089       14.746046
       900.00000       1.0000000       2.3486109       14.746041
       900.00000       3.0000000       2.3486274       14.746005
       900.00000       10.000000       2.3487862       14.745711
       900.00000       30.000000       2.3492216       14.744928
       900.00000       100.00000       2.3496072       14.744258
       900.00000       300.00000       2.3496347       14.744239
       900.00000       1000.0000       2.3496555       14.744633
       900.00000       3000.0000       2.3496698       14.745688
       900.00000       10000.000       2.3497170       14.748278
       900.00000       30000.000       2.3497833       14.750996
       900.00000       100000.00       2.3498019       14.752709
       900.00000       300000.00       2.3498087       14.755531
       1000.0000    0.0010000000       2.3486121       14.895284
       1000.0000    0.0030000000       2.3486125       14.895292
       1000.0000     0.010000000       2.3486126       14.895304
       1000.0000     0.030000000       2.3486111       14.895313
       1000.0000      0.10000000       2.3486109       14.895320
       1000.0000      0.30000000       2.3486096       14.895324
       1000.0000       1.0000000       2.3486097       14.895328
       1000.0000       3.0000000       2.3486099       14.895327
       1000.0000       10.000000       2.3486202       14.895313
       1000.0000       30.000000       2.3487121       14.895205
       1000.0000       100.00000       2.3491029       14.894709
       1000.0000       300.00000       2.3495408       14.894181
       1000.0000       1000.0000       2.3496823       14.894178
       1000.0000       3000.0000       2.3497245       14.894706
       1000.0000       10000.000       2.3497160       14.896345
       1000.0000       30000.000       2.3497733       14.899167
       1000.0000       100000.00       2.3498067       14.901830
       1000.0000       300000.00       2.3498117       14.903830
       1100.0000    0.0010000000       2.3486671       15.064310
       1100.0000    0.0030000000       2.3486225       15.064384
       1100.0000     0.010000000       2.3486093       15.064411
       1100.0000     0.030000000       2.3486134       15.064414
       1100.0000      0.10000000       2.3486139       15.064419
       1100.0000      0.30000000       2.3486154       15.064421
       1100.0000       1.0000000       2.3486153       15.064421
       1100.0000       3.0000000       2.3486162       15.064421
       1100.0000       10.000000       2.3486164       15.064423
       1100.0000       30.000000       2.3486248       15.064419
       1100.0000       100.00000       2.3487168       15.064360
       1100.0000       300.00000       2.3490461       15.064096
       1100.0000       1000.0000       2.3495474       15.063763
       1100.0000       3000.0000       2.3496932       15.063940
       1100.0000       10000.000       2.3497471       15.064951
       1100.0000       30000.000       2.3497871       15.067176
       1100.0000       100000.00       2.3498321       15.070510
       1100.0000       300000.00       2.3498225       15.072618
       1200.0000    0.0010000000       2.3516182       15.246273
       1200.0000    0.0030000000       2.3504326       15.249705
       1200.0000     0.010000000       2.3492084       15.251978
       1200.0000     0.030000000       2.3487885       15.252916
       1200.0000      0.10000000       2.3486617       15.253271
       1200.0000      0.30000000       2.3486246       15.253376
       1200.0000       1.0000000       2.3486160       15.253413
       1200.0000       3.0000000       2.3486152       15.253423
       1200.0000       10.000000       2.3486160       15.253427
       1200.0000       30.000000       2.3486177       15.253430
       1200.0000       100.00000       2.3486300       15.253428
       1200.0000       300.00000       2.3487285       15.253410
       1200.0000       1000.0000       2.3491312       15.253287
       1200.0000       3000.0000       2.3495529       15.253217
       1200.0000       10000.000       2.3497232       15.253875
       1200.0000       30000.000       2.3497632       15.255481
       1200.0000       100000.00       2.3498370       15.258776
       1200.0000       300000.00       2.3498706       15.261445
       1300.0000    0.0010000000       2.3510262       15.443047
       1300.0000    0.0030000000       2.3515678       15.443008
       1300.0000     0.010000000       2.3519086       15.442978
       1300.0000     0.030000000       2.3520852       15.442963
       1300.0000      0.10000000       2.3504374       15.447240
       1300.0000      0.30000000       2.3496227       15.449416
       1300.0000       1.0000000       2.3489252       15.451375
       1300.0000       3.0000000       2.3487111       15.452015
       1300.0000       10.000000       2.3486388       15.452251
       1300.0000       30.000000       2.3486219       15.452322
       1300.0000       100.00000       2.3486205       15.452348
       1300.0000       300.00000       2.3486535       15.452375
       1300.0000       1000.0000       2.3487969       15.452433
       1300.0000       3000.0000       2.3492283       15.452450
       1300.0000       10000.000       2.3496519       15.453085
       1300.0000       30000.000       2.3497236       15.454256
       1300.0000       100000.00       2.3498012       15.457123
       1300.0000       300000.00       2.3498624       15.460283
       1400.0000    0.0010000000       2.3469004       15.671595
       1400.0000    0.0030000000       2.3491531       15.671634
       1400.0000     0.010000000       2.3505889       15.671625
       1400.0000     0.030000000       2.3513161       15.671606
       1400.0000      0.10000000       2.3517779       15.671592
       1400.0000      0.30000000       2.3520248       15.671582
       1400.0000       1.0000000       2.3515271       15.671576
       1400.0000       3.0000000       2.3502174       15.675651
       1400.0000       10.000000       2.3495815       15.678013
       1400.0000       30.000000       2.3489467       15.679928
       1400.0000       100.00000       2.3486974       15.680722
       1400.0000       300.00000       2.3486545       15.680973
       1400.0000       1000.0000       2.3486887       15.681138
       1400.0000       3000.0000       2.3489128       15.681460
       1400.0000       10000.000       2.3494365       15.682265
       1400.0000       30000.000       2.3496833       15.683344
       1400.0000       100000.00       2.3497960       15.685754
       1400.0000       300000.00       2.3498343       15.689107
       1500.0000    0.0010000000       2.3333259       15.919429
       1500.0000    0.0030000000       2.3412304       15.919792
       1500.0000     0.010000000       2.3461828       15.919978
       1500.0000     0.030000000       2.3487532       15.920037
       1500.0000      0.10000000       2.3503707       15.920051
       1500.0000      0.30000000       2.3511971       15.920050
       1500.0000       1.0000000       2.3517287       15.920046
       1500.0000       3.0000000       2.3520023       15.920043
       1500.0000       10.000000       2.3515008       15.920041
       1500.0000       30.000000       2.3508762       15.920833
       1500.0000       100.00000       2.3497858       15.925564
       1500.0000       300.00000       2.3493329       15.927305
       1500.0000       1000.0000       2.3488541       15.928975
       1500.0000       3000.0000       2.3487994       15.929787
       1500.0000       10000.000       2.3491618       15.931076
       1500.0000       30000.000       2.3495874       15.932661
       1500.0000       100000.00       2.3497547       15.934887
       1500.0000       300000.00       2.3498346       15.938184
       1600.0000    0.0010000000       2.2951328       16.126137
       1600.0000    0.0030000000       2.3188413       16.127395
       1600.0000     0.010000000       2.3337919       16.128138
       1600.0000     0.030000000       2.3415501       16.128487
       1600.0000      0.10000000       2.3463827       16.128659
       1600.0000      0.30000000       2.3488874       16.128724
       1600.0000       1.0000000       2.3504467       16.128749
       1600.0000       3.0000000       2.3512631       16.128763
       1600.0000       10.000000       2.3517580       16.128768
       1600.0000       30.000000       2.3520221       16.128767
       1600.0000       100.00000       2.3513000       16.128772
       1600.0000       300.00000       2.3509776       16.128777
       1600.0000       1000.0000       2.3499343       16.133618
       1600.0000       3000.0000       2.3495891       16.135727
       1600.0000       10000.000       2.3491581       16.139060
       1600.0000       30000.000       2.3494573       16.142073
       1600.0000       100000.00       2.3497269       16.144920
       1600.0000       300000.00       2.3498231       16.148131
       1700.0000    0.0010000000       2.2046341       16.329424
       1700.0000    0.0030000000       2.2642818       16.333085
       1700.0000     0.010000000       2.3030719       16.335249
       1700.0000     0.030000000       2.3235602       16.336310
       1700.0000      0.10000000       2.3364259       16.336931
       1700.0000      0.30000000       2.3431137       16.337211
       1700.0000       1.0000000       2.3472822       16.337355
       1700.0000       3.0000000       2.3494197       16.337416
       1700.0000       10.000000       2.3507480       16.337445
       1700.0000       30.000000       2.3514386       16.337464
       1700.0000       100.00000       2.3518668       16.337474
       1700.0000       300.00000       2.3517352       16.337485
       1700.0000       1000.0000       2.3510854       16.337507
       1700.0000       3000.0000       2.3509293       16.337631
       1700.0000       10000.000       2.3499914       16.343768
       1700.0000       30000.000       2.3498903       16.349056
       1700.0000       100000.00       2.3497979       16.354983
       1700.0000       300000.00       2.3498562       16.358686
       1800.0000    0.0010000000       2.0293808       16.514444
       1800.0000    0.0030000000       2.1512304       16.524522
       1800.0000     0.010000000       2.2368121       16.530202
       1800.0000     0.030000000       2.2839357       16.532943
       1800.0000      0.10000000       2.3142397       16.534569
       1800.0000      0.30000000       2.3301388       16.535363
       1800.0000       1.0000000       2.3401056       16.535814
       1800.0000       3.0000000       2.3452655       16.536018
       1800.0000       10.000000       2.3484882       16.536127
       1800.0000       30.000000       2.3501517       16.536177
       1800.0000       100.00000       2.3511571       16.536205
       1800.0000       300.00000       2.3516616       16.536227
       1800.0000       1000.0000       2.3519818       16.536257
       1800.0000       3000.0000       2.3512279       16.536348
       1800.0000       10000.000       2.3510157       16.536963
       1800.0000       30000.000       2.3508230       16.541953
       1800.0000       100000.00       2.3504735       16.552920
       1800.0000       300000.00       2.3502288       16.558839
       1900.0000    0.0010000000       1.7719944       16.669594
       1900.0000    0.0030000000       1.9588998       16.696281
       1900.0000     0.010000000       2.1135236       16.710573
       1900.0000     0.030000000       2.2068740       16.717157
       1900.0000      0.10000000       2.2699282       16.720966
       1900.0000      0.30000000       2.3038856       16.722828
       1900.0000       1.0000000       2.3254844       16.723928
       1900.0000       3.0000000       2.3367401       16.724454
       1900.0000       10.000000       2.3437813       16.724752
       1900.0000       30.000000       2.3474246       16.724887
       1900.0000       100.00000       2.3496735       16.724967
       1900.0000       300.00000       2.3508295       16.725009
       1900.0000       1000.0000       2.3515359       16.725047
       1900.0000       3000.0000       2.3519008       16.725124
       1900.0000       10000.000       2.3512679       16.725585
       1900.0000       30000.000       2.3511487       16.728059
       1900.0000       100000.00       2.3515954       16.735967
       1900.0000       300000.00       2.3508622       16.748437
       2000.0000    0.0010000000       1.5196269       16.769872
       2000.0000    0.0030000000       1.7099982       16.837196
       2000.0000     0.010000000       1.9225857       16.871400
       2000.0000     0.030000000       2.0761683       16.886577
       2000.0000      0.10000000       2.1905092       16.895011
       2000.0000      0.30000000       2.2555618       16.899025
       2000.0000       1.0000000       2.2981172       16.901388
       2000.0000       3.0000000       2.3206495       16.902547
       2000.0000       10.000000       2.3348645       16.903222
       2000.0000       30.000000       2.3422267       16.903543
       2000.0000       100.00000       2.3468344       16.903725
       2000.0000       300.00000       2.3491936       16.903815
       2000.0000       1000.0000       2.3506516       16.903882
       2000.0000       3000.0000       2.3513932       16.903956
       2000.0000       10000.000       2.3518605       16.904307
       2000.0000       30000.000       2.3513815       16.906330
       2000.0000       100000.00       2.3514682       16.915107
       2000.0000       300000.00       2.3518522       16.925358
       2150.0000    0.0010000000       1.3317464       16.494731
       2150.0000    0.0030000000       1.4143612       16.913952
       2150.0000     0.010000000       1.5838698       17.058765
       2150.0000     0.030000000       1.7827317       17.107751
       2150.0000      0.10000000       1.9834780       17.133366
       2150.0000      0.30000000       2.1196586       17.144988
       2150.0000       1.0000000       2.2176017       17.151586
       2150.0000       3.0000000       2.2722588       17.154770
       2150.0000       10.000000       2.3076621       17.156653
       2150.0000       30.000000       2.3263017       17.157572
       2150.0000       100.00000       2.3380129       17.158111
       2150.0000       300.00000       2.3440852       17.158370
       2150.0000       1000.0000       2.3478584       17.158532
       2150.0000       3000.0000       2.3497847       17.158644
       2150.0000       10000.000       2.3509787       17.158917
       2150.0000       30000.000       2.3516360       17.160362
       2150.0000       100000.00       2.3517506       17.168981
       2150.0000       300000.00       2.3518020       17.185177
       2300.0000    0.0010000000       1.2890513       14.412976
       2300.0000    0.0030000000       1.3099212       16.254843
       2300.0000     0.010000000       1.3721540       17.021952
       2300.0000     0.030000000       1.4946432       17.246177
       2300.0000      0.10000000       1.6985136       17.326023
       2300.0000      0.30000000       1.8951599       17.356778
       2300.0000       1.0000000       2.0688491       17.373517
       2300.0000       3.0000000       2.1776906       17.381321
       2300.0000       10.000000       2.2527055       17.385845
       2300.0000       30.000000       2.2935889       17.388055
       2300.0000       100.00000       2.3197406       17.389365
       2300.0000       300.00000       2.3334206       17.390003
       2300.0000       1000.0000       2.3419637       17.390388
       2300.0000       3000.0000       2.3463889       17.390599
       2300.0000       10000.000       2.3491064       17.390877
       2300.0000       30000.000       2.3505290       17.391955
       2300.0000       100000.00       2.3515422       17.399480
       2300.0000       300000.00       2.3521886       17.420241
       2450.0000    0.0010000000       1.2803889       9.5604672
       2450.0000    0.0030000000       1.2856606       13.607940
       2450.0000     0.010000000       1.3029866       16.160497
       2450.0000     0.030000000       1.3469134       17.093886
       2450.0000      0.10000000       1.4594156       17.440245
       2450.0000      0.30000000       1.6324407       17.537340
       2450.0000       1.0000000       1.8511985       17.577793
       2450.0000       3.0000000       2.0225995       17.595422
       2450.0000       10.000000       2.1561402       17.605366
       2450.0000       30.000000       2.2340855       17.610125
       2450.0000       100.00000       2.2857982       17.612934
       2450.0000       300.00000       2.3133961       17.614312
       2450.0000       1000.0000       2.3308539       17.615135
       2450.0000       3000.0000       2.3399122       17.615556
       2450.0000       10000.000       2.3455580       17.615920
       2450.0000       30000.000       2.3484645       17.616798
       2450.0000       100000.00       2.3503381       17.623040
       2450.0000       300000.00       2.3515956       17.646068
       2600.0000    0.0010000000       1.2780468       4.9535902
       2600.0000    0.0030000000       1.2796877       8.8715057
       2600.0000     0.010000000       1.2848574       13.483207
       2600.0000     0.030000000       1.2986255       16.062491
       2600.0000      0.10000000       1.3415581       17.243541
       2600.0000      0.30000000       1.4351918       17.610307
       2600.0000       1.0000000       1.6161899       17.736426
       2600.0000       3.0000000       1.8164281       17.776367
       2600.0000       10.000000       2.0101064       17.796739
       2600.0000       30.000000       2.1381276       17.806223
       2600.0000       100.00000       2.2289116       17.811730
       2600.0000       300.00000       2.2791987       17.814418
       2600.0000       1000.0000       2.3116331       17.816016
       2600.0000       3000.0000       2.3286656       17.816815
       2600.0000       10000.000       2.3393369       17.817376
       2600.0000       30000.000       2.3448478       17.818188
       2600.0000       100000.00       2.3483037       17.823338
       2600.0000       300000.00       2.3502873       17.846607
       2800.0000    0.0010000000       1.2770754       2.3350556
       2800.0000    0.0030000000       1.2775514       3.9932416
       2800.0000     0.010000000       1.2788225       7.7624018
       2800.0000     0.030000000       1.2821479       12.214622
       2800.0000      0.10000000       1.2930520       15.727907
       2800.0000      0.30000000       1.3215107       17.196360
       2800.0000       1.0000000       1.4017539       17.780590
       2800.0000       3.0000000       1.5457259       17.949077
       2800.0000       10.000000       1.7600129       18.008501
       2800.0000       30.000000       1.9489941       18.030707
       2800.0000       100.00000       2.1067826       18.042923
       2800.0000       300.00000       2.2025506       18.048763
       2800.0000       1000.0000       2.2674379       18.052207
       2800.0000       3000.0000       2.3024591       18.053906
       2800.0000       10000.000       2.3247349       18.054972
       2800.0000       30000.000       2.3363383       18.055886
       2800.0000       100000.00       2.3435758       18.060007
       2800.0000       300000.00       2.3474158       18.081726
       3000.0000    0.0010000000       1.2763810       1.6385473
       3000.0000    0.0030000000       1.2767526       2.1961819
       3000.0000     0.010000000       1.2772979       3.8459527
       3000.0000     0.030000000       1.2783159       7.0750382
       3000.0000      0.10000000       1.2814374       11.966400
       3000.0000      0.30000000       1.2898706       15.458914
       3000.0000       1.0000000       1.3170727       17.312228
       3000.0000       3.0000000       1.3817724       17.935188
       3000.0000       10.000000       1.5280501       18.159233
       3000.0000       30.000000       1.7200511       18.222174
       3000.0000       100.00000       1.9314663       18.248637
       3000.0000       300.00000       2.0826891       18.260251
       3000.0000       1000.0000       2.1946513       18.266943
       3000.0000       3000.0000       2.2581577       18.270209
       3000.0000       10000.000       2.2996609       18.272174
       3000.0000       30000.000       2.3215971       18.273421
       3000.0000       100000.00       2.3353749       18.276968
       3000.0000       300000.00       2.3425443       18.296389
       3250.0000    0.0010000000       1.2750600       1.4415670
       3250.0000    0.0030000000       1.2757075       1.5974085
       3250.0000     0.010000000       1.2762658       2.1048413
       3250.0000     0.030000000       1.2768076       3.3661321
       3250.0000      0.10000000       1.2778070       6.5046903
       3250.0000      0.30000000       1.2800396       10.914789
       3250.0000       1.0000000       1.2872461       15.172599
       3250.0000       3.0000000       1.3065312       17.234732
       3250.0000       10.000000       1.3644022       18.119285
       3250.0000       30.000000       1.4806351       18.387905
       3250.0000       100.00000       1.6802742       18.480218
       3250.0000       300.00000       1.8785114       18.508824
       3250.0000       1000.0000       2.0568054       18.522969
       3250.0000       3000.0000       2.1697068       18.529574
       3250.0000       10000.000       2.2479484       18.533455
       3250.0000       30000.000       2.2906930       18.535541
       3250.0000       100000.00       2.3180343       18.538930
       3250.0000       300000.00       2.3323165       18.555694
       3500.0000    0.0010000000       1.2730549       1.4740984
       3500.0000    0.0030000000       1.2737350       1.5319315
       3500.0000     0.010000000       1.2746993       1.7112464
       3500.0000     0.030000000       1.2755368       2.1667385
       3500.0000      0.10000000       1.2763677       3.5274599
       3500.0000      0.30000000       1.2773610       6.3474281
       3500.0000       1.0000000       1.2797758       11.144007
       3500.0000       3.0000000       1.2859197       15.107920
       3500.0000       10.000000       1.3059127       17.469077
       3500.0000       30.000000       1.3556407       18.319400
       3500.0000       100.00000       1.4783485       18.638858
       3500.0000       300.00000       1.6580845       18.729106
       3500.0000       1000.0000       1.8757403       18.762079
       3500.0000       3000.0000       2.0413873       18.774774
       3500.0000       10000.000       2.1683012       18.781810
       3500.0000       30000.000       2.2416679       18.785345
       3500.0000       100000.00       2.2900810       18.789173
       3500.0000       300000.00       2.3157662       18.804077
       3750.0000    0.0010000000       1.2725108       1.7950189
       3750.0000    0.0030000000       1.2726321       1.8175222
       3750.0000     0.010000000       1.2729781       1.8927529
       3750.0000     0.030000000       1.2736246       2.0886845
       3750.0000      0.10000000       1.2746545       2.6763472
       3750.0000      0.30000000       1.2757103       4.0368343
       3750.0000       1.0000000       1.2771287       7.2794600
       3750.0000       3.0000000       1.2796306       11.673432
       3750.0000       10.000000       1.2871231       15.791291
       3750.0000       30.000000       1.3068651       17.769262
       3750.0000       100.00000       1.3658639       18.624907
       3750.0000       300.00000       1.4836989       18.888327
       3750.0000       1000.0000       1.6844400       18.979574
       3750.0000       3000.0000       1.8823288       19.006573
       3750.0000       10000.000       2.0595269       19.019034
       3750.0000       30000.000       2.1714310       19.024806
       3750.0000       100000.00       2.2488411       19.029676
       3750.0000       300000.00       2.2910601       19.043577
       4000.0000    0.0010000000       1.2724112       2.8588103
       4000.0000    0.0030000000       1.2724515       2.8669093
       4000.0000     0.010000000       1.2725184       2.8950809
       4000.0000     0.030000000       1.2726635       2.9738750
       4000.0000      0.10000000       1.2730654       3.2326783
       4000.0000      0.30000000       1.2738204       3.8771914
       4000.0000       1.0000000       1.2751079       5.6019510
       4000.0000       3.0000000       1.2767919       8.7043021
       4000.0000       10.000000       1.2803430       13.243920
       4000.0000       30.000000       1.2888083       16.513403
       4000.0000       100.00000       1.3155828       18.301300
       4000.0000       300.00000       1.3793673       18.923801
       4000.0000       1000.0000       1.5242927       19.155626
       4000.0000       3000.0000       1.7156963       19.220889
       4000.0000       10000.000       1.9276383       19.244857
       4000.0000       30000.000       2.0797982       19.254164
       4000.0000       100000.00       2.1926712       19.260688
       4000.0000       300000.00       2.2566951       19.274278
