Li Na K Rb Cs
  4.5055E-38  4.5055E-38  4.5055E-38  4.5055E-38  4.5055E-38
  4.5055E-38  4.5055E-38  4.5055E-38  4.5055E-38  4.5055E-38
  4.5055E-38  4.5055E-38  4.5055E-38  4.5055E-38  4.5055E-38
  4.5055E-38  4.5055E-38  4.5055E-38  4.5055E-38  4.5055E-38
  4.5055E-38  4.5055E-38  4.5055E-38  4.5055E-38  4.5055E-38
  4.5055E-38  4.5055E-38  4.5055E-38  4.5055E-38  4.5055E-38
  4.5055E-38  4.5055E-38  4.5055E-38  4.5055E-38  4.5055E-38
  4.5055E-38  4.5055E-38  4.5055E-38  4.5055E-38  4.5055E-38
  4.5055E-38  4.5055E-38  4.5055E-38  4.5055E-38  4.5055E-38
  4.5055E-38  4.5055E-38  4.5055E-38  4.5055E-38  4.5055E-38
  4.5055E-38  4.5055E-38  4.5055E-38  4.5055E-38  4.5055E-38
  4.5055E-38  4.5055E-38  4.5055E-38  4.5055E-38  4.5055E-38
  4.5055E-38  4.5055E-38  4.5055E-38  4.5055E-38  4.5055E-38
  4.5055E-38  4.5055E-38  4.5055E-38  4.5055E-38  4.5055E-38
  4.5055E-38  4.5055E-38  4.5055E-38  4.5055E-38  4.5055E-38
  4.5049E-38  4.5049E-38  4.5049E-38  4.5049E-38  4.5049E-38
  4.5049E-38  4.5049E-38  4.5049E-38  4.5049E-38  4.5049E-38
  4.5050E-38  4.5050E-38  4.5050E-38  4.5050E-38  4.5050E-38
  4.5053E-38  4.5053E-38  4.5053E-38  4.5053E-38  4.5053E-38
  4.5054E-38  4.5054E-38  4.5054E-38  4.5054E-38  4.5054E-38
  4.5055E-38  4.5055E-38  4.5055E-38  4.5055E-38  4.5055E-38
  4.5055E-38  4.5055E-38  4.5055E-38  4.5055E-38  4.5055E-38
  4.5055E-38  4.5055E-38  4.5055E-38  4.5055E-38  4.5055E-38
  4.5055E-38  4.5055E-38  4.5055E-38  4.5055E-38  4.5055E-38
  4.5055E-38  4.5055E-38  4.5055E-38  4.5055E-38  4.5055E-38
  4.5055E-38  4.5055E-38  4.5055E-38  4.5055E-38  4.5055E-38
  4.5055E-38  4.5055E-38  4.5055E-38  4.5055E-38  4.5055E-38
  4.5055E-38  4.5055E-38  4.5055E-38  4.5055E-38  4.5055E-38
  4.5055E-38  4.5055E-38  4.5055E-38  4.5055E-38  4.5055E-38
  4.5055E-38  4.5055E-38  4.5055E-38  4.5055E-38  4.5055E-38
  4.5055E-38  4.5055E-38  4.5055E-38  4.5055E-38  4.5055E-38
  4.5049E-38  4.5049E-38  4.5049E-38  4.5049E-38  4.5049E-38
  4.5049E-38  4.5049E-38  4.5049E-38  4.5049E-38  4.5049E-38
  4.5049E-38  4.5049E-38  4.5049E-38  4.5049E-38  4.5049E-38
  4.5049E-38  4.5049E-38  4.5049E-38  4.5049E-38  4.5049E-38
  4.5049E-38  4.5049E-38  4.5049E-38  4.5049E-38  4.5049E-38
  4.5050E-38  4.5050E-38  4.5050E-38  4.5050E-38  4.5050E-38
  4.5053E-38  4.5053E-38  4.5053E-38  4.5053E-38  4.5053E-38
  4.5054E-38  4.5054E-38  4.5054E-38  4.5054E-38  4.5054E-38
  4.5055E-38  4.5055E-38  4.5055E-38  4.5055E-38  4.5055E-38
  4.5055E-38  4.5055E-38  4.5055E-38  4.5055E-38  4.5055E-38
  4.5055E-38  4.5055E-38  4.5055E-38  4.5055E-38  4.5055E-38
  4.5055E-38  4.5055E-38  4.5055E-38  4.5055E-38  4.5055E-38
  4.5055E-38  4.5055E-38  4.5055E-38  4.5055E-38  4.5055E-38
  4.5055E-38  4.5055E-38  4.5055E-38  4.5055E-38  4.5055E-38
  4.5055E-38  4.5055E-38  4.5055E-38  4.5055E-38  4.5055E-38
  4.5055E-38  4.5055E-38  4.5055E-38  4.5055E-38  4.5055E-38
  4.5055E-38  4.5055E-38  4.5055E-38  4.5055E-38  4.5055E-38
  4.5048E-38  4.5048E-38  4.5048E-38  4.5048E-38  4.5048E-38
  4.5049E-38  4.5049E-38  4.5049E-38  4.5049E-38  4.5049E-38
  4.5049E-38  4.5049E-38  4.5049E-38  4.5049E-38  4.5049E-38
  4.5049E-38  4.5049E-38  4.5049E-38  4.5049E-38  4.5049E-38
  4.5049E-38  4.5049E-38  4.5049E-38  4.5049E-38  4.5049E-38
  4.5049E-38  4.5049E-38  4.5049E-38  4.5049E-38  4.5049E-38
  4.5049E-38  4.5049E-38  4.5049E-38  4.5049E-38  4.5049E-38
  4.5049E-38  4.5049E-38  4.5049E-38  4.5049E-38  4.5049E-38
  4.5053E-38  4.5053E-38  4.5053E-38  4.5053E-38  4.5053E-38
  4.5054E-38  4.5054E-38  4.5054E-38  4.5054E-38  4.5054E-38
  4.5054E-38  4.5054E-38  4.5054E-38  4.5054E-38  4.5054E-38
  4.5055E-38  4.5055E-38  4.5055E-38  4.5055E-38  4.5055E-38
  4.5055E-38  4.5055E-38  4.5055E-38  4.5055E-38  4.5055E-38
  4.5055E-38  4.5055E-38  4.5055E-38  4.5055E-38  4.5055E-38
  4.5055E-38  4.5055E-38  4.5055E-38  4.5055E-38  4.5055E-38
  4.5055E-38  4.5055E-38  4.5055E-38  4.5055E-38  4.5055E-38
  4.5055E-38  4.5055E-38  4.5055E-38  4.5055E-38  4.5055E-38
  4.5048E-38  4.5048E-38  4.5048E-38  4.5048E-38  4.5048E-38
  4.5048E-38  4.5048E-38  4.5048E-38  4.5048E-38  4.5048E-38
  4.5048E-38  4.5048E-38  4.5048E-38  4.5048E-38  4.5048E-38
  4.5048E-38  4.5048E-38  4.5048E-38  4.5048E-38  4.5048E-38
  4.5049E-38  4.5049E-38  4.5049E-38  4.5049E-38  4.5049E-38
  4.5049E-38  4.5049E-38  4.5049E-38  4.5049E-38  4.5049E-38
  4.5049E-38  4.5049E-38  4.5049E-38  4.5049E-38  4.5049E-38
  4.5049E-38  4.5049E-38  4.5049E-38  4.5049E-38  4.5049E-38
  4.5049E-38  4.5049E-38  4.5049E-38  4.5049E-38  4.5049E-38
  4.5049E-38  4.5049E-38  4.5049E-38  4.5049E-38  4.5049E-38
  4.5053E-38  4.5053E-38  4.5053E-38  4.5053E-38  4.5053E-38
  4.5054E-38  4.5054E-38  4.5054E-38  4.5054E-38  4.5054E-38
  4.5054E-38  4.5054E-38  4.5054E-38  4.5054E-38  4.5054E-38
  4.5055E-38  4.5055E-38  4.5055E-38  4.5055E-38  4.5055E-38
  4.5055E-38  4.5055E-38  4.5055E-38  4.5055E-38  4.5055E-38
  4.5055E-38  4.5055E-38  4.5055E-38  4.5055E-38  4.5055E-38
  4.5055E-38  4.5055E-38  4.5055E-38  4.5055E-38  4.5055E-38
  4.5047E-38  4.5047E-38  4.5047E-38  4.5047E-38  4.5047E-38
  4.5047E-38  4.5047E-38  4.5047E-38  4.5047E-38  4.5047E-38
  4.5047E-38  4.5047E-38  4.5047E-38  4.5047E-38  4.5047E-38
  4.5048E-38  4.5048E-38  4.5048E-38  4.5048E-38  4.5048E-38
  4.5048E-38  4.5048E-38  4.5048E-38  4.5048E-38  4.5048E-38
  4.5048E-38  4.5048E-38  4.5048E-38  4.5048E-38  4.5048E-38
  4.5048E-38  4.5048E-38  4.5048E-38  4.5048E-38  4.5048E-38
  4.5049E-38  4.5049E-38  4.5049E-38  4.5049E-38  4.5049E-38
  4.5049E-38  4.5049E-38  4.5049E-38  4.5049E-38  4.5049E-38
  4.5049E-38  4.5049E-38  4.5049E-38  4.5049E-38  4.5049E-38
  4.5049E-38  4.5049E-38  4.5049E-38  4.5049E-38  4.5049E-38
  4.5049E-38  4.5049E-38  4.5049E-38  4.5049E-38  4.5049E-38
  4.5053E-38  4.5053E-38  4.5053E-38  4.5053E-38  4.5053E-38
  4.5054E-38  4.5054E-38  4.5054E-38  4.5054E-38  4.5054E-38
  4.5055E-38  4.5055E-38  4.5055E-38  4.5055E-38  4.5055E-38
  4.5055E-38  4.5055E-38  4.5055E-38  4.5055E-38  4.5055E-38
  4.5055E-38  4.5055E-38  4.5055E-38  4.5055E-38  4.5055E-38
  4.5045E-38  4.5045E-38  4.5045E-38  4.5045E-38  4.5045E-38
  4.5047E-38  4.5047E-38  4.5047E-38  4.5047E-38  4.5047E-38
  4.5047E-38  4.5047E-38  4.5047E-38  4.5047E-38  4.5047E-38
  4.5047E-38  4.5047E-38  4.5047E-38  4.5047E-38  4.5047E-38
  4.5047E-38  4.5047E-38  4.5047E-38  4.5047E-38  4.5047E-38
  4.5048E-38  4.5048E-38  4.5048E-38  4.5048E-38  4.5048E-38
  4.5048E-38  4.5048E-38  4.5048E-38  4.5048E-38  4.5048E-38
  4.5048E-38  4.5048E-38  4.5048E-38  4.5048E-38  4.5048E-38
  4.5048E-38  4.5048E-38  4.5048E-38  4.5048E-38  4.5048E-38
  4.5049E-38  4.5049E-38  4.5049E-38  4.5049E-38  4.5049E-38
  4.5049E-38  4.5049E-38  4.5049E-38  4.5049E-38  4.5049E-38
  4.5049E-38  4.5049E-38  4.5049E-38  4.5049E-38  4.5049E-38
  4.5049E-38  4.5049E-38  4.5049E-38  4.5049E-38  4.5049E-38
  4.5052E-38  4.5052E-38  4.5052E-38  4.5052E-38  4.5052E-38
  4.5054E-38  4.5054E-38  4.5054E-38  4.5054E-38  4.5054E-38
  4.5054E-38  4.5054E-38  4.5054E-38  4.5054E-38  4.5054E-38
  4.5055E-38  4.5055E-38  4.5055E-38  4.5055E-38  4.5055E-38
  4.5014E-38  4.5014E-38  4.5014E-38  4.5014E-38  4.5014E-38
  4.5036E-38  4.5036E-38  4.5036E-38  4.5036E-38  4.5036E-38
  4.5043E-38  4.5043E-38  4.5043E-38  4.5043E-38  4.5043E-38
  4.5046E-38  4.5046E-38  4.5046E-38  4.5046E-38  4.5046E-38
  4.5047E-38  4.5047E-38  4.5047E-38  4.5047E-38  4.5047E-38
  4.5047E-38  4.5047E-38  4.5047E-38  4.5047E-38  4.5047E-38
  4.5047E-38  4.5047E-38  4.5047E-38  4.5047E-38  4.5047E-38
  4.5048E-38  4.5048E-38  4.5048E-38  4.5048E-38  4.5048E-38
  4.5048E-38  4.5048E-38  4.5048E-38  4.5048E-38  4.5048E-38
  4.5048E-38  4.5048E-38  4.5048E-38  4.5048E-38  4.5048E-38
  4.5048E-38  4.5048E-38  4.5048E-38  4.5048E-38  4.5048E-38
  4.5049E-38  4.5049E-38  4.5049E-38  4.5049E-38  4.5049E-38
  4.5048E-38  4.5048E-38  4.5048E-38  4.5048E-38  4.5048E-38
  4.5049E-38  4.5049E-38  4.5049E-38  4.5049E-38  4.5049E-38
  4.5050E-38  4.5050E-38  4.5050E-38  4.5050E-38  4.5050E-38
  4.5053E-38  4.5053E-38  4.5053E-38  4.5053E-38  4.5053E-38
  4.5054E-38  4.5054E-38  4.5054E-38  4.5054E-38  4.5054E-38
  4.5010E-38  4.5010E-38  4.5010E-38  4.5010E-38  4.5010E-38
  4.5010E-38  4.5010E-38  4.5010E-38  4.5010E-38  4.5010E-38
  4.5015E-38  4.5015E-38  4.5015E-38  4.5015E-38  4.5015E-38
  4.5036E-38  4.5036E-38  4.5036E-38  4.5036E-38  4.5036E-38
  4.5043E-38  4.5043E-38  4.5043E-38  4.5043E-38  4.5043E-38
  4.5045E-38  4.5045E-38  4.5045E-38  4.5045E-38  4.5045E-38
  4.5047E-38  4.5047E-38  4.5047E-38  4.5047E-38  4.5047E-38
  4.5047E-38  4.5047E-38  4.5047E-38  4.5047E-38  4.5047E-38
  4.5047E-38  4.5047E-38  4.5047E-38  4.5047E-38  4.5047E-38
  4.5048E-38  4.5048E-38  4.5048E-38  4.5048E-38  4.5048E-38
  4.5048E-38  4.5048E-38  4.5048E-38  4.5048E-38  4.5048E-38
  4.5048E-38  4.5048E-38  4.5048E-38  4.5048E-38  4.5048E-38
  4.5048E-38  4.5048E-38  4.5048E-38  4.5048E-38  4.5048E-38
  4.5049E-38  4.5049E-38  4.5049E-38  4.5049E-38  4.5049E-38
  4.5048E-38  4.5048E-38  4.5048E-38  4.5048E-38  4.5048E-38
  4.5049E-38  4.5049E-38  4.5049E-38  4.5049E-38  4.5049E-38
  4.5053E-38  4.5053E-38  4.5053E-38  4.5053E-38  4.5053E-38
  4.5010E-38  4.5010E-38  4.5010E-38  4.5010E-38  4.5010E-38
  4.5010E-38  4.5010E-38  4.5010E-38  4.5010E-38  4.5010E-38
  4.5010E-38  4.5010E-38  4.5010E-38  4.5010E-38  4.5010E-38
  4.5010E-38  4.5010E-38  4.5010E-38  4.5010E-38  4.5010E-38
  4.5024E-38  4.5024E-38  4.5024E-38  4.5024E-38  4.5024E-38
  4.5039E-38  4.5039E-38  4.5039E-38  4.5039E-38  4.5039E-38
  4.5045E-38  4.5045E-38  4.5045E-38  4.5045E-38  4.5045E-38
  4.5046E-38  4.5046E-38  4.5046E-38  4.5046E-38  4.5046E-38
  4.5047E-38  4.5047E-38  4.5047E-38  4.5047E-38  4.5047E-38
  4.5048E-38  4.5048E-38  4.5048E-38  4.5048E-38  4.5048E-38
  4.5048E-38  4.5048E-38  4.5048E-38  4.5048E-38  4.5048E-38
  4.5049E-38  4.5049E-38  4.5049E-38  4.5049E-38  4.5049E-38
  4.5049E-38  4.5049E-38  4.5049E-38  4.5049E-38  4.5049E-38
  4.5049E-38  4.5049E-38  4.5049E-38  4.5049E-38  4.5049E-38
  4.5049E-38  4.5049E-38  4.5049E-38  4.5049E-38  4.5049E-38
  4.5049E-38  4.5049E-38  4.5049E-38  4.5049E-38  4.5049E-38
  4.5050E-38  4.5050E-38  4.5050E-38  4.5050E-38  4.5050E-38
  4.5010E-38  4.5010E-38  4.5010E-38  4.5010E-38  4.5010E-38
  4.5010E-38  4.5010E-38  4.5010E-38  4.5010E-38  4.5010E-38
  4.5010E-38  4.5010E-38  4.5010E-38  4.5010E-38  4.5010E-38
  4.5010E-38  4.5010E-38  4.5010E-38  4.5010E-38  4.5010E-38
  4.5010E-38  4.5010E-38  4.5010E-38  4.5010E-38  4.5010E-38
  4.5010E-38  4.5010E-38  4.5010E-38  4.5010E-38  4.5010E-38
  4.5034E-38  4.5034E-38  4.5034E-38  4.5034E-38  4.5034E-38
  4.5043E-38  4.5043E-38  4.5043E-38  4.5043E-38  4.5043E-38
  4.5046E-38  4.5046E-38  4.5046E-38  4.5046E-38  4.5046E-38
  4.5048E-38  4.5048E-38  4.5048E-38  4.5048E-38  4.5048E-38
  4.5049E-38  4.5049E-38  4.5049E-38  4.5049E-38  4.5049E-38
  4.5049E-38  4.5049E-38  4.5049E-38  4.5049E-38  4.5049E-38
  4.5050E-38  4.5050E-38  4.5050E-38  4.5050E-38  4.5050E-38
  4.5050E-38  4.5050E-38  4.5050E-38  4.5050E-38  4.5050E-38
  4.5050E-38  4.5050E-38  4.5050E-38  4.5050E-38  4.5050E-38
  4.5050E-38  4.5050E-38  4.5050E-38  4.5050E-38  4.5050E-38
  4.5050E-38  4.5050E-38  4.5050E-38  4.5050E-38  4.5050E-38
  4.5011E-38  4.5011E-38  4.5011E-38  4.5011E-38  4.5011E-38
  4.5010E-38  4.5010E-38  4.5010E-38  4.5010E-38  4.5010E-38
  4.5010E-38  4.5010E-38  4.5010E-38  4.5010E-38  4.5010E-38
  4.5010E-38  4.5010E-38  4.5010E-38  4.5010E-38  4.5010E-38
  4.5010E-38  4.5010E-38  4.5010E-38  4.5010E-38  4.5010E-38
  4.5010E-38  4.5010E-38  4.5010E-38  4.5010E-38  4.5010E-38
  4.5011E-38  4.5011E-38  4.5011E-38  4.5011E-38  4.5011E-38
  4.5024E-38  4.5024E-38  4.5024E-38  4.5024E-38  4.5024E-38
  4.5041E-38  4.5041E-38  4.5041E-38  4.5041E-38  4.5041E-38
  4.5046E-38  4.5046E-38  4.5046E-38  4.5046E-38  4.5046E-38
  4.5048E-38  4.5048E-38  4.5048E-38  4.5048E-38  4.5048E-38
  4.5049E-38  4.5049E-38  4.5049E-38  4.5049E-38  4.5049E-38
  4.5049E-38  4.5049E-38  4.5049E-38  4.5049E-38  4.5049E-38
  4.5049E-38  4.5049E-38  4.5049E-38  4.5049E-38  4.5049E-38
  4.5050E-38  4.5050E-38  4.5050E-38  4.5050E-38  4.5050E-38
  4.5050E-38  4.5050E-38  4.5050E-38  4.5050E-38  4.5050E-38
  4.5050E-38  4.5050E-38  4.5050E-38  4.5050E-38  4.5050E-38
  4.5011E-38  4.5011E-38  4.5011E-38  4.5011E-38  4.5011E-38
  4.5011E-38  4.5011E-38  4.5011E-38  4.5011E-38  4.5011E-38
  4.5011E-38  4.5011E-38  4.5011E-38  4.5011E-38  4.5011E-38
  4.5010E-38  4.5010E-38  4.5010E-38  4.5010E-38  4.5010E-38
  4.5010E-38  4.5010E-38  4.5010E-38  4.5010E-38  4.5010E-38
  4.5010E-38  4.5010E-38  4.5010E-38  4.5010E-38  4.5010E-38
  4.5011E-38  4.5011E-38  4.5011E-38  4.5011E-38  4.5011E-38
  4.5010E-38  4.5010E-38  4.5010E-38  4.5010E-38  4.5010E-38
  4.5016E-38  4.5016E-38  4.5016E-38  4.5016E-38  4.5016E-38
  4.5038E-38  4.5038E-38  4.5038E-38  4.5038E-38  4.5038E-38
  4.5046E-38  4.5046E-38  4.5046E-38  4.5046E-38  4.5046E-38
  4.5048E-38  4.5048E-38  4.5048E-38  4.5048E-38  4.5048E-38
  4.5048E-38  4.5048E-38  4.5048E-38  4.5048E-38  4.5048E-38
  4.5049E-38  4.5049E-38  4.5049E-38  4.5049E-38  4.5049E-38
  4.5049E-38  4.5049E-38  4.5049E-38  4.5049E-38  4.5049E-38
  4.5050E-38  4.5050E-38  4.5050E-38  4.5050E-38  4.5050E-38
  4.5050E-38  4.5050E-38  4.5050E-38  4.5050E-38  4.5050E-38
  4.5011E-38  4.5011E-38  4.5011E-38  4.5011E-38  4.5011E-38
  4.5011E-38  4.5011E-38  4.5011E-38  4.5011E-38  4.5011E-38
  4.5011E-38  4.5011E-38  4.5011E-38  4.5011E-38  4.5011E-38
  4.5011E-38  4.5011E-38  4.5011E-38  4.5011E-38  4.5011E-38
  4.5011E-38  4.5011E-38  4.5011E-38  4.5011E-38  4.5011E-38
  4.5010E-38  4.5010E-38  4.5010E-38  4.5010E-38  4.5010E-38
  4.5011E-38  4.5011E-38  4.5011E-38  4.5011E-38  4.5011E-38
  4.5010E-38  4.5010E-38  4.5010E-38  4.5010E-38  4.5010E-38
  4.5011E-38  4.5011E-38  4.5011E-38  4.5011E-38  4.5011E-38
  4.5011E-38  4.5011E-38  4.5011E-38  4.5011E-38  4.5011E-38
  4.5037E-38  4.5037E-38  4.5037E-38  4.5037E-38  4.5037E-38
  4.5045E-38  4.5045E-38  4.5045E-38  4.5045E-38  4.5045E-38
  4.5048E-38  4.5048E-38  4.5048E-38  4.5048E-38  4.5048E-38
  4.5048E-38  4.5048E-38  4.5048E-38  4.5048E-38  4.5048E-38
  4.5049E-38  4.5049E-38  4.5049E-38  4.5049E-38  4.5049E-38
  4.5049E-38  4.5049E-38  4.5049E-38  4.5049E-38  4.5049E-38
  4.5050E-38  4.5050E-38  4.5050E-38  4.5050E-38  4.5050E-38
  4.5011E-38  4.5011E-38  4.5011E-38  4.5011E-38  4.5011E-38
  4.5011E-38  4.5011E-38  4.5011E-38  4.5011E-38  4.5011E-38
  4.5011E-38  4.5011E-38  4.5011E-38  4.5011E-38  4.5011E-38
  4.5011E-38  4.5011E-38  4.5011E-38  4.5011E-38  4.5011E-38
  4.5011E-38  4.5011E-38  4.5011E-38  4.5011E-38  4.5011E-38
  4.5011E-38  4.5011E-38  4.5011E-38  4.5011E-38  4.5011E-38
  4.5011E-38  4.5011E-38  4.5011E-38  4.5011E-38  4.5011E-38
  4.5010E-38  4.5010E-38  4.5010E-38  4.5010E-38  4.5010E-38
  4.5011E-38  4.5011E-38  4.5011E-38  4.5011E-38  4.5011E-38
  4.5011E-38  4.5011E-38  4.5011E-38  4.5011E-38  4.5011E-38
  4.5012E-38  4.5012E-38  4.5012E-38  4.5012E-38  4.5012E-38
  4.5035E-38  4.5035E-38  4.5035E-38  4.5035E-38  4.5035E-38
  4.5045E-38  4.5045E-38  4.5045E-38  4.5045E-38  4.5045E-38
  4.5047E-38  4.5047E-38  4.5047E-38  4.5047E-38  4.5047E-38
  4.5048E-38  4.5048E-38  4.5048E-38  4.5048E-38  4.5048E-38
  4.5049E-38  4.5049E-38  4.5049E-38  4.5049E-38  4.5049E-38
  4.5049E-38  4.5049E-38  4.5049E-38  4.5049E-38  4.5049E-38
  4.5012E-38  4.5012E-38  4.5012E-38  4.5012E-38  4.5012E-38
  4.5011E-38  4.5011E-38  4.5011E-38  4.5011E-38  4.5011E-38
  4.5011E-38  4.5011E-38  4.5011E-38  4.5011E-38  4.5011E-38
  4.5011E-38  4.5011E-38  4.5011E-38  4.5011E-38  4.5011E-38
  4.5011E-38  4.5011E-38  4.5011E-38  4.5011E-38  4.5011E-38
  4.5011E-38  4.5011E-38  4.5011E-38  4.5011E-38  4.5011E-38
  4.5011E-38  4.5011E-38  4.5011E-38  4.5011E-38  4.5011E-38
  4.5011E-38  4.5011E-38  4.5011E-38  4.5011E-38  4.5011E-38
  4.5011E-38  4.5011E-38  4.5011E-38  4.5011E-38  4.5011E-38
  4.5011E-38  4.5011E-38  4.5011E-38  4.5011E-38  4.5011E-38
  4.5012E-38  4.5012E-38  4.5012E-38  4.5012E-38  4.5012E-38
  4.5012E-38  4.5012E-38  4.5012E-38  4.5012E-38  4.5012E-38
  4.5036E-38  4.5036E-38  4.5036E-38  4.5036E-38  4.5036E-38
  4.5045E-38  4.5045E-38  4.5045E-38  4.5045E-38  4.5045E-38
  4.5047E-38  4.5047E-38  4.5047E-38  4.5047E-38  4.5047E-38
  4.5048E-38  4.5048E-38  4.5048E-38  4.5048E-38  4.5048E-38
  4.5049E-38  4.5049E-38  4.5049E-38  4.5049E-38  4.5049E-38
  4.5012E-38  4.5012E-38  4.5012E-38  4.5012E-38  4.5012E-38
  4.5012E-38  4.5012E-38  4.5012E-38  4.5012E-38  4.5012E-38
  4.5011E-38  4.5011E-38  4.5011E-38  4.5011E-38  4.5011E-38
  4.5011E-38  4.5011E-38  4.5011E-38  4.5011E-38  4.5011E-38
  4.5011E-38  4.5011E-38  4.5011E-38  4.5011E-38  4.5011E-38
  4.5011E-38  4.5011E-38  4.5011E-38  4.5011E-38  4.5011E-38
  4.5011E-38  4.5011E-38  4.5011E-38  4.5011E-38  4.5011E-38
  4.5011E-38  4.5011E-38  4.5011E-38  4.5011E-38  4.5011E-38
  4.5011E-38  4.5011E-38  4.5011E-38  4.5011E-38  4.5011E-38
  4.5011E-38  4.5011E-38  4.5011E-38  4.5011E-38  4.5011E-38
  4.5011E-38  4.5011E-38  4.5011E-38  4.5011E-38  4.5011E-38
  4.5012E-38  4.5012E-38  4.5012E-38  4.5012E-38  4.5012E-38
  4.5014E-38  4.5014E-38  4.5014E-38  4.5014E-38  4.5014E-38
  4.5037E-38  4.5037E-38  4.5037E-38  4.5037E-38  4.5037E-38
  4.5045E-38  4.5045E-38  4.5045E-38  4.5045E-38  4.5045E-38
  4.5048E-38  4.5048E-38  4.5048E-38  4.5048E-38  4.5048E-38
  4.5048E-38  4.5048E-38  4.5048E-38  4.5048E-38  4.5048E-38
  4.5013E-38  4.5013E-38  4.5013E-38  4.5013E-38  4.5013E-38
  4.5013E-38  4.5013E-38  4.5013E-38  4.5013E-38  4.5013E-38
  4.5012E-38  4.5012E-38  4.5012E-38  4.5012E-38  4.5012E-38
  4.5012E-38  4.5012E-38  4.5012E-38  4.5012E-38  4.5012E-38
  4.5011E-38  4.5011E-38  4.5011E-38  4.5011E-38  4.5011E-38
  4.5011E-38  4.5011E-38  4.5011E-38  4.5011E-38  4.5011E-38
  4.5011E-38  4.5011E-38  4.5011E-38  4.5011E-38  4.5011E-38
  4.5011E-38  4.5011E-38  4.5011E-38  4.5011E-38  4.5011E-38
  4.5011E-38  4.5011E-38  4.5011E-38  4.5011E-38  4.5011E-38
  4.5011E-38  4.5011E-38  4.5011E-38  4.5011E-38  4.5011E-38
  4.5011E-38  4.5011E-38  4.5011E-38  4.5011E-38  4.5011E-38
  4.5012E-38  4.5012E-38  4.5012E-38  4.5012E-38  4.5012E-38
  4.5012E-38  4.5012E-38  4.5012E-38  4.5012E-38  4.5012E-38
  4.5019E-38  4.5019E-38  4.5019E-38  4.5019E-38  4.5019E-38
  4.5040E-38  4.5040E-38  4.5040E-38  4.5040E-38  4.5040E-38
  4.5046E-38  4.5046E-38  4.5046E-38  4.5046E-38  4.5046E-38
  4.5048E-38  4.5048E-38  4.5048E-38  4.5048E-38  4.5048E-38
  4.5048E-38  4.5048E-38  4.5048E-38  4.5048E-38  4.5048E-38
  4.5013E-38  4.5013E-38  4.5013E-38  4.5013E-38  4.5013E-38
  4.5013E-38  4.5013E-38  4.5013E-38  4.5013E-38  4.5013E-38
  4.5012E-38  4.5012E-38  4.5012E-38  4.5012E-38  4.5012E-38
  4.5012E-38  4.5012E-38  4.5012E-38  4.5012E-38  4.5012E-38
  4.5012E-38  4.5012E-38  4.5012E-38  4.5012E-38  4.5012E-38
  4.5011E-38  4.5011E-38  4.5011E-38  4.5011E-38  4.5011E-38
  4.5011E-38  4.5011E-38  4.5011E-38  4.5011E-38  4.5011E-38
  4.5011E-38  4.5011E-38  4.5011E-38  4.5011E-38  4.5011E-38
  4.5011E-38  4.5011E-38  4.5011E-38  4.5011E-38  4.5011E-38
  4.5011E-38  4.5011E-38  4.5011E-38  4.5011E-38  4.5011E-38
  4.5011E-38  4.5011E-38  4.5011E-38  4.5011E-38  4.5011E-38
  4.5012E-38  4.5012E-38  4.5012E-38  4.5012E-38  4.5012E-38
  4.5012E-38  4.5012E-38  4.5012E-38  4.5012E-38  4.5012E-38
  4.5012E-38  4.5012E-38  4.5012E-38  4.5012E-38  4.5012E-38
  4.5027E-38  4.5027E-38  4.5027E-38  4.5027E-38  4.5027E-38
  4.5042E-38  4.5042E-38  4.5042E-38  4.5042E-38  4.5042E-38
  4.5047E-38  4.5047E-38  4.5047E-38  4.5047E-38  4.5047E-38
  4.5048E-38  4.5048E-38  4.5048E-38  4.5048E-38  4.5048E-38
  4.5013E-38  4.5013E-38  4.5013E-38  4.5013E-38  4.5013E-38
  4.5013E-38  4.5013E-38  4.5013E-38  4.5013E-38  4.5013E-38
  4.5013E-38  4.5013E-38  4.5013E-38  4.5013E-38  4.5013E-38
  4.5012E-38  4.5012E-38  4.5012E-38  4.5012E-38  4.5012E-38
  4.5012E-38  4.5012E-38  4.5012E-38  4.5012E-38  4.5012E-38
  4.5011E-38  4.5011E-38  4.5011E-38  4.5011E-38  4.5011E-38
  4.5011E-38  4.5011E-38  4.5011E-38  4.5011E-38  4.5011E-38
  4.5011E-38  4.5011E-38  4.5011E-38  4.5011E-38  4.5011E-38
  4.5011E-38  4.5011E-38  4.5011E-38  4.5011E-38  4.5011E-38
  4.5011E-38  4.5011E-38  4.5011E-38  4.5011E-38  4.5011E-38
  4.5011E-38  4.5011E-38  4.5011E-38  4.5011E-38  4.5011E-38
  4.5012E-38  4.5012E-38  4.5012E-38  4.5012E-38  4.5012E-38
  4.5012E-38  4.5012E-38  4.5012E-38  4.5012E-38  4.5012E-38
  4.5012E-38  4.5012E-38  4.5012E-38  4.5012E-38  4.5012E-38
  4.5016E-38  4.5016E-38  4.5016E-38  4.5016E-38  4.5016E-38
  4.5038E-38  4.5038E-38  4.5038E-38  4.5038E-38  4.5038E-38
  4.5046E-38  4.5046E-38  4.5046E-38  4.5046E-38  4.5046E-38
  4.5048E-38  4.5048E-38  4.5048E-38  4.5048E-38  4.5048E-38
  4.5013E-38  4.5013E-38  4.5013E-38  4.5013E-38  4.5013E-38
  4.5013E-38  4.5013E-38  4.5013E-38  4.5013E-38  4.5013E-38
  4.5013E-38  4.5013E-38  4.5013E-38  4.5013E-38  4.5013E-38
  4.5013E-38  4.5013E-38  4.5013E-38  4.5013E-38  4.5013E-38
  4.5012E-38  4.5012E-38  4.5012E-38  4.5012E-38  4.5012E-38
  4.5012E-38  4.5012E-38  4.5012E-38  4.5012E-38  4.5012E-38
  4.5011E-38  4.5011E-38  4.5011E-38  4.5011E-38  4.5011E-38
  4.5011E-38  4.5011E-38  4.5011E-38  4.5011E-38  4.5011E-38
  4.5011E-38  4.5011E-38  4.5011E-38  4.5011E-38  4.5011E-38
  4.5011E-38  4.5011E-38  4.5011E-38  4.5011E-38  4.5011E-38
  4.5011E-38  4.5011E-38  4.5011E-38  4.5011E-38  4.5011E-38
  4.5012E-38  4.5012E-38  4.5012E-38  4.5012E-38  4.5012E-38
  4.5012E-38  4.5012E-38  4.5012E-38  4.5012E-38  4.5012E-38
  4.5012E-38  4.5012E-38  4.5012E-38  4.5012E-38  4.5012E-38
  4.5012E-38  4.5012E-38  4.5012E-38  4.5012E-38  4.5012E-38
  4.5034E-38  4.5034E-38  4.5034E-38  4.5034E-38  4.5034E-38
  4.5044E-38  4.5044E-38  4.5044E-38  4.5044E-38  4.5044E-38
  4.5047E-38  4.5047E-38  4.5047E-38  4.5047E-38  4.5047E-38
  4.5013E-38  4.5013E-38  4.5013E-38  4.5013E-38  4.5013E-38
  4.5013E-38  4.5013E-38  4.5013E-38  4.5013E-38  4.5013E-38
  4.5013E-38  4.5013E-38  4.5013E-38  4.5013E-38  4.5013E-38
  4.5013E-38  4.5013E-38  4.5013E-38  4.5013E-38  4.5013E-38
  4.5012E-38  4.5012E-38  4.5012E-38  4.5012E-38  4.5012E-38
  4.5012E-38  4.5012E-38  4.5012E-38  4.5012E-38  4.5012E-38
  4.5012E-38  4.5012E-38  4.5012E-38  4.5012E-38  4.5012E-38
  4.5011E-38  4.5011E-38  4.5011E-38  4.5011E-38  4.5011E-38
  4.5011E-38  4.5011E-38  4.5011E-38  4.5011E-38  4.5011E-38
  4.5011E-38  4.5011E-38  4.5011E-38  4.5011E-38  4.5011E-38
  4.5011E-38  4.5011E-38  4.5011E-38  4.5011E-38  4.5011E-38
  4.5012E-38  4.5012E-38  4.5012E-38  4.5012E-38  4.5012E-38
  4.5012E-38  4.5012E-38  4.5012E-38  4.5012E-38  4.5012E-38
  4.5012E-38  4.5012E-38  4.5012E-38  4.5012E-38  4.5012E-38
  4.5012E-38  4.5012E-38  4.5012E-38  4.5012E-38  4.5012E-38
  4.5020E-38  4.5020E-38  4.5020E-38  4.5020E-38  4.5020E-38
  4.5040E-38  4.5040E-38  4.5040E-38  4.5040E-38  4.5040E-38
  4.5046E-38  4.5046E-38  4.5046E-38  4.5046E-38  4.5046E-38
  4.5000E-38  4.5000E-38  4.5000E-38  4.5000E-38  4.5000E-38
  4.5000E-38  4.5000E-38  4.5000E-38  4.5000E-38  4.5000E-38
  4.5000E-38  4.5000E-38  4.5000E-38  4.5000E-38  4.5000E-38
  4.5000E-38  4.5000E-38  4.5000E-38  4.5000E-38  4.5000E-38
  4.5000E-38  4.5000E-38  4.5000E-38  4.5000E-38  4.5000E-38
  4.5000E-38  4.5000E-38  4.5000E-38  4.5000E-38  4.5000E-38
  4.5000E-38  4.5000E-38  4.5000E-38  4.5000E-38  4.5000E-38
  4.5000E-38  4.5000E-38  4.5000E-38  4.5000E-38  4.5000E-38
  4.5000E-38  4.5000E-38  4.5000E-38  4.5000E-38  4.5000E-38
  4.5000E-38  4.5000E-38  4.5000E-38  4.5000E-38  4.5000E-38
  4.5000E-38  4.5000E-38  4.5000E-38  4.5000E-38  4.5000E-38
  4.5000E-38  4.5000E-38  4.5000E-38  4.5000E-38  4.5000E-38
  4.5000E-38  4.5000E-38  4.5000E-38  4.5000E-38  4.5000E-38
  4.5000E-38  4.5000E-38  4.5000E-38  4.5000E-38  4.5000E-38
  4.5000E-38  4.5000E-38  4.5000E-38  4.5000E-38  4.5000E-38
  4.5000E-38  4.5000E-38  4.5000E-38  4.5000E-38  4.5000E-38
  4.5021E-38  4.5021E-38  4.5021E-38  4.5021E-38  4.5021E-38
  4.5032E-38  4.5032E-38  4.5032E-38  4.5032E-38  4.5032E-38
  4.5000E-38  4.5000E-38  4.5000E-38  4.5000E-38  4.5000E-38
  4.5000E-38  4.5000E-38  4.5000E-38  4.5000E-38  4.5000E-38
  4.5000E-38  4.5000E-38  4.5000E-38  4.5000E-38  4.5000E-38
  4.5000E-38  4.5000E-38  4.5000E-38  4.5000E-38  4.5000E-38
  4.5000E-38  4.5000E-38  4.5000E-38  4.5000E-38  4.5000E-38
  4.5000E-38  4.5000E-38  4.5000E-38  4.5000E-38  4.5000E-38
  4.5000E-38  4.5000E-38  4.5000E-38  4.5000E-38  4.5000E-38
  4.5000E-38  4.5000E-38  4.5000E-38  4.5000E-38  4.5000E-38
  4.5000E-38  4.5000E-38  4.5000E-38  4.5000E-38  4.5000E-38
  4.5000E-38  4.5000E-38  4.5000E-38  4.5000E-38  4.5000E-38
  4.5000E-38  4.5000E-38  4.5000E-38  4.5000E-38  4.5000E-38
  4.5000E-38  4.5000E-38  4.5000E-38  4.5000E-38  4.5000E-38
  4.5000E-38  4.5000E-38  4.5000E-38  4.5000E-38  4.5000E-38
  4.5000E-38  4.5000E-38  4.5000E-38  4.5000E-38  4.5000E-38
  4.5000E-38  4.5000E-38  4.5000E-38  4.5000E-38  4.5000E-38
  4.5000E-38  4.5000E-38  4.5000E-38  4.5000E-38  4.5000E-38
  4.5010E-38  4.5010E-38  4.5010E-38  4.5010E-38  4.5010E-38
  4.5028E-38  4.5028E-38  4.5028E-38  4.5028E-38  4.5028E-38
  4.5000E-38  4.5000E-38  4.5000E-38  4.5000E-38  4.5000E-38
  4.5000E-38  4.5000E-38  4.5000E-38  4.5000E-38  4.5000E-38
  4.5000E-38  4.5000E-38  4.5000E-38  4.5000E-38  4.5000E-38
  4.5000E-38  4.5000E-38  4.5000E-38  4.5000E-38  4.5000E-38
  4.5000E-38  4.5000E-38  4.5000E-38  4.5000E-38  4.5000E-38
  4.5000E-38  4.5000E-38  4.5000E-38  4.5000E-38  4.5000E-38
  4.5000E-38  4.5000E-38  4.5000E-38  4.5000E-38  4.5000E-38
  4.5000E-38  4.5000E-38  4.5000E-38  4.5000E-38  4.5000E-38
  4.5000E-38  4.5000E-38  4.5000E-38  4.5000E-38  4.5000E-38
  4.5000E-38  4.5000E-38  4.5000E-38  4.5000E-38  4.5000E-38
  4.5000E-38  4.5000E-38  4.5000E-38  4.5000E-38  4.5000E-38
  4.5000E-38  4.5000E-38  4.5000E-38  4.5000E-38  4.5000E-38
  4.5000E-38  4.5000E-38  4.5000E-38  4.5000E-38  4.5000E-38
  4.5000E-38  4.5000E-38  4.5000E-38  4.5000E-38  4.5000E-38
  4.5000E-38  4.5000E-38  4.5000E-38  4.5000E-38  4.5000E-38
  4.5000E-38  4.5000E-38  4.5000E-38  4.5000E-38  4.5000E-38
  4.5000E-38  4.5000E-38  4.5000E-38  4.5000E-38  4.5000E-38
  4.5022E-38  4.5022E-38  4.5022E-38  4.5022E-38  4.5022E-38
  4.5000E-38  4.5000E-38  4.5000E-38  4.5000E-38  4.5000E-38
  4.5000E-38  4.5000E-38  4.5000E-38  4.5000E-38  4.5000E-38
  4.5000E-38  4.5000E-38  4.5000E-38  4.5000E-38  4.5000E-38
  4.5000E-38  4.5000E-38  4.5000E-38  4.5000E-38  4.5000E-38
  4.5000E-38  4.5000E-38  4.5000E-38  4.5000E-38  4.5000E-38
  4.5000E-38  4.5000E-38  4.5000E-38  4.5000E-38  4.5000E-38
  4.5000E-38  4.5000E-38  4.5000E-38  4.5000E-38  4.5000E-38
  4.5000E-38  4.5000E-38  4.5000E-38  4.5000E-38  4.5000E-38
  4.5000E-38  4.5000E-38  4.5000E-38  4.5000E-38  4.5000E-38
  4.5000E-38  4.5000E-38  4.5000E-38  4.5000E-38  4.5000E-38
  4.5000E-38  4.5000E-38  4.5000E-38  4.5000E-38  4.5000E-38
  4.5000E-38  4.5000E-38  4.5000E-38  4.5000E-38  4.5000E-38
  4.5000E-38  4.5000E-38  4.5000E-38  4.5000E-38  4.5000E-38
  4.5000E-38  4.5000E-38  4.5000E-38  4.5000E-38  4.5000E-38
  4.5000E-38  4.5000E-38  4.5000E-38  4.5000E-38  4.5000E-38
  4.5000E-38  4.5000E-38  4.5000E-38  4.5000E-38  4.5000E-38
  4.5000E-38  4.5000E-38  4.5000E-38  4.5000E-38  4.5000E-38
  4.5012E-38  4.5012E-38  4.5012E-38  4.5012E-38  4.5012E-38
  4.5000E-38  4.5000E-38  4.5000E-38  4.5000E-38  4.5000E-38
  4.5000E-38  4.5000E-38  4.5000E-38  4.5000E-38  4.5000E-38
  4.5000E-38  4.5000E-38  4.5000E-38  4.5000E-38  4.5000E-38
  4.5000E-38  4.5000E-38  4.5000E-38  4.5000E-38  4.5000E-38
  4.5000E-38  4.5000E-38  4.5000E-38  4.5000E-38  4.5000E-38
  4.5000E-38  4.5000E-38  4.5000E-38  4.5000E-38  4.5000E-38
  4.5000E-38  4.5000E-38  4.5000E-38  4.5000E-38  4.5000E-38
  4.5000E-38  4.5000E-38  4.5000E-38  4.5000E-38  4.5000E-38
  4.5000E-38  4.5000E-38  4.5000E-38  4.5000E-38  4.5000E-38
  4.5000E-38  4.5000E-38  4.5000E-38  4.5000E-38  4.5000E-38
  4.5000E-38  4.5000E-38  4.5000E-38  4.5000E-38  4.5000E-38
  4.5000E-38  4.5000E-38  4.5000E-38  4.5000E-38  4.5000E-38
  4.5000E-38  4.5000E-38  4.5000E-38  4.5000E-38  4.5000E-38
  4.5000E-38  4.5000E-38  4.5000E-38  4.5000E-38  4.5000E-38
  4.5000E-38  4.5000E-38  4.5000E-38  4.5000E-38  4.5000E-38
  4.5000E-38  4.5000E-38  4.5000E-38  4.5000E-38  4.5000E-38
  4.5000E-38  4.5000E-38  4.5000E-38  4.5000E-38  4.5000E-38
  4.5000E-38  4.5000E-38  4.5000E-38  4.5000E-38  4.5000E-38
  4.5000E-38  4.5000E-38  4.5000E-38  4.5000E-38  4.5000E-38
  4.5000E-38  4.5000E-38  4.5000E-38  4.5000E-38  4.5000E-38
  4.5000E-38  4.5000E-38  4.5000E-38  4.5000E-38  4.5000E-38
  4.5000E-38  4.5000E-38  4.5000E-38  4.5000E-38  4.5000E-38
  4.5000E-38  4.5000E-38  4.5000E-38  4.5000E-38  4.5000E-38
  4.5000E-38  4.5000E-38  4.5000E-38  4.5000E-38  4.5000E-38
  4.5000E-38  4.5000E-38  4.5000E-38  4.5000E-38  4.5000E-38
  4.5000E-38  4.5000E-38  4.5000E-38  4.5000E-38  4.5000E-38
  4.5000E-38  4.5000E-38  4.5000E-38  4.5000E-38  4.5000E-38
  4.5000E-38  4.5000E-38  4.5000E-38  4.5000E-38  4.5000E-38
  4.5000E-38  4.5000E-38  4.5000E-38  4.5000E-38  4.5000E-38
  4.5000E-38  4.5000E-38  4.5000E-38  4.5000E-38  4.5000E-38
  4.5000E-38  4.5000E-38  4.5000E-38  4.5000E-38  4.5000E-38
  4.5000E-38  4.5000E-38  4.5000E-38  4.5000E-38  4.5000E-38
  4.5000E-38  4.5000E-38  4.5000E-38  4.5000E-38  4.5000E-38
  4.5000E-38  4.5000E-38  4.5000E-38  4.5000E-38  4.5000E-38
  4.5000E-38  4.5000E-38  4.5000E-38  4.5000E-38  4.5000E-38
  4.5000E-38  4.5000E-38  4.5000E-38  4.5000E-38  4.5000E-38
  4.5000E-38  4.5000E-38  4.5000E-38  4.5000E-38  4.5000E-38
  4.5000E-38  4.5000E-38  4.5000E-38  4.5000E-38  4.5000E-38
  4.5000E-38  4.5000E-38  4.5000E-38  4.5000E-38  4.5000E-38
  4.5000E-38  4.5000E-38  4.5000E-38  4.5000E-38  4.5000E-38
  4.5000E-38  4.5000E-38  4.5000E-38  4.5000E-38  4.5000E-38
  4.5000E-38  4.5000E-38  4.5000E-38  4.5000E-38  4.5000E-38
  4.5000E-38  4.5000E-38  4.5000E-38  4.5000E-38  4.5000E-38
  4.5000E-38  4.5000E-38  4.5000E-38  4.5000E-38  4.5000E-38
  4.5000E-38  4.5000E-38  4.5000E-38  4.5000E-38  4.5000E-38
  4.5000E-38  4.5000E-38  4.5000E-38  4.5000E-38  4.5000E-38
  4.5000E-38  4.5000E-38  4.5000E-38  4.5000E-38  4.5000E-38
  4.5000E-38  4.5000E-38  4.5000E-38  4.5000E-38  4.5000E-38
  4.5000E-38  4.5000E-38  4.5000E-38  4.5000E-38  4.5000E-38
  4.5000E-38  4.5000E-38  4.5000E-38  4.5000E-38  4.5000E-38
  4.5000E-38  4.5000E-38  4.5000E-38  4.5000E-38  4.5000E-38
  4.5000E-38  4.5000E-38  4.5000E-38  4.5000E-38  4.5000E-38
  4.5000E-38  4.5000E-38  4.5000E-38  4.5000E-38  4.5000E-38
  4.5000E-38  4.5000E-38  4.5000E-38  4.5000E-38  4.5000E-38
  4.5005E-38  1.2713E-21  8.4244E-31  9.8990E-30  4.1743E-30
  4.5005E-38  4.2379E-22  1.4682E-31  1.7252E-30  7.2751E-31
  4.5005E-38  1.2715E-22  2.2572E-32  2.6522E-31  1.1184E-31
  4.5005E-38  4.2382E-23  4.1907E-33  4.9243E-32  2.0766E-32
  4.5006E-38  1.2715E-23  6.7307E-34  7.9088E-33  3.3351E-33
  4.5006E-38  4.2383E-24  1.2800E-34  1.5040E-33  6.3425E-34
  4.5006E-38  1.2715E-24  2.0877E-35  2.4530E-34  1.0344E-34
  4.5006E-38  4.2381E-25  4.0021E-36  4.7026E-35  1.9830E-35
  4.5006E-38  1.2714E-25  6.5603E-37  7.7085E-36  3.2506E-36
  4.5006E-38  4.2379E-26  1.2610E-37  1.4817E-36  6.2481E-37
  4.5006E-38  1.2714E-26  4.5006E-38  2.4328E-37  1.0259E-37
  4.5005E-38  4.2379E-27  4.5006E-38  4.6801E-38  4.5006E-38
  4.5005E-38  1.2714E-27  4.5006E-38  4.5006E-38  4.5006E-38
  4.5005E-38  4.2379E-28  4.5006E-38  4.5006E-38  4.5006E-38
  4.5005E-38  1.2714E-28  4.5006E-38  4.5006E-38  4.5006E-38
  4.5005E-38  4.2379E-29  4.5006E-38  4.5006E-38  4.5006E-38
  4.5005E-38  1.2714E-29  4.5006E-38  4.5006E-38  4.5006E-38
  4.5005E-38  4.2379E-30  4.5006E-38  4.5006E-38  4.5006E-38
  2.1027E-35  1.7417E-19  2.9792E-27  2.9616E-26  1.1042E-26
  4.0465E-36  5.8064E-20  4.4036E-28  4.3775E-27  1.9332E-27
  6.6491E-37  1.7421E-20  5.8856E-29  5.8508E-28  2.5839E-28
  1.2797E-37  5.8076E-21  9.9965E-30  9.9374E-29  4.3887E-29
  4.5005E-38  1.7424E-21  1.5075E-30  1.4986E-29  6.6184E-30
  4.5006E-38  5.8081E-22  2.7682E-31  2.7519E-30  1.2153E-30
  4.5006E-38  1.7425E-22  4.4134E-32  4.3873E-31  1.9376E-31
  4.5005E-38  5.8082E-23  8.3603E-33  8.3109E-32  3.6703E-32
  4.5006E-38  1.7424E-23  1.3602E-33  1.3521E-32  5.9712E-33
  4.5006E-38  5.8078E-24  2.6041E-34  2.5887E-33  1.1432E-33
  4.5006E-38  1.7423E-24  4.2655E-35  4.2403E-34  1.8726E-34
  4.5005E-38  5.8078E-25  8.1956E-36  8.1472E-35  3.5980E-35
  4.5005E-38  1.7423E-25  1.3454E-36  1.3374E-35  5.9063E-36
  4.5005E-38  5.8078E-26  2.5877E-37  2.5724E-36  1.1360E-36
  4.5005E-38  1.7423E-26  4.5006E-38  4.2256E-37  1.8661E-37
  4.5005E-38  5.8078E-27  4.5006E-38  8.1309E-38  4.5006E-38
  4.5005E-38  1.7423E-27  4.5006E-38  4.5006E-38  4.5006E-38
  4.5005E-38  5.8078E-28  4.5006E-38  4.5006E-38  4.5006E-38
  5.7134E-32  1.3716E-17  6.2911E-24  5.3891E-23  9.3415E-25
  1.0995E-32  4.5722E-18  7.9460E-25  6.8066E-24  3.5396E-25
  1.8067E-33  1.3719E-18  8.8319E-26  7.5655E-25  1.3115E-25
  3.4770E-34  4.5733E-19  1.2836E-26  1.0994E-25  5.0573E-26
  5.7134E-35  1.3722E-19  1.6865E-27  1.4447E-26  6.6450E-27
  1.0995E-35  4.5743E-20  2.8293E-28  2.4236E-27  1.1148E-27
  1.8067E-36  1.3724E-20  4.2262E-29  3.6203E-28  1.6652E-28
  3.4769E-37  4.5748E-21  7.7168E-30  6.6104E-29  3.0407E-29
  5.7130E-38  1.3724E-21  1.2256E-30  1.0499E-29  4.8295E-30
  4.5005E-38  4.5745E-22  2.3170E-31  1.9848E-30  9.1296E-31
  4.5006E-38  1.3724E-22  3.7649E-32  3.2250E-31  1.4835E-31
  4.5006E-38  4.5746E-23  7.2038E-33  6.1709E-32  2.8384E-32
  4.5005E-38  1.3724E-23  1.1794E-33  1.0103E-32  4.6474E-33
  4.5005E-38  4.5746E-24  2.2657E-34  1.9408E-33  8.9275E-34
  4.5005E-38  1.3724E-24  3.7188E-35  3.1855E-34  1.4653E-34
  4.5005E-38  4.5746E-25  7.1526E-36  6.1271E-35  2.8182E-35
  4.5005E-38  1.3724E-25  1.1748E-36  1.0064E-35  4.6293E-36
  4.5005E-38  4.5746E-26  2.2606E-37  1.9364E-36  8.9073E-37
  6.7238E-29  6.7782E-16  7.2785E-21  5.2181E-20  6.1096E-23
  1.2940E-29  2.2595E-16  8.4941E-22  6.3681E-21  2.1391E-23
  2.1263E-30  6.7789E-17  8.3602E-23  6.2677E-22  7.0178E-24
  4.0920E-31  2.2599E-17  1.0576E-23  7.9287E-23  2.6632E-24
  6.7238E-32  6.7803E-18  1.1780E-24  8.8317E-24  9.8886E-25
  1.2940E-32  2.2604E-18  1.7157E-25  1.2863E-24  4.3205E-25
  2.1263E-33  6.7821E-19  2.2593E-26  1.6938E-25  8.0773E-26
  4.0919E-34  2.2609E-19  3.7964E-27  2.8462E-26  1.3573E-26
  6.7235E-35  6.7829E-20  5.6778E-28  4.2566E-27  2.0300E-27
  1.2939E-35  2.2610E-20  1.0374E-28  7.7779E-28  3.7091E-28
  2.1259E-36  6.7828E-21  1.6486E-29  1.2359E-28  5.8940E-29
  4.0912E-37  2.2610E-21  3.1175E-30  2.3372E-29  1.1145E-29
  6.7225E-38  6.7829E-22  5.0666E-31  3.7985E-30  1.8114E-30
  4.5005E-38  2.2610E-22  9.6955E-32  7.2687E-31  3.4663E-31
  4.5005E-38  6.7830E-23  1.5875E-32  1.1901E-31  5.6757E-32
  4.5005E-38  2.2610E-23  3.0497E-33  2.2864E-32  1.0903E-32
  4.5005E-38  6.7830E-24  5.0056E-34  3.7527E-33  1.7896E-33
  4.5005E-38  2.2610E-24  9.6277E-35  7.2179E-34  3.4420E-34
  3.8855E-26  2.2552E-14  4.4434E-18  2.0083E-18  2.8249E-21
  7.4774E-27  7.5172E-15  5.0309E-19  6.8219E-19  9.5957E-22
  1.2286E-27  2.2552E-15  4.6931E-20  2.1213E-19  2.9838E-22
  2.3646E-28  7.5177E-16  5.5119E-21  3.6645E-20  1.0513E-22
  3.8854E-29  2.2555E-16  5.4833E-22  3.6455E-21  3.4862E-23
  7.4774E-30  7.5190E-17  7.0324E-23  4.6755E-22  1.3414E-23
  1.2287E-30  2.2560E-17  7.9815E-24  5.3064E-23  5.0744E-24
  2.3646E-31  7.5209E-18  1.1840E-24  7.8714E-24  2.2582E-24
  3.8853E-32  2.2565E-18  1.5879E-25  1.0557E-24  5.1992E-25
  7.4769E-33  7.5221E-19  2.7036E-26  1.7975E-25  8.8525E-26
  1.2284E-33  2.2567E-19  4.0846E-27  2.7156E-26  1.3375E-26
  2.3641E-34  7.5224E-20  7.5084E-28  4.9919E-27  2.4585E-27
  3.8847E-35  2.2568E-20  1.1979E-28  7.9647E-28  3.9226E-28
  7.4760E-36  7.5225E-21  2.2703E-29  1.5094E-28  7.4336E-29
  1.2285E-36  2.2568E-21  3.6948E-30  2.4564E-29  1.2097E-29
  2.3641E-37  7.5226E-22  7.0753E-31  4.7040E-30  2.3167E-30
  4.5005E-38  2.2568E-22  1.1590E-31  7.7056E-31  3.7950E-31
  4.5005E-38  7.5226E-23  2.2270E-32  1.4806E-31  7.2919E-32
  2.6539E-19  1.2983E-10  1.1988E-11  1.8049E-14  3.9760E-17
  5.1115E-20  4.3279E-11  4.0015E-12  6.0386E-15  1.3380E-17
  8.4013E-21  1.2983E-11  3.6958E-13  1.8169E-15  4.0264E-18
  1.6170E-21  4.3272E-12  4.1265E-14  6.0868E-16  1.3489E-18
  2.6571E-22  1.2982E-12  3.7503E-15  1.8440E-16  4.0863E-19
  5.1140E-23  4.3272E-13  4.2327E-16  6.2437E-17  1.3836E-19
  8.4035E-24  1.2982E-13  3.9252E-17  1.9299E-17  4.2768E-20
  1.6173E-24  4.3275E-14  4.5693E-18  6.7400E-18  1.4936E-20
  2.6575E-25  1.2984E-14  4.4781E-19  2.2019E-18  4.8793E-21
  5.1143E-26  4.3281E-15  5.6332E-20  2.7797E-19  1.8414E-21
  8.4035E-27  1.2986E-15  6.2259E-21  3.0722E-20  6.7839E-22
  1.6172E-27  4.3289E-16  8.9961E-22  4.4391E-21  2.9409E-22
  2.6571E-28  1.2988E-16  1.1751E-22  5.7984E-22  1.2805E-22
  5.1135E-29  4.3296E-17  1.9628E-23  9.6858E-23  5.1609E-23
  8.4023E-30  1.2990E-17  2.9222E-24  1.4420E-23  7.6833E-24
  1.6170E-30  4.3301E-18  5.3252E-25  2.6277E-24  1.4002E-24
  2.6570E-31  1.2991E-18  8.4469E-26  4.1682E-25  2.2210E-25
  5.1135E-32  4.3303E-19  1.5958E-26  7.8743E-26  4.1957E-26
  5.2850E-15  9.7993E-08  1.0878E-08  1.6817E-11  5.4709E-14
  1.7629E-15  3.2687E-08  4.0082E-09  6.1596E-12  1.9604E-14
  5.2902E-16  9.8088E-09  1.2550E-09  1.9235E-12  6.0671E-15
  1.7635E-16  3.2698E-09  4.2405E-10  6.4968E-13  2.0449E-15
  4.6402E-17  9.8089E-10  1.2800E-10  1.9604E-13  6.1646E-16
  8.9585E-18  3.2693E-10  4.2822E-11  6.5584E-14  2.0617E-16
  1.4751E-18  9.8078E-11  7.4139E-12  1.9779E-14  6.2174E-17
  2.8417E-19  3.2693E-11  8.3012E-13  6.6442E-15  2.0885E-17
  4.6725E-20  9.8079E-12  7.5818E-14  2.0228E-15  6.3583E-18
  8.9954E-21  3.2694E-12  8.6231E-15  6.9020E-16  2.1695E-18
  1.4784E-21  9.8085E-13  8.1103E-16  2.1639E-16  6.8017E-19
  2.8453E-22  3.2696E-13  9.6399E-17  7.7160E-17  2.4254E-19
  4.6754E-23  9.8092E-14  9.7807E-18  2.6097E-17  8.2030E-20
  8.9975E-24  3.2699E-14  1.2855E-18  5.0412E-18  3.2344E-20
  1.4785E-24  9.8109E-15  1.5063E-19  5.9074E-19  1.2634E-20
  2.8452E-25  3.2707E-15  2.3020E-20  9.0281E-20  5.7924E-21
  4.6753E-26  9.8132E-16  3.1766E-21  1.2459E-20  2.6643E-21
  8.9975E-27  3.2713E-16  5.5164E-22  2.1635E-21  1.2238E-21
  6.0500E-13  3.5161E-06  1.2415E-07  2.1360E-10  1.5274E-12
  4.1179E-13  3.5159E-06  1.2401E-07  2.1341E-10  1.5253E-12
  2.2910E-13  1.8001E-06  9.3174E-08  1.5612E-10  9.3452E-13
  1.2195E-13  6.0721E-07  5.1795E-08  8.3776E-11  4.1598E-13
  5.9611E-14  1.8297E-07  2.2641E-08  3.5744E-11  1.5948E-13
  1.9990E-14  6.1070E-08  9.1281E-09  1.4250E-11  6.0811E-14
  5.9997E-15  1.8328E-08  3.0040E-09  4.6655E-12  1.9530E-14
  2.0000E-15  6.1097E-09  1.0344E-09  1.6038E-12  6.6728E-15
  6.0001E-16  1.8330E-09  3.1511E-10  4.8822E-13  2.0268E-15
  1.2564E-16  6.1100E-10  1.0601E-10  1.6421E-13  6.8128E-16
  2.0742E-17  1.8330E-10  1.1398E-11  4.9883E-14  2.0691E-16
  4.0014E-18  6.1102E-11  1.2886E-12  1.6919E-14  7.0173E-17
  6.5847E-19  1.8330E-11  1.1980E-13  5.2440E-15  2.1750E-17
  1.2682E-19  6.1102E-12  1.4001E-14  1.8386E-15  7.6254E-18
  2.0846E-20  1.8331E-12  1.3814E-15  6.0470E-16  2.5079E-18
  4.0127E-21  6.1109E-13  1.7530E-16  2.3022E-16  9.5480E-19
  6.5943E-22  1.8335E-13  1.9613E-17  6.4106E-17  3.5608E-19
  1.2692E-22  6.1123E-14  2.8691E-18  9.3775E-18  1.5627E-19
  4.2430E-12  3.5071E-06  1.3513E-07  2.3574E-10  2.2396E-12
  3.7616E-12  3.5065E-06  1.3491E-07  2.3534E-10  2.2327E-12
  3.0961E-12  3.5059E-06  1.3470E-07  2.3500E-10  2.2271E-12
  2.4220E-12  3.5055E-06  1.3450E-07  2.3468E-10  2.2220E-12
  1.7171E-12  3.5050E-06  1.3417E-07  2.3422E-10  2.2147E-12
  1.1856E-12  3.5042E-06  1.3367E-07  2.3354E-10  2.2041E-12
  6.0641E-13  1.2423E-06  8.6159E-08  1.4470E-10  1.0423E-12
  3.1582E-13  4.1757E-07  4.6698E-08  7.5935E-11  4.6227E-13
  1.4792E-13  1.2565E-07  1.9902E-08  3.1667E-11  1.7527E-13
  5.9680E-14  4.1920E-08  7.9047E-09  1.2452E-11  6.6296E-14
  1.7910E-14  1.2581E-08  2.5892E-09  4.0588E-12  2.1257E-14
  5.9708E-15  4.1939E-09  8.9382E-10  1.3987E-12  7.2868E-15
  1.4840E-15  1.2583E-09  2.7041E-10  4.2889E-13  2.2301E-15
  2.8838E-16  4.1940E-10  3.0693E-11  1.4617E-13  7.5960E-16
  4.7669E-17  1.2582E-10  2.8531E-12  4.5312E-14  2.3542E-16
  9.2017E-18  4.1940E-11  3.3304E-13  1.5871E-14  8.2451E-17
  1.5148E-18  1.2583E-11  3.2790E-14  5.2089E-15  2.7061E-17
  2.9179E-19  4.1947E-12  4.1498E-15  1.9777E-15  1.0274E-17
  1.6467E-11  3.5294E-06  1.5560E-07  2.7735E-10  3.7964E-12
  1.5184E-11  3.5162E-06  1.5178E-07  2.6970E-10  3.5863E-12
  1.4133E-11  3.5069E-06  1.4920E-07  2.6457E-10  3.4520E-12
  1.3223E-11  3.5017E-06  1.4778E-07  2.6177E-10  3.3809E-12
  1.2043E-11  3.4983E-06  1.4680E-07  2.5989E-10  3.3343E-12
  1.0659E-11  3.4963E-06  1.4619E-07  2.5877E-10  3.3070E-12
  8.7754E-12  3.4948E-06  1.4559E-07  2.5777E-10  3.2834E-12
  6.8638E-12  3.4934E-06  1.4494E-07  2.5677E-10  3.2608E-12
  4.8408E-12  3.4914E-06  1.4387E-07  2.5520E-10  3.2259E-12
  3.2599E-12  3.4885E-06  1.4210E-07  2.5268E-10  3.1709E-12
  1.5949E-12  1.1376E-06  9.0106E-08  1.5391E-10  1.4326E-12
  8.3001E-13  3.8214E-07  4.9540E-08  8.1939E-11  6.4154E-13
  3.9385E-13  1.1497E-07  2.1607E-08  3.4912E-11  2.4754E-13
  1.8770E-13  3.8359E-08  8.8053E-09  1.4060E-11  9.5652E-14
  7.6419E-14  1.1511E-08  2.9629E-09  4.7006E-12  3.1401E-14
  2.6642E-14  3.8373E-09  1.0457E-09  1.6546E-12  1.0986E-14
  5.8196E-15  1.1512E-09  1.1323E-10  5.2496E-13  3.4777E-15
  1.1372E-15  3.8378E-10  1.3214E-11  1.8407E-13  1.2185E-15
  1.0547E-10  3.6551E-06  2.0791E-07  3.8787E-10  1.0322E-11
  7.5378E-11  3.6250E-06  1.9633E-07  3.6281E-10  8.4133E-12
  5.6013E-11  3.5896E-06  1.8408E-07  3.3682E-10  6.8853E-12
  4.5571E-11  3.5596E-06  1.7468E-07  3.1720E-10  5.9509E-12
  3.8556E-11  3.5331E-06  1.6699E-07  3.0138E-10  5.3022E-12
  3.4306E-11  3.5156E-06  1.6220E-07  2.9166E-10  4.9421E-12
  3.0624E-11  3.5028E-06  1.5880E-07  2.8483E-10  4.7053E-12
  2.7327E-11  3.4953E-06  1.5679E-07  2.8089E-10  4.5746E-12
  2.3225E-11  3.4899E-06  1.5522E-07  2.7796E-10  4.4806E-12
  1.8918E-11  3.4862E-06  1.5395E-07  2.7577E-10  4.4131E-12
  1.3821E-11  3.4820E-06  1.5220E-07  2.7301E-10  4.3315E-12
  9.3853E-12  3.4767E-06  1.4955E-07  2.6902E-10  4.2180E-12
  5.8347E-12  3.4669E-06  1.4493E-07  2.6213E-10  4.0292E-12
  3.2132E-12  1.3700E-06  1.0137E-07  1.7786E-10  2.1206E-12
  1.6145E-12  4.1499E-07  5.4688E-08  9.2522E-11  8.9753E-13
  8.4022E-13  1.3875E-07  2.6698E-08  4.4079E-11  3.8637E-13
  3.9002E-13  4.1670E-08  1.0526E-08  1.7085E-11  1.4201E-13
  1.8153E-13  1.3896E-08  4.0889E-09  6.5773E-12  5.3558E-14
  9.0434E-10  3.7186E-06  2.3723E-07  4.5229E-10  1.9152E-11
  6.0220E-10  3.7100E-06  2.3365E-07  4.4484E-10  1.8195E-11
  3.7825E-10  3.6952E-06  2.2754E-07  4.3146E-10  1.6226E-11
  2.4920E-10  3.6751E-06  2.1968E-07  4.1410E-10  1.3970E-11
  1.6279E-10  3.6455E-06  2.0889E-07  3.9045E-10  1.1508E-11
  1.1515E-10  3.6132E-06  1.9811E-07  3.6719E-10  9.6145E-12
  8.2707E-11  3.5768E-06  1.8696E-07  3.4353E-10  8.0733E-12
  6.3130E-11  3.5470E-06  1.7854E-07  3.2596E-10  7.1183E-12
  4.7291E-11  3.5212E-06  1.7169E-07  3.1189E-10  6.4458E-12
  3.5514E-11  3.5042E-06  1.6732E-07  3.0309E-10  6.0620E-12
  2.4609E-11  3.4912E-06  1.6390E-07  2.9646E-10  5.7907E-12
  1.6368E-11  3.4823E-06  1.6129E-07  2.9172E-10  5.6082E-12
  9.4468E-12  3.4727E-06  1.5794E-07  2.8616E-10  5.4059E-12
  5.6314E-12  3.4615E-06  1.5374E-07  2.7952E-10  5.1779E-12
  3.1973E-12  3.4428E-06  1.4691E-07  2.6888E-10  4.8341E-12
  1.8693E-12  2.5033E-06  1.2642E-07  2.3083E-10  3.7044E-12
  1.0054E-12  7.6394E-07  7.5299E-08  1.3263E-10  1.6478E-12
  5.6793E-13  2.5602E-07  4.0163E-08  6.8673E-11  7.4253E-13
  2.7477E-09  3.7284E-06  2.4069E-07  4.5158E-10  1.6029E-11
  2.3518E-09  3.7272E-06  2.4071E-07  4.5592E-10  1.8298E-11
  1.8417E-09  3.7242E-06  2.3989E-07  4.5676E-10  1.9715E-11
  1.3736E-09  3.7194E-06  2.3819E-07  4.5430E-10  1.9996E-11
  9.3339E-10  3.7104E-06  2.3488E-07  4.4767E-10  1.9259E-11
  6.3177E-10  3.6972E-06  2.3009E-07  4.3730E-10  1.7768E-11
  4.0700E-10  3.6758E-06  2.2250E-07  4.2060E-10  1.5534E-11
  2.7609E-10  3.6488E-06  2.1356E-07  4.0103E-10  1.3334E-11
  1.8643E-10  3.6130E-06  2.0253E-07  3.7719E-10  1.1166E-11
  1.3473E-10  3.5782E-06  1.9266E-07  3.5623E-10  9.6162E-12
  9.6604E-11  3.5432E-06  1.8338E-07  3.3689E-10  8.4092E-12
  7.1049E-11  3.5168E-06  1.7673E-07  3.2336E-10  7.6698E-12
  4.8258E-11  3.4942E-06  1.7101E-07  3.1217E-10  7.1171E-12
  3.1219E-11  3.4765E-06  1.6622E-07  3.0343E-10  6.7222E-12
  1.8807E-11  3.4562E-06  1.6043E-07  2.9356E-10  6.3127E-12
  1.1616E-11  3.4321E-06  1.5351E-07  2.8223E-10  5.8798E-12
  6.6747E-12  3.3913E-06  1.4251E-07  2.6440E-10  5.2565E-12
  3.9320E-12  2.7665E-06  1.2279E-07  2.2919E-10  4.1491E-12
  3.4299E-09  3.7284E-06  2.3450E-07  4.0498E-10  8.2107E-12
  3.3204E-09  3.7288E-06  2.3790E-07  4.2910E-10  1.1394E-11
  3.1307E-09  3.7288E-06  2.3986E-07  4.4492E-10  1.4889E-11
  2.8704E-09  3.7280E-06  2.4059E-07  4.5280E-10  1.7561E-11
  2.4744E-09  3.7261E-06  2.4051E-07  4.5661E-10  1.9555E-11
  2.0284E-09  3.7227E-06  2.3963E-07  4.5669E-10  2.0439E-11
  1.5122E-09  3.7162E-06  2.3754E-07  4.5327E-10  2.0428E-11
  1.0873E-09  3.7061E-06  2.3424E-07  4.4649E-10  1.9590E-11
  7.2359E-10  3.6888E-06  2.2861E-07  4.3430E-10  1.7906E-11
  4.9069E-10  3.6658E-06  2.2139E-07  4.1852E-10  1.5911E-11
  3.2272E-10  3.6324E-06  2.1151E-07  3.9709E-10  1.3621E-11
  2.2417E-10  3.5967E-06  2.0166E-07  3.7605E-10  1.1761E-11
  1.5252E-10  3.5562E-06  1.9128E-07  3.5437E-10  1.0160E-11
  1.0511E-10  3.5217E-06  1.8286E-07  3.3734E-10  9.0854E-12
  6.6384E-11  3.4868E-06  1.7450E-07  3.2126E-10  8.1973E-12
  4.3061E-11  3.4547E-06  1.6700E-07  3.0767E-10  7.5330E-12
  2.6022E-11  3.4118E-06  1.5736E-07  2.9105E-10  6.8094E-12
  1.5948E-11  3.3552E-06  1.4559E-07  2.7124E-10  6.0401E-12
  3.5509E-09  3.7216E-06  2.0832E-07  2.8486E-10  3.1206E-12
  3.5283E-09  3.7254E-06  2.2232E-07  3.4415E-10  5.0654E-12
  3.4805E-09  3.7275E-06  2.3140E-07  3.9192E-10  7.9791E-12
  3.4040E-09  3.7284E-06  2.3611E-07  4.2078E-10  1.1159E-11
  3.2628E-09  3.7285E-06  2.3894E-07  4.4019E-10  1.4699E-11
  3.0657E-09  3.7280E-06  2.4016E-07  4.5024E-10  1.7458E-11
  2.7516E-09  3.7265E-06  2.4051E-07  4.5571E-10  1.9600E-11
  2.3654E-09  3.7235E-06  2.3998E-07  4.5701E-10  2.0669E-11
  1.8646E-09  3.7175E-06  2.3838E-07  4.5495E-10  2.0926E-11
  1.4012E-09  3.7082E-06  2.3566E-07  4.4968E-10  2.0390E-11
  9.6251E-10  3.6921E-06  2.3084E-07  4.3944E-10  1.9043E-11
  6.5900E-10  3.6696E-06  2.2439E-07  4.2550E-10  1.7274E-11
  4.2853E-10  3.6358E-06  2.1511E-07  4.0556E-10  1.5057E-11
  2.8799E-10  3.5972E-06  2.0523E-07  3.8468E-10  1.3104E-11
  1.8124E-10  3.5493E-06  1.9377E-07  3.6116E-10  1.1265E-11
  1.1731E-10  3.5021E-06  1.8332E-07  3.4057E-10  9.9138E-12
  7.2884E-11  3.4450E-06  1.7184E-07  3.1899E-10  8.7089E-12
  4.6124E-11  3.3803E-06  1.6005E-07  2.9788E-10  7.6981E-12
  3.5552E-09  3.6956E-06  1.4081E-07  1.3150E-10  1.0087E-12
  3.5599E-09  3.7106E-06  1.7674E-07  2.0158E-10  1.8788E-12
  3.5527E-09  3.7197E-06  2.0399E-07  2.7943E-10  3.4260E-12
  3.5328E-09  3.7243E-06  2.1962E-07  3.4005E-10  5.5274E-12
  3.4894E-09  3.7269E-06  2.2985E-07  3.8921E-10  8.5993E-12
  3.4191E-09  3.7280E-06  2.3519E-07  4.1904E-10  1.1850E-11
  3.2883E-09  3.7282E-06  2.3841E-07  4.3916E-10  1.5349E-11
  3.0966E-09  3.7274E-06  2.3984E-07  4.4960E-10  1.7991E-11
  2.8067E-09  3.7256E-06  2.4032E-07  4.5536E-10  1.9992E-11
  2.4367E-09  3.7223E-06  2.3985E-07  4.5679E-10  2.0971E-11
  1.9516E-09  3.7156E-06  2.3825E-07  4.5484E-10  2.1195E-11
  1.4838E-09  3.7051E-06  2.3551E-07  4.4959E-10  2.0686E-11
  1.0252E-09  3.6862E-06  2.3057E-07  4.3931E-10  1.9409E-11
  6.9833E-10  3.6601E-06  2.2389E-07  4.2513E-10  1.7705E-11
  4.3927E-10  3.6190E-06  2.1398E-07  4.0432E-10  1.5501E-11
  2.7684E-10  3.5691E-06  2.0277E-07  3.8136E-10  1.3452E-11
  1.6865E-10  3.5001E-06  1.8901E-07  3.5405E-10  1.1438E-11
  1.0735E-10  3.4210E-06  1.7530E-07  3.2790E-10  9.8497E-12
  3.4985E-09  3.6039E-06  5.5030E-08  3.8515E-11  2.7344E-13
  3.5349E-09  3.6612E-06  9.5817E-08  7.7883E-11  6.0087E-13
  3.5535E-09  3.6939E-06  1.4323E-07  1.4313E-10  1.2884E-12
  3.5568E-09  3.7098E-06  1.7843E-07  2.1475E-10  2.3660E-12
  3.5468E-09  3.7193E-06  2.0502E-07  2.9171E-10  4.2201E-12
  3.5226E-09  3.7239E-06  2.2024E-07  3.4987E-10  6.6420E-12
  3.4713E-09  3.7266E-06  2.3016E-07  3.9590E-10  9.9885E-12
  3.3891E-09  3.7275E-06  2.3533E-07  4.2333E-10  1.3299E-11
  3.2380E-09  3.7273E-06  2.3840E-07  4.4153E-10  1.6614E-11
  3.0201E-09  3.7260E-06  2.3970E-07  4.5077E-10  1.8947E-11
  2.6960E-09  3.7232E-06  2.3995E-07  4.5546E-10  2.0589E-11
  2.3069E-09  3.7180E-06  2.3920E-07  4.5602E-10  2.1288E-11
  1.8079E-09  3.7080E-06  2.3711E-07  4.5290E-10  2.1268E-11
  1.3462E-09  3.6924E-06  2.3366E-07  4.4618E-10  2.0581E-11
  9.0238E-10  3.6644E-06  2.2749E-07  4.3354E-10  1.9133E-11
  5.8234E-10  3.6245E-06  2.1897E-07  4.1608E-10  1.7264E-11
  3.4767E-10  3.5586E-06  2.0618E-07  3.9022E-10  1.4878E-11
  2.1853E-10  3.4734E-06  1.9168E-07  3.6163E-10  1.2698E-11
  3.3341E-09  3.3071E-06  1.5865E-08  1.0478E-11  7.9374E-14
  3.4418E-09  3.4996E-06  3.2921E-08  2.2890E-11  1.7760E-13
  3.5077E-09  3.6134E-06  6.7069E-08  5.2095E-11  4.2836E-13
  3.5383E-09  3.6666E-06  1.0939E-07  9.9281E-11  9.0306E-13
  3.5515E-09  3.6968E-06  1.5474E-07  1.7120E-10  1.8567E-12
  3.5492E-09  3.7114E-06  1.8671E-07  2.4419E-10  3.2891E-12
  3.5304E-09  3.7200E-06  2.1018E-07  3.1724E-10  5.6354E-12
  3.4933E-09  3.7241E-06  2.2337E-07  3.6925E-10  8.4840E-12
  3.4189E-09  3.7261E-06  2.3188E-07  4.0860E-10  1.2073E-11
  3.3031E-09  3.7264E-06  2.3621E-07  4.3121E-10  1.5284E-11
  3.0972E-09  3.7250E-06  2.3863E-07  4.4565E-10  1.8184E-11
  2.8138E-09  3.7222E-06  2.3942E-07  4.5242E-10  2.0020E-11
  2.4210E-09  3.7159E-06  2.3904E-07  4.5489E-10  2.1136E-11
  1.9858E-09  3.7056E-06  2.3745E-07  4.5331E-10  2.1414E-11
  1.4731E-09  3.6857E-06  2.3396E-07  4.4711E-10  2.0970E-11
  1.0291E-09  3.6549E-06  2.2842E-07  4.3625E-10  1.9883E-11
  6.3312E-10  3.5986E-06  2.1856E-07  4.1663E-10  1.7948E-11
  3.9817E-10  3.5172E-06  2.0562E-07  3.9100E-10  1.5717E-11
  2.9669E-09  2.6147E-06  5.1490E-09  3.5048E-12  2.9172E-14
  3.2160E-09  3.0681E-06  1.0962E-08  7.5855E-12  6.3623E-14
  3.3831E-09  3.3797E-06  2.4179E-08  1.7380E-11  1.4848E-13
  3.4700E-09  3.5411E-06  4.7558E-08  3.6669E-11  3.2504E-13
  3.5206E-09  3.6344E-06  8.8122E-08  7.7674E-11  7.4789E-13
  3.5411E-09  3.6777E-06  1.3104E-07  1.3600E-10  1.4917E-12
  3.5439E-09  3.7025E-06  1.7184E-07  2.1437E-10  2.8898E-12
  3.5299E-09  3.7143E-06  1.9855E-07  2.8542E-10  4.8543E-12
  3.4920E-09  3.7211E-06  2.1736E-07  3.5004E-10  7.8125E-12
  3.4269E-09  3.7238E-06  2.2765E-07  3.9265E-10  1.1044E-11
  3.3034E-09  3.7244E-06  2.3409E-07  4.2306E-10  1.4636E-11
  3.1202E-09  3.7227E-06  2.3715E-07  4.3957E-10  1.7453E-11
  2.8149E-09  3.7181E-06  2.3847E-07  4.4917E-10  1.9676E-11
  2.4304E-09  3.7098E-06  2.3820E-07  4.5234E-10  2.0857E-11
  1.9662E-09  3.6936E-06  2.3635E-07  4.5090E-10  2.1314E-11
  1.4907E-09  3.6673E-06  2.3266E-07  4.4471E-10  2.1002E-11
  9.9141E-10  3.6177E-06  2.2537E-07  4.3091E-10  1.9835E-11
  6.4141E-10  3.5412E-06  2.1462E-07  4.0997E-10  1.8041E-11
  2.2980E-09  1.5301E-06  1.6540E-09  1.1779E-12  1.0746E-14
  2.7665E-09  2.2444E-06  3.9389E-09  2.8236E-12  2.5842E-14
  3.1136E-09  2.8566E-06  9.1944E-09  6.6878E-12  6.1649E-14
  3.3104E-09  3.2275E-06  1.8866E-08  1.4094E-11  1.3171E-13
  3.4361E-09  3.4700E-06  3.9574E-08  3.1362E-11  3.0264E-13
  3.4977E-09  3.5905E-06  7.1655E-08  6.2644E-11  6.4227E-13
  3.5291E-09  3.6588E-06  1.1717E-07  1.1989E-10  1.3871E-12
  3.5350E-09  3.6906E-06  1.5711E-07  1.8890E-10  2.5839E-12
  3.5198E-09  3.7086E-06  1.9057E-07  2.6842E-10  4.6468E-12
  3.4826E-09  3.7169E-06  2.1088E-07  3.3160E-10  7.2770E-12
  3.4046E-09  3.7208E-06  2.2452E-07  3.8330E-10  1.0779E-11
  3.2819E-09  3.7210E-06  2.3164E-07  4.1462E-10  1.4089E-11
  3.0643E-09  3.7176E-06  2.3571E-07  4.3527E-10  1.7237E-11
  2.7667E-09  3.7104E-06  2.3708E-07  4.4510E-10  1.9330E-11
  2.3252E-09  3.6951E-06  2.3650E-07  4.4859E-10  2.0658E-11
  1.8575E-09  3.6704E-06  2.3397E-07  4.4606E-10  2.1037E-11
  1.3438E-09  3.6230E-06  2.2835E-07  4.3648E-10  2.0596E-11
  9.0950E-10  3.5483E-06  2.1921E-07  4.1930E-10  1.9348E-11
  1.3155E-09  5.5771E-07  4.5896E-10  3.4223E-13  3.3985E-15
  2.0101E-09  1.1781E-06  1.3113E-09  9.8043E-13  9.7497E-15
  2.6167E-09  1.9898E-06  3.5668E-09  2.6844E-12  2.6784E-14
  2.9958E-09  2.6248E-06  7.9015E-09  6.0171E-12  6.0407E-14
  3.2568E-09  3.1112E-06  1.7419E-08  1.3608E-11  1.3850E-13
  3.3962E-09  3.3851E-06  3.4066E-08  2.7850E-11  2.9090E-13
  3.4791E-09  3.5543E-06  6.5686E-08  5.8871E-11  6.5191E-13
  3.5141E-09  3.6351E-06  1.0545E-07  1.0745E-10  1.3130E-12
  3.5219E-09  3.6804E-06  1.5009E-07  1.8059E-10  2.6124E-12
  3.5049E-09  3.7013E-06  1.8282E-07  2.5355E-10  4.4909E-12
  3.4551E-09  3.7125E-06  2.0738E-07  3.2493E-10  7.3755E-12
  3.3693E-09  3.7162E-06  2.2125E-07  3.7447E-10  1.0578E-11
  3.2090E-09  3.7150E-06  2.2995E-07  4.1082E-10  1.4193E-11
  2.9776E-09  3.7087E-06  2.3390E-07  4.3052E-10  1.7043E-11
  2.6091E-09  3.6940E-06  2.3512E-07  4.4110E-10  1.9266E-11
  2.1719E-09  3.6693E-06  2.3372E-07  4.4283E-10  2.0362E-11
  1.6216E-09  3.6208E-06  2.2898E-07  4.3641E-10  2.0542E-11
  1.1618E-09  3.5452E-06  2.2094E-07  4.2213E-10  1.9826E-11
  2.4043E-10  6.9924E-08  6.3381E-11  5.0421E-14  5.6152E-16
  6.1852E-10  2.0835E-07  2.0109E-10  1.6006E-13  1.7825E-15
  1.3505E-09  6.1225E-07  7.0657E-10  5.6338E-13  6.2799E-15
  2.0743E-09  1.2695E-06  1.9976E-09  1.5988E-12  1.7860E-14
  2.6817E-09  2.0854E-06  5.2817E-09  4.2651E-12  4.7880E-14
  3.0451E-09  2.6993E-06  1.1378E-08  9.3333E-12  1.0573E-13
  3.2863E-09  3.1582E-06  2.4249E-08  2.0561E-11  2.3755E-13
  3.4098E-09  3.4122E-06  4.5413E-08  4.0738E-11  4.8795E-13
  3.4770E-09  3.5671E-06  8.1769E-08  8.1405E-11  1.0525E-12
  3.4963E-09  3.6406E-06  1.2245E-07  1.3893E-10  2.0229E-12
  3.4808E-09  3.6811E-06  1.6392E-07  2.1672E-10  3.8040E-12
  3.4310E-09  3.6985E-06  1.9242E-07  2.8716E-10  6.1948E-12
  3.3236E-09  3.7049E-06  2.1282E-07  3.5044E-10  9.5382E-12
  3.1574E-09  3.7021E-06  2.2368E-07  3.9104E-10  1.2850E-11
  2.8730E-09  3.6885E-06  2.2954E-07  4.1799E-10  1.6116E-11
  2.5058E-09  3.6631E-06  2.3069E-07  4.2943E-10  1.8289E-11
  1.9987E-09  3.6121E-06  2.2777E-07  4.2984E-10  1.9527E-11
  1.4841E-09  3.5309E-06  2.2055E-07  4.1905E-10  1.9530E-11
  3.4701E-11  1.0244E-08  1.1961E-11  1.0078E-14  1.2423E-16
  9.8860E-11  2.9776E-08  3.5087E-11  2.9565E-14  3.6407E-16
  3.0936E-10  1.0037E-07  1.2213E-10  1.0295E-13  1.2672E-15
  7.7979E-10  2.9968E-07  3.9745E-10  3.3535E-13  4.1302E-15
  1.5905E-09  8.2544E-07  1.3714E-09  1.1605E-12  1.4318E-14
  2.2946E-09  1.5517E-06  3.6554E-09  3.1124E-12  3.8542E-14
  2.8380E-09  2.3381E-06  9.0465E-09  7.8074E-12  9.7482E-14
  3.1449E-09  2.8820E-06  1.8552E-08  1.6389E-11  2.0766E-13
  3.3376E-09  3.2686E-06  3.7488E-08  3.4726E-11  4.5412E-13
  3.4267E-09  3.4746E-06  6.5739E-08  6.5619E-11  9.0682E-13
  3.4600E-09  3.5964E-06  1.0737E-07  1.2094E-10  1.8599E-12
  3.4441E-09  3.6522E-06  1.4682E-07  1.8831E-10  3.3562E-12
  3.3743E-09  3.6801E-06  1.8202E-07  2.6662E-10  5.8352E-12
  3.2497E-09  3.6869E-06  2.0392E-07  3.2845E-10  8.7913E-12
  3.0220E-09  3.6780E-06  2.1800E-07  3.7727E-10  1.2359E-11
  2.7105E-09  3.6530E-06  2.2377E-07  4.0365E-10  1.5307E-11
  2.2523E-09  3.5990E-06  2.2376E-07  4.1471E-10  1.7569E-11
  1.7549E-09  3.5120E-06  2.1804E-07  4.0972E-10  1.8420E-11
  8.0024E-12  2.5443E-09  3.7894E-12  3.3584E-15  4.5146E-17
  1.9377E-11  6.1732E-09  9.2102E-12  8.1628E-15  1.0994E-16
  5.6994E-11  1.8315E-08  2.7481E-11  2.4358E-14  3.2766E-16
  1.6247E-10  5.3973E-08  8.2318E-11  7.2977E-14  9.8127E-16
  4.9832E-10  1.8503E-07  2.9852E-10  2.6485E-13  3.5627E-15
  1.1391E-09  5.2383E-07  9.7099E-10  8.6322E-13  1.1627E-14
  1.9897E-09  1.2259E-06  3.0795E-09  2.7530E-12  3.7213E-14
  2.6001E-09  1.9815E-06  7.4340E-09  6.7171E-12  9.1421E-14
  3.0275E-09  2.6737E-06  1.6859E-08  1.5577E-11  2.1517E-13
  3.2517E-09  3.1074E-06  3.2405E-08  3.1071E-11  4.4044E-13
  3.3761E-09  3.3966E-06  6.0503E-08  6.2226E-11  9.3073E-13
  3.4122E-09  3.5422E-06  9.6298E-08  1.0910E-10  1.7792E-12
  3.3836E-09  3.6229E-06  1.3922E-07  1.7967E-10  3.3918E-12
  3.2935E-09  3.6541E-06  1.7275E-07  2.5054E-10  5.6269E-12
  3.1076E-09  3.6580E-06  1.9828E-07  3.1888E-10  8.8171E-12
  2.8381E-09  3.6373E-06  2.1144E-07  3.6340E-10  1.1983E-11
  2.4218E-09  3.5824E-06  2.1641E-07  3.8964E-10  1.4979E-11
  1.9491E-09  3.4898E-06  2.1317E-07  3.9351E-10  1.6647E-11
  3.2159E-12  1.0889E-09  2.0171E-12  1.8696E-15  2.7187E-17
  6.5512E-12  2.2256E-09  4.1253E-12  3.8237E-15  5.5602E-17
  1.5546E-11  5.3018E-09  9.8417E-12  9.1222E-15  1.3288E-16
  3.8050E-11  1.3043E-08  2.4300E-11  2.2525E-14  3.2777E-16
  1.1416E-10  3.9966E-08  7.5374E-11  6.9882E-14  1.0164E-15
  3.2663E-10  1.2206E-07  2.3840E-10  2.2115E-13  3.2177E-15
  9.0572E-10  4.0442E-07  8.8421E-10  8.2180E-13  1.1972E-14
  1.6906E-09  9.6627E-07  2.6533E-09  2.4775E-12  3.6203E-14
  2.4455E-09  1.7887E-06  7.2806E-09  6.8729E-12  1.0118E-13
  2.9009E-09  2.4716E-06  1.5694E-08  1.5102E-11  2.2535E-13
  3.1882E-09  3.0087E-06  3.2348E-08  3.2338E-11  4.9624E-13
  3.3158E-09  3.3141E-06  5.7140E-08  6.0599E-11  9.7495E-13
  3.3504E-09  3.5018E-06  9.5037E-08  1.1111E-10  1.9570E-12
  3.3008E-09  3.5865E-06  1.3348E-07  1.7432E-10  3.4855E-12
  3.1533E-09  3.6202E-06  1.6978E-07  2.5007E-10  5.9896E-12
  2.9184E-09  3.6118E-06  1.9237E-07  3.1001E-10  8.8864E-12
  2.5374E-09  3.5605E-06  2.0475E-07  3.5375E-10  1.2147E-11
  2.0879E-09  3.4644E-06  2.0557E-07  3.6970E-10  1.4438E-11
  1.3574E-12  4.9550E-10  1.1853E-12  1.1578E-15  1.8467E-17
  2.6351E-12  9.6352E-10  2.3055E-12  2.2518E-15  3.5918E-17
  5.4453E-12  1.9967E-09  4.7802E-12  4.6689E-15  7.4472E-17
  1.0896E-11  4.0104E-09  9.6099E-12  9.3865E-15  1.5002E-16
  2.5192E-11  9.3233E-09  2.2397E-11  2.1877E-14  3.4922E-16
  6.0525E-11  2.2612E-08  5.4648E-11  5.3386E-14  8.5177E-16
  1.8125E-10  6.9987E-08  1.7261E-10  1.6869E-13  2.6919E-15
  5.0718E-10  2.1458E-07  5.6043E-10  5.4832E-13  8.7565E-15
  1.2462E-09  6.4921E-07  2.0007E-09  1.9647E-12  3.1459E-14
  2.0317E-09  1.3339E-06  5.4601E-09  5.4051E-12  8.7051E-14
  2.6741E-09  2.1477E-06  1.3510E-08  1.3612E-11  2.2209E-13
  3.0228E-09  2.7399E-06  2.6984E-08  2.7994E-11  4.6717E-13
  3.2092E-09  3.1689E-06  5.1380E-08  5.6294E-11  9.8310E-13
  3.2463E-09  3.3948E-06  8.3273E-08  9.8478E-11  1.8481E-12
  3.1638E-09  3.5165E-06  1.2378E-07  1.6310E-10  3.4617E-12
  2.9755E-09  3.5489E-06  1.5698E-07  2.2933E-10  5.6544E-12
  2.6372E-09  3.5166E-06  1.8138E-07  2.9172E-10  8.6351E-12
  2.2163E-09  3.4230E-06  1.9024E-07  3.2598E-10  1.1271E-11
  5.7774E-13  2.2565E-10  6.7427E-13  6.8927E-16  1.1926E-17
  1.2145E-12  4.7466E-10  1.4185E-12  1.4501E-15  2.5089E-17
  2.5874E-12  1.0126E-09  3.0267E-12  3.0940E-15  5.3533E-17
  5.0102E-12  1.9644E-09  5.8747E-12  6.0054E-15  1.0391E-16
  1.0333E-11  4.0653E-09  1.2169E-11  1.2440E-14  2.1564E-16
  2.0701E-11  8.1837E-09  2.4544E-11  2.5093E-14  4.3450E-16
  4.8454E-11  1.9326E-08  5.8254E-11  5.9562E-14  1.0308E-15
  1.1983E-10  4.8697E-08  1.4864E-10  1.5203E-13  2.6313E-15
  3.6339E-10  1.5727E-07  5.0087E-10  5.1278E-13  8.8818E-15
  9.1072E-10  4.5382E-07  1.6116E-09  1.6545E-12  2.8717E-14
  1.7719E-09  1.1123E-06  5.0872E-09  5.2632E-12  9.1898E-14
  2.4406E-09  1.8636E-06  1.2089E-08  1.2692E-11  2.2416E-13
  2.8919E-09  2.5742E-06  2.6411E-08  2.8566E-11  5.1682E-13
  3.0837E-09  3.0210E-06  4.7877E-08  5.4212E-11  1.0207E-12
  3.1075E-09  3.3065E-06  8.1315E-08  9.9402E-11  2.0175E-12
  2.9825E-09  3.4261E-06  1.1655E-07  1.5602E-10  3.5206E-12
  2.6926E-09  3.4424E-06  1.5023E-07  2.2327E-10  5.8784E-12
  2.3012E-09  3.3660E-06  1.6854E-07  2.7186E-10  8.3647E-12
  1.7129E-13  7.2008E-11  2.7374E-13  2.9400E-16  5.5632E-18
  4.1543E-13  1.7468E-10  6.6408E-13  7.1322E-16  1.3496E-17
  1.0190E-12  4.2865E-10  1.6298E-12  1.7504E-15  3.3121E-17
  2.1573E-12  9.0819E-10  3.4539E-12  3.7095E-15  7.0191E-17
  4.6163E-12  1.9462E-09  7.4050E-12  7.9532E-15  1.5049E-16
  8.9439E-12  3.7795E-09  1.4393E-11  1.5458E-14  2.9305E-16
  1.8405E-11  7.8108E-09  2.9799E-11  3.2008E-14  6.0612E-16
  3.6834E-11  1.5738E-08  6.0256E-11  6.4728E-14  1.2251E-15
  8.7075E-11  3.7737E-08  1.4584E-10  1.5671E-13  2.9663E-15
  2.1817E-10  9.7638E-08  3.8626E-10  4.1532E-13  7.8654E-15
  6.2356E-10  3.0699E-07  1.3089E-09  1.4105E-12  2.6760E-14
  1.3235E-09  7.7134E-07  3.8793E-09  4.2034E-12  8.0107E-14
  2.1375E-09  1.5475E-06  1.0668E-08  1.1718E-11  2.2584E-13
  2.6422E-09  2.2526E-06  2.2632E-08  2.5455E-11  5.0054E-13
  2.8980E-09  2.8239E-06  4.4405E-08  5.2198E-11  1.0685E-12
  2.9051E-09  3.1327E-06  7.2626E-08  9.0805E-11  1.9785E-12
  2.7049E-09  3.2737E-06  1.0791E-07  1.4747E-10  3.5723E-12
  2.3623E-09  3.2548E-06  1.3476E-07  2.0097E-10  5.5388E-12
  4.6093E-14  2.0637E-11  9.6584E-14  1.0827E-16  2.2174E-18
  1.2651E-13  5.6642E-11  2.6509E-13  2.9716E-16  6.0861E-18
  3.5596E-13  1.5941E-10  7.4606E-13  8.3634E-16  1.7128E-17
  8.5575E-13  3.8333E-10  1.7943E-12  2.0115E-15  4.1195E-17
  2.0731E-12  9.2923E-10  4.3507E-12  4.8771E-15  9.9885E-17
  4.3399E-12  1.9473E-09  9.1217E-12  1.0226E-14  2.0943E-16
  9.2044E-12  4.1389E-09  1.9407E-11  2.1756E-14  4.4630E-16
  1.7791E-11  8.0277E-09  3.7707E-11  4.2273E-14  8.6643E-16
  3.6957E-11  1.6787E-08  7.9159E-11  8.8758E-14  1.8184E-15
  7.6253E-11  3.5035E-08  1.6648E-10  1.8671E-13  3.8253E-15
  1.9057E-10  9.0015E-08  4.3682E-10  4.9024E-13  1.0050E-14
  4.7597E-10  2.3943E-07  1.2240E-09  1.3763E-12  2.8256E-14
  1.1348E-09  6.6168E-07  3.9058E-09  4.4156E-12  9.1209E-14
  1.8758E-09  1.3171E-06  9.9525E-09  1.1383E-11  2.3747E-13
  2.4624E-09  2.0925E-06  2.3009E-08  2.6974E-11  5.7526E-13
  2.6898E-09  2.6364E-06  4.2514E-08  5.1793E-11  1.1457E-12
  2.6394E-09  2.9775E-06  7.1684E-08  9.3065E-11  2.2027E-12
  2.3745E-09  3.0709E-06  9.9931E-08  1.3985E-10  3.6348E-12
  1.2679E-14  5.9933E-12  3.3647E-14  3.9166E-17  8.6138E-19
  3.6889E-14  1.7437E-11  9.7889E-14  1.1395E-16  2.5061E-18
  1.1573E-13  5.4710E-11  3.0715E-13  3.5753E-16  7.8631E-18
  3.1115E-13  1.4709E-10  8.2582E-13  9.6130E-16  2.1141E-17
  8.5321E-13  4.0346E-10  2.2654E-12  2.6371E-15  5.7995E-17
  1.9980E-12  9.4528E-10  5.3089E-12  6.1800E-15  1.3591E-16
  4.6920E-12  2.2222E-09  1.2488E-11  1.4537E-14  3.1971E-16
  9.5878E-12  4.5492E-09  2.5592E-11  2.9792E-14  6.5611E-16
  2.0042E-11  9.5444E-09  5.3812E-11  6.2649E-14  1.3786E-15
  3.8925E-11  1.8649E-08  1.0556E-10  1.2292E-13  2.7041E-15
  8.4069E-11  4.0786E-08  2.3297E-10  2.7137E-13  5.9712E-15
  1.8546E-10  9.2148E-08  5.3649E-10  6.2538E-13  1.3770E-14
  4.7503E-10  2.5092E-07  1.5412E-09  1.8004E-12  3.9774E-14
  1.0244E-09  6.0869E-07  4.2065E-09  4.9393E-12  1.0958E-13
  1.7874E-09  1.2845E-06  1.1362E-08  1.3518E-11  3.0341E-13
  2.2882E-09  1.9672E-06  2.3937E-08  2.9145E-11  6.6850E-13
  2.4663E-09  2.5299E-06  4.5524E-08  5.7840E-11  1.3849E-12
  2.3263E-09  2.7865E-06  7.0204E-08  9.4424E-11  2.4117E-12
  4.5523E-15  2.2548E-12  1.4872E-14  1.7905E-17  4.2026E-19
  1.2189E-14  6.0381E-12  3.9826E-14  4.7947E-17  1.1253E-18
  3.8172E-14  1.8912E-11  1.2474E-13  1.5017E-16  3.5247E-18
  1.0911E-13  5.4058E-11  3.5656E-13  4.2926E-16  1.0076E-17
  3.3194E-13  1.6448E-10  1.0849E-12  1.3062E-15  3.0656E-17
  8.5987E-13  4.2616E-10  2.8114E-12  3.3846E-15  7.9440E-17
  2.2586E-12  1.1199E-09  7.3904E-12  8.8975E-15  2.0884E-16
  5.0701E-12  2.5166E-09  1.6617E-11  2.0007E-14  4.7053E-16
  1.1399E-11  5.6694E-09  3.7488E-11  4.5136E-14  1.0605E-15
  2.2682E-11  1.1322E-08  7.5049E-11  9.0371E-14  2.1221E-15
  4.7317E-11  2.3788E-08  1.5852E-10  1.9093E-13  4.4830E-15
  9.5297E-11  4.8511E-08  3.2646E-10  3.9336E-13  9.2395E-15
  2.2193E-10  1.1621E-07  8.0113E-10  9.6632E-13  2.2719E-14
  4.9896E-10  2.7647E-07  2.0080E-09  2.4278E-12  5.7269E-14
  1.0826E-09  6.7969E-07  5.6246E-09  6.8453E-12  1.6239E-13
  1.7192E-09  1.2788E-06  1.3167E-08  1.6241E-11  3.9011E-13
  2.1590E-09  1.9660E-06  2.8191E-08  3.5745E-11  8.8246E-13
  2.1992E-09  2.3953E-06  4.7802E-08  6.3136E-11  1.6289E-12
