Li Na K Rb Cs
  4.5010E-38  4.5010E-38  4.5010E-38  4.5010E-38  4.5010E-38
  4.5010E-38  4.5010E-38  4.5010E-38  4.5010E-38  4.5010E-38
  4.5010E-38  4.5010E-38  4.5010E-38  4.5010E-38  4.5010E-38
  4.5010E-38  4.5010E-38  4.5010E-38  4.5010E-38  4.5010E-38
  4.5010E-38  4.5010E-38  4.5010E-38  4.5010E-38  4.5010E-38
  4.5010E-38  4.5010E-38  4.5010E-38  4.5010E-38  4.5010E-38
  4.5010E-38  4.5010E-38  4.5010E-38  4.5010E-38  4.5010E-38
  4.5010E-38  4.5010E-38  4.5010E-38  4.5010E-38  4.5010E-38
  4.5010E-38  4.5010E-38  4.5010E-38  4.5010E-38  4.5010E-38
  4.5010E-38  4.5010E-38  4.5010E-38  4.5010E-38  4.5010E-38
  4.5010E-38  4.5010E-38  4.5010E-38  4.5010E-38  4.5010E-38
  4.5010E-38  4.5010E-38  4.5010E-38  4.5010E-38  4.5010E-38
  4.5010E-38  4.5010E-38  4.5010E-38  4.5010E-38  4.5010E-38
  4.5010E-38  4.5010E-38  4.5010E-38  4.5010E-38  4.5010E-38
  4.5010E-38  4.5010E-38  4.5010E-38  4.5010E-38  4.5010E-38
  4.5009E-38  4.5009E-38  4.5009E-38  4.5009E-38  4.5009E-38
  4.5009E-38  4.5009E-38  4.5009E-38  4.5009E-38  4.5009E-38
  4.5009E-38  4.5009E-38  4.5009E-38  4.5009E-38  4.5009E-38
  4.5009E-38  4.5009E-38  4.5009E-38  4.5009E-38  4.5009E-38
  4.5009E-38  4.5009E-38  4.5009E-38  4.5009E-38  4.5009E-38
  4.5010E-38  4.5010E-38  4.5010E-38  4.5010E-38  4.5010E-38
  4.5010E-38  4.5010E-38  4.5010E-38  4.5010E-38  4.5010E-38
  4.5010E-38  4.5010E-38  4.5010E-38  4.5010E-38  4.5010E-38
  4.5010E-38  4.5010E-38  4.5010E-38  4.5010E-38  4.5010E-38
  4.5010E-38  4.5010E-38  4.5010E-38  4.5010E-38  4.5010E-38
  4.5010E-38  4.5010E-38  4.5010E-38  4.5010E-38  4.5010E-38
  4.5010E-38  4.5010E-38  4.5010E-38  4.5010E-38  4.5010E-38
  4.5010E-38  4.5010E-38  4.5010E-38  4.5010E-38  4.5010E-38
  4.5010E-38  4.5010E-38  4.5010E-38  4.5010E-38  4.5010E-38
  4.5010E-38  4.5010E-38  4.5010E-38  4.5010E-38  4.5010E-38
  4.5010E-38  4.5010E-38  4.5010E-38  4.5010E-38  4.5010E-38
  4.5009E-38  4.5009E-38  4.5009E-38  4.5009E-38  4.5009E-38
  4.5009E-38  4.5009E-38  4.5009E-38  4.5009E-38  4.5009E-38
  4.5009E-38  4.5009E-38  4.5009E-38  4.5009E-38  4.5009E-38
  4.5009E-38  4.5009E-38  4.5009E-38  4.5009E-38  4.5009E-38
  4.5009E-38  4.5009E-38  4.5009E-38  4.5009E-38  4.5009E-38
  4.5009E-38  4.5009E-38  4.5009E-38  4.5009E-38  4.5009E-38
  4.5009E-38  4.5009E-38  4.5009E-38  4.5009E-38  4.5009E-38
  4.5009E-38  4.5009E-38  4.5009E-38  4.5009E-38  4.5009E-38
  4.5010E-38  4.5010E-38  4.5010E-38  4.5010E-38  4.5010E-38
  4.5010E-38  4.5010E-38  4.5010E-38  4.5010E-38  4.5010E-38
  4.5010E-38  4.5010E-38  4.5010E-38  4.5010E-38  4.5010E-38
  4.5010E-38  4.5010E-38  4.5010E-38  4.5010E-38  4.5010E-38
  4.5010E-38  4.5010E-38  4.5010E-38  4.5010E-38  4.5010E-38
  4.5010E-38  4.5010E-38  4.5010E-38  4.5010E-38  4.5010E-38
  4.5010E-38  4.5010E-38  4.5010E-38  4.5010E-38  4.5010E-38
  4.5010E-38  4.5010E-38  4.5010E-38  4.5010E-38  4.5010E-38
  4.5010E-38  4.5010E-38  4.5010E-38  4.5010E-38  4.5010E-38
  4.5009E-38  4.5009E-38  4.5009E-38  4.5009E-38  4.5009E-38
  4.5009E-38  4.5009E-38  4.5009E-38  4.5009E-38  4.5009E-38
  4.5009E-38  4.5009E-38  4.5009E-38  4.5009E-38  4.5009E-38
  4.5009E-38  4.5009E-38  4.5009E-38  4.5009E-38  4.5009E-38
  4.5009E-38  4.5009E-38  4.5009E-38  4.5009E-38  4.5009E-38
  4.5009E-38  4.5009E-38  4.5009E-38  4.5009E-38  4.5009E-38
  4.5009E-38  4.5009E-38  4.5009E-38  4.5009E-38  4.5009E-38
  4.5009E-38  4.5009E-38  4.5009E-38  4.5009E-38  4.5009E-38
  4.5009E-38  4.5009E-38  4.5009E-38  4.5009E-38  4.5009E-38
  4.5009E-38  4.5009E-38  4.5009E-38  4.5009E-38  4.5009E-38
  4.5010E-38  4.5010E-38  4.5010E-38  4.5010E-38  4.5010E-38
  4.5010E-38  4.5010E-38  4.5010E-38  4.5010E-38  4.5010E-38
  4.5010E-38  4.5010E-38  4.5010E-38  4.5010E-38  4.5010E-38
  4.5010E-38  4.5010E-38  4.5010E-38  4.5010E-38  4.5010E-38
  4.5010E-38  4.5010E-38  4.5010E-38  4.5010E-38  4.5010E-38
  4.5010E-38  4.5010E-38  4.5010E-38  4.5010E-38  4.5010E-38
  4.5010E-38  4.5010E-38  4.5010E-38  4.5010E-38  4.5010E-38
  4.5008E-38  4.5008E-38  4.5008E-38  4.5008E-38  4.5008E-38
  4.5009E-38  4.5009E-38  4.5009E-38  4.5009E-38  4.5009E-38
  4.5009E-38  4.5009E-38  4.5009E-38  4.5009E-38  4.5009E-38
  4.5009E-38  4.5009E-38  4.5009E-38  4.5009E-38  4.5009E-38
  4.5009E-38  4.5009E-38  4.5009E-38  4.5009E-38  4.5009E-38
  4.5009E-38  4.5009E-38  4.5009E-38  4.5009E-38  4.5009E-38
  4.5009E-38  4.5009E-38  4.5009E-38  4.5009E-38  4.5009E-38
  4.5009E-38  4.5009E-38  4.5009E-38  4.5009E-38  4.5009E-38
  4.5009E-38  4.5009E-38  4.5009E-38  4.5009E-38  4.5009E-38
  4.5009E-38  4.5009E-38  4.5009E-38  4.5009E-38  4.5009E-38
  4.5009E-38  4.5009E-38  4.5009E-38  4.5009E-38  4.5009E-38
  4.5009E-38  4.5009E-38  4.5009E-38  4.5009E-38  4.5009E-38
  4.5010E-38  4.5010E-38  4.5010E-38  4.5010E-38  4.5010E-38
  4.5010E-38  4.5010E-38  4.5010E-38  4.5010E-38  4.5010E-38
  4.5010E-38  4.5010E-38  4.5010E-38  4.5010E-38  4.5010E-38
  4.5010E-38  4.5010E-38  4.5010E-38  4.5010E-38  4.5010E-38
  4.5010E-38  4.5010E-38  4.5010E-38  4.5010E-38  4.5010E-38
  4.5008E-38  4.5008E-38  4.5008E-38  4.5008E-38  4.5008E-38
  4.5008E-38  4.5008E-38  4.5008E-38  4.5008E-38  4.5008E-38
  4.5008E-38  4.5008E-38  4.5008E-38  4.5008E-38  4.5008E-38
  4.5008E-38  4.5008E-38  4.5008E-38  4.5008E-38  4.5008E-38
  4.5009E-38  4.5009E-38  4.5009E-38  4.5009E-38  4.5009E-38
  4.5009E-38  4.5009E-38  4.5009E-38  4.5009E-38  4.5009E-38
  4.5009E-38  4.5009E-38  4.5009E-38  4.5009E-38  4.5009E-38
  4.5009E-38  4.5009E-38  4.5009E-38  4.5009E-38  4.5009E-38
  4.5009E-38  4.5009E-38  4.5009E-38  4.5009E-38  4.5009E-38
  4.5009E-38  4.5009E-38  4.5009E-38  4.5009E-38  4.5009E-38
  4.5009E-38  4.5009E-38  4.5009E-38  4.5009E-38  4.5009E-38
  4.5009E-38  4.5009E-38  4.5009E-38  4.5009E-38  4.5009E-38
  4.5009E-38  4.5009E-38  4.5009E-38  4.5009E-38  4.5009E-38
  4.5009E-38  4.5009E-38  4.5009E-38  4.5009E-38  4.5009E-38
  4.5010E-38  4.5010E-38  4.5010E-38  4.5010E-38  4.5010E-38
  4.5010E-38  4.5010E-38  4.5010E-38  4.5010E-38  4.5010E-38
  4.5010E-38  4.5010E-38  4.5010E-38  4.5010E-38  4.5010E-38
  4.5006E-38  4.5006E-38  4.5006E-38  4.5006E-38  4.5006E-38
  4.5008E-38  4.5008E-38  4.5008E-38  4.5008E-38  4.5008E-38
  4.5008E-38  4.5008E-38  4.5008E-38  4.5008E-38  4.5008E-38
  4.5008E-38  4.5008E-38  4.5008E-38  4.5008E-38  4.5008E-38
  4.5008E-38  4.5008E-38  4.5008E-38  4.5008E-38  4.5008E-38
  4.5008E-38  4.5008E-38  4.5008E-38  4.5008E-38  4.5008E-38
  4.5009E-38  4.5009E-38  4.5009E-38  4.5009E-38  4.5009E-38
  4.5009E-38  4.5009E-38  4.5009E-38  4.5009E-38  4.5009E-38
  4.5009E-38  4.5009E-38  4.5009E-38  4.5009E-38  4.5009E-38
  4.5009E-38  4.5009E-38  4.5009E-38  4.5009E-38  4.5009E-38
  4.5009E-38  4.5009E-38  4.5009E-38  4.5009E-38  4.5009E-38
  4.5009E-38  4.5009E-38  4.5009E-38  4.5009E-38  4.5009E-38
  4.5009E-38  4.5009E-38  4.5009E-38  4.5009E-38  4.5009E-38
  4.5009E-38  4.5009E-38  4.5009E-38  4.5009E-38  4.5009E-38
  4.5009E-38  4.5009E-38  4.5009E-38  4.5009E-38  4.5009E-38
  4.5009E-38  4.5009E-38  4.5009E-38  4.5009E-38  4.5009E-38
  4.5010E-38  4.5010E-38  4.5010E-38  4.5010E-38  4.5010E-38
  4.5002E-38  4.5002E-38  4.5002E-38  4.5002E-38  4.5002E-38
  4.5002E-38  4.5002E-38  4.5002E-38  4.5002E-38  4.5002E-38
  4.5005E-38  4.5005E-38  4.5005E-38  4.5005E-38  4.5005E-38
  4.5007E-38  4.5007E-38  4.5007E-38  4.5007E-38  4.5007E-38
  4.5008E-38  4.5008E-38  4.5008E-38  4.5008E-38  4.5008E-38
  4.5008E-38  4.5008E-38  4.5008E-38  4.5008E-38  4.5008E-38
  4.5008E-38  4.5008E-38  4.5008E-38  4.5008E-38  4.5008E-38
  4.5008E-38  4.5008E-38  4.5008E-38  4.5008E-38  4.5008E-38
  4.5009E-38  4.5009E-38  4.5009E-38  4.5009E-38  4.5009E-38
  4.5009E-38  4.5009E-38  4.5009E-38  4.5009E-38  4.5009E-38
  4.5009E-38  4.5009E-38  4.5009E-38  4.5009E-38  4.5009E-38
  4.5009E-38  4.5009E-38  4.5009E-38  4.5009E-38  4.5009E-38
  4.5009E-38  4.5009E-38  4.5009E-38  4.5009E-38  4.5009E-38
  4.5009E-38  4.5009E-38  4.5009E-38  4.5009E-38  4.5009E-38
  4.5009E-38  4.5009E-38  4.5009E-38  4.5009E-38  4.5009E-38
  4.5009E-38  4.5009E-38  4.5009E-38  4.5009E-38  4.5009E-38
  4.5009E-38  4.5009E-38  4.5009E-38  4.5009E-38  4.5009E-38
  4.5001E-38  4.5001E-38  4.5001E-38  4.5001E-38  4.5001E-38
  4.5002E-38  4.5002E-38  4.5002E-38  4.5002E-38  4.5002E-38
  4.5001E-38  4.5001E-38  4.5001E-38  4.5001E-38  4.5001E-38
  4.5002E-38  4.5002E-38  4.5002E-38  4.5002E-38  4.5002E-38
  4.5005E-38  4.5005E-38  4.5005E-38  4.5005E-38  4.5005E-38
  4.5007E-38  4.5007E-38  4.5007E-38  4.5007E-38  4.5007E-38
  4.5008E-38  4.5008E-38  4.5008E-38  4.5008E-38  4.5008E-38
  4.5008E-38  4.5008E-38  4.5008E-38  4.5008E-38  4.5008E-38
  4.5008E-38  4.5008E-38  4.5008E-38  4.5008E-38  4.5008E-38
  4.5008E-38  4.5008E-38  4.5008E-38  4.5008E-38  4.5008E-38
  4.5008E-38  4.5008E-38  4.5008E-38  4.5008E-38  4.5008E-38
  4.5009E-38  4.5009E-38  4.5009E-38  4.5009E-38  4.5009E-38
  4.5009E-38  4.5009E-38  4.5009E-38  4.5009E-38  4.5009E-38
  4.5009E-38  4.5009E-38  4.5009E-38  4.5009E-38  4.5009E-38
  4.5009E-38  4.5009E-38  4.5009E-38  4.5009E-38  4.5009E-38
  4.5009E-38  4.5009E-38  4.5009E-38  4.5009E-38  4.5009E-38
  4.5009E-38  4.5009E-38  4.5009E-38  4.5009E-38  4.5009E-38
  4.5002E-38  4.5002E-38  4.5002E-38  4.5002E-38  4.5002E-38
  4.5002E-38  4.5002E-38  4.5002E-38  4.5002E-38  4.5002E-38
  4.5002E-38  4.5002E-38  4.5002E-38  4.5002E-38  4.5002E-38
  4.5002E-38  4.5002E-38  4.5002E-38  4.5002E-38  4.5002E-38
  4.5002E-38  4.5002E-38  4.5002E-38  4.5002E-38  4.5002E-38
  4.5002E-38  4.5002E-38  4.5002E-38  4.5002E-38  4.5002E-38
  4.5006E-38  4.5006E-38  4.5006E-38  4.5006E-38  4.5006E-38
  4.5008E-38  4.5008E-38  4.5008E-38  4.5008E-38  4.5008E-38
  4.5008E-38  4.5008E-38  4.5008E-38  4.5008E-38  4.5008E-38
  4.5008E-38  4.5008E-38  4.5008E-38  4.5008E-38  4.5008E-38
  4.5008E-38  4.5008E-38  4.5008E-38  4.5008E-38  4.5008E-38
  4.5008E-38  4.5008E-38  4.5008E-38  4.5008E-38  4.5008E-38
  4.5009E-38  4.5009E-38  4.5009E-38  4.5009E-38  4.5009E-38
  4.5009E-38  4.5009E-38  4.5009E-38  4.5009E-38  4.5009E-38
  4.5009E-38  4.5009E-38  4.5009E-38  4.5009E-38  4.5009E-38
  4.5009E-38  4.5009E-38  4.5009E-38  4.5009E-38  4.5009E-38
  4.5009E-38  4.5009E-38  4.5009E-38  4.5009E-38  4.5009E-38
  4.5002E-38  4.5002E-38  4.5002E-38  4.5002E-38  4.5002E-38
  4.5002E-38  4.5002E-38  4.5002E-38  4.5002E-38  4.5002E-38
  4.5002E-38  4.5002E-38  4.5002E-38  4.5002E-38  4.5002E-38
  4.5002E-38  4.5002E-38  4.5002E-38  4.5002E-38  4.5002E-38
  4.5002E-38  4.5002E-38  4.5002E-38  4.5002E-38  4.5002E-38
  4.5002E-38  4.5002E-38  4.5002E-38  4.5002E-38  4.5002E-38
  4.5002E-38  4.5002E-38  4.5002E-38  4.5002E-38  4.5002E-38
  4.5004E-38  4.5004E-38  4.5004E-38  4.5004E-38  4.5004E-38
  4.5007E-38  4.5007E-38  4.5007E-38  4.5007E-38  4.5007E-38
  4.5008E-38  4.5008E-38  4.5008E-38  4.5008E-38  4.5008E-38
  4.5008E-38  4.5008E-38  4.5008E-38  4.5008E-38  4.5008E-38
  4.5008E-38  4.5008E-38  4.5008E-38  4.5008E-38  4.5008E-38
  4.5008E-38  4.5008E-38  4.5008E-38  4.5008E-38  4.5008E-38
  4.5009E-38  4.5009E-38  4.5009E-38  4.5009E-38  4.5009E-38
  4.5009E-38  4.5009E-38  4.5009E-38  4.5009E-38  4.5009E-38
  4.5009E-38  4.5009E-38  4.5009E-38  4.5009E-38  4.5009E-38
  4.5009E-38  4.5009E-38  4.5009E-38  4.5009E-38  4.5009E-38
  4.5002E-38  4.5002E-38  4.5002E-38  4.5002E-38  4.5002E-38
  4.5002E-38  4.5002E-38  4.5002E-38  4.5002E-38  4.5002E-38
  4.5002E-38  4.5002E-38  4.5002E-38  4.5002E-38  4.5002E-38
  4.5002E-38  4.5002E-38  4.5002E-38  4.5002E-38  4.5002E-38
  4.5002E-38  4.5002E-38  4.5002E-38  4.5002E-38  4.5002E-38
  4.5002E-38  4.5002E-38  4.5002E-38  4.5002E-38  4.5002E-38
  4.5002E-38  4.5002E-38  4.5002E-38  4.5002E-38  4.5002E-38
  4.5002E-38  4.5002E-38  4.5002E-38  4.5002E-38  4.5002E-38
  4.5002E-38  4.5002E-38  4.5002E-38  4.5002E-38  4.5002E-38
  4.5006E-38  4.5006E-38  4.5006E-38  4.5006E-38  4.5006E-38
  4.5008E-38  4.5008E-38  4.5008E-38  4.5008E-38  4.5008E-38
  4.5008E-38  4.5008E-38  4.5008E-38  4.5008E-38  4.5008E-38
  4.5008E-38  4.5008E-38  4.5008E-38  4.5008E-38  4.5008E-38
  4.5008E-38  4.5008E-38  4.5008E-38  4.5008E-38  4.5008E-38
  4.5009E-38  4.5009E-38  4.5009E-38  4.5009E-38  4.5009E-38
  4.5009E-38  4.5009E-38  4.5009E-38  4.5009E-38  4.5009E-38
  4.5009E-38  4.5009E-38  4.5009E-38  4.5009E-38  4.5009E-38
  4.5002E-38  4.5002E-38  4.5002E-38  4.5002E-38  4.5002E-38
  4.5002E-38  4.5002E-38  4.5002E-38  4.5002E-38  4.5002E-38
  4.5002E-38  4.5002E-38  4.5002E-38  4.5002E-38  4.5002E-38
  4.5002E-38  4.5002E-38  4.5002E-38  4.5002E-38  4.5002E-38
  4.5002E-38  4.5002E-38  4.5002E-38  4.5002E-38  4.5002E-38
  4.5002E-38  4.5002E-38  4.5002E-38  4.5002E-38  4.5002E-38
  4.5002E-38  4.5002E-38  4.5002E-38  4.5002E-38  4.5002E-38
  4.5002E-38  4.5002E-38  4.5002E-38  4.5002E-38  4.5002E-38
  4.5002E-38  4.5002E-38  4.5002E-38  4.5002E-38  4.5002E-38
  4.5002E-38  4.5002E-38  4.5002E-38  4.5002E-38  4.5002E-38
  4.5005E-38  4.5005E-38  4.5005E-38  4.5005E-38  4.5005E-38
  4.5007E-38  4.5007E-38  4.5007E-38  4.5007E-38  4.5007E-38
  4.5008E-38  4.5008E-38  4.5008E-38  4.5008E-38  4.5008E-38
  4.5008E-38  4.5008E-38  4.5008E-38  4.5008E-38  4.5008E-38
  4.5008E-38  4.5008E-38  4.5008E-38  4.5008E-38  4.5008E-38
  4.5008E-38  4.5008E-38  4.5008E-38  4.5008E-38  4.5008E-38
  4.5009E-38  4.5009E-38  4.5009E-38  4.5009E-38  4.5009E-38
  4.5002E-38  4.5002E-38  4.5002E-38  4.5002E-38  4.5002E-38
  4.5002E-38  4.5002E-38  4.5002E-38  4.5002E-38  4.5002E-38
  4.5002E-38  4.5002E-38  4.5002E-38  4.5002E-38  4.5002E-38
  4.5002E-38  4.5002E-38  4.5002E-38  4.5002E-38  4.5002E-38
  4.5002E-38  4.5002E-38  4.5002E-38  4.5002E-38  4.5002E-38
  4.5002E-38  4.5002E-38  4.5002E-38  4.5002E-38  4.5002E-38
  4.5002E-38  4.5002E-38  4.5002E-38  4.5002E-38  4.5002E-38
  4.5002E-38  4.5002E-38  4.5002E-38  4.5002E-38  4.5002E-38
  4.5002E-38  4.5002E-38  4.5002E-38  4.5002E-38  4.5002E-38
  4.5002E-38  4.5002E-38  4.5002E-38  4.5002E-38  4.5002E-38
  4.5002E-38  4.5002E-38  4.5002E-38  4.5002E-38  4.5002E-38
  4.5005E-38  4.5005E-38  4.5005E-38  4.5005E-38  4.5005E-38
  4.5007E-38  4.5007E-38  4.5007E-38  4.5007E-38  4.5007E-38
  4.5008E-38  4.5008E-38  4.5008E-38  4.5008E-38  4.5008E-38
  4.5008E-38  4.5008E-38  4.5008E-38  4.5008E-38  4.5008E-38
  4.5008E-38  4.5008E-38  4.5008E-38  4.5008E-38  4.5008E-38
  4.5008E-38  4.5008E-38  4.5008E-38  4.5008E-38  4.5008E-38
  4.5002E-38  4.5002E-38  4.5002E-38  4.5002E-38  4.5002E-38
  4.5002E-38  4.5002E-38  4.5002E-38  4.5002E-38  4.5002E-38
  4.5002E-38  4.5002E-38  4.5002E-38  4.5002E-38  4.5002E-38
  4.5002E-38  4.5002E-38  4.5002E-38  4.5002E-38  4.5002E-38
  4.5002E-38  4.5002E-38  4.5002E-38  4.5002E-38  4.5002E-38
  4.5002E-38  4.5002E-38  4.5002E-38  4.5002E-38  4.5002E-38
  4.5002E-38  4.5002E-38  4.5002E-38  4.5002E-38  4.5002E-38
  4.5002E-38  4.5002E-38  4.5002E-38  4.5002E-38  4.5002E-38
  4.5002E-38  4.5002E-38  4.5002E-38  4.5002E-38  4.5002E-38
  4.5002E-38  4.5002E-38  4.5002E-38  4.5002E-38  4.5002E-38
  4.5002E-38  4.5002E-38  4.5002E-38  4.5002E-38  4.5002E-38
  4.5002E-38  4.5002E-38  4.5002E-38  4.5002E-38  4.5002E-38
  4.5004E-38  4.5004E-38  4.5004E-38  4.5004E-38  4.5004E-38
  4.5007E-38  4.5007E-38  4.5007E-38  4.5007E-38  4.5007E-38
  4.5008E-38  4.5008E-38  4.5008E-38  4.5008E-38  4.5008E-38
  4.5008E-38  4.5008E-38  4.5008E-38  4.5008E-38  4.5008E-38
  4.5008E-38  4.5008E-38  4.5008E-38  4.5008E-38  4.5008E-38
  4.5002E-38  4.5002E-38  4.5002E-38  4.5002E-38  4.5002E-38
  4.5002E-38  4.5002E-38  4.5002E-38  4.5002E-38  4.5002E-38
  4.5002E-38  4.5002E-38  4.5002E-38  4.5002E-38  4.5002E-38
  4.5002E-38  4.5002E-38  4.5002E-38  4.5002E-38  4.5002E-38
  4.5002E-38  4.5002E-38  4.5002E-38  4.5002E-38  4.5002E-38
  4.5002E-38  4.5002E-38  4.5002E-38  4.5002E-38  4.5002E-38
  4.5002E-38  4.5002E-38  4.5002E-38  4.5002E-38  4.5002E-38
  4.5002E-38  4.5002E-38  4.5002E-38  4.5002E-38  4.5002E-38
  4.5002E-38  4.5002E-38  4.5002E-38  4.5002E-38  4.5002E-38
  4.5002E-38  4.5002E-38  4.5002E-38  4.5002E-38  4.5002E-38
  4.5002E-38  4.5002E-38  4.5002E-38  4.5002E-38  4.5002E-38
  4.5002E-38  4.5002E-38  4.5002E-38  4.5002E-38  4.5002E-38
  4.5002E-38  4.5002E-38  4.5002E-38  4.5002E-38  4.5002E-38
  4.5004E-38  4.5004E-38  4.5004E-38  4.5004E-38  4.5004E-38
  4.5007E-38  4.5007E-38  4.5007E-38  4.5007E-38  4.5007E-38
  4.5008E-38  4.5008E-38  4.5008E-38  4.5008E-38  4.5008E-38
  4.5008E-38  4.5008E-38  4.5008E-38  4.5008E-38  4.5008E-38
  4.5002E-38  4.5002E-38  4.5002E-38  4.5002E-38  4.5002E-38
  4.5002E-38  4.5002E-38  4.5002E-38  4.5002E-38  4.5002E-38
  4.5002E-38  4.5002E-38  4.5002E-38  4.5002E-38  4.5002E-38
  4.5002E-38  4.5002E-38  4.5002E-38  4.5002E-38  4.5002E-38
  4.5002E-38  4.5002E-38  4.5002E-38  4.5002E-38  4.5002E-38
  4.5002E-38  4.5002E-38  4.5002E-38  4.5002E-38  4.5002E-38
  4.5002E-38  4.5002E-38  4.5002E-38  4.5002E-38  4.5002E-38
  4.5002E-38  4.5002E-38  4.5002E-38  4.5002E-38  4.5002E-38
  4.5002E-38  4.5002E-38  4.5002E-38  4.5002E-38  4.5002E-38
  4.5002E-38  4.5002E-38  4.5002E-38  4.5002E-38  4.5002E-38
  4.5002E-38  4.5002E-38  4.5002E-38  4.5002E-38  4.5002E-38
  4.5002E-38  4.5002E-38  4.5002E-38  4.5002E-38  4.5002E-38
  4.5002E-38  4.5002E-38  4.5002E-38  4.5002E-38  4.5002E-38
  4.5002E-38  4.5002E-38  4.5002E-38  4.5002E-38  4.5002E-38
  4.5005E-38  4.5005E-38  4.5005E-38  4.5005E-38  4.5005E-38
  4.5007E-38  4.5007E-38  4.5007E-38  4.5007E-38  4.5007E-38
  4.5008E-38  4.5008E-38  4.5008E-38  4.5008E-38  4.5008E-38
  4.5003E-38  4.5003E-38  4.5003E-38  4.5003E-38  4.5003E-38
  4.5002E-38  4.5002E-38  4.5002E-38  4.5002E-38  4.5002E-38
  4.5002E-38  4.5002E-38  4.5002E-38  4.5002E-38  4.5002E-38
  4.5002E-38  4.5002E-38  4.5002E-38  4.5002E-38  4.5002E-38
  4.5002E-38  4.5002E-38  4.5002E-38  4.5002E-38  4.5002E-38
  4.5002E-38  4.5002E-38  4.5002E-38  4.5002E-38  4.5002E-38
  4.5002E-38  4.5002E-38  4.5002E-38  4.5002E-38  4.5002E-38
  4.5002E-38  4.5002E-38  4.5002E-38  4.5002E-38  4.5002E-38
  4.5002E-38  4.5002E-38  4.5002E-38  4.5002E-38  4.5002E-38
  4.5002E-38  4.5002E-38  4.5002E-38  4.5002E-38  4.5002E-38
  4.5002E-38  4.5002E-38  4.5002E-38  4.5002E-38  4.5002E-38
  4.5002E-38  4.5002E-38  4.5002E-38  4.5002E-38  4.5002E-38
  4.5002E-38  4.5002E-38  4.5002E-38  4.5002E-38  4.5002E-38
  4.5002E-38  4.5002E-38  4.5002E-38  4.5002E-38  4.5002E-38
  4.5002E-38  4.5002E-38  4.5002E-38  4.5002E-38  4.5002E-38
  4.5006E-38  4.5006E-38  4.5006E-38  4.5006E-38  4.5006E-38
  4.5008E-38  4.5008E-38  4.5008E-38  4.5008E-38  4.5008E-38
  4.5008E-38  4.5008E-38  4.5008E-38  4.5008E-38  4.5008E-38
  4.5002E-38  4.5002E-38  4.5002E-38  4.5002E-38  4.5002E-38
  4.5002E-38  4.5002E-38  4.5002E-38  4.5002E-38  4.5002E-38
  4.5002E-38  4.5002E-38  4.5002E-38  4.5002E-38  4.5002E-38
  4.5002E-38  4.5002E-38  4.5002E-38  4.5002E-38  4.5002E-38
  4.5002E-38  4.5002E-38  4.5002E-38  4.5002E-38  4.5002E-38
  4.5002E-38  4.5002E-38  4.5002E-38  4.5002E-38  4.5002E-38
  4.5002E-38  4.5002E-38  4.5002E-38  4.5002E-38  4.5002E-38
  4.5002E-38  4.5002E-38  4.5002E-38  4.5002E-38  4.5002E-38
  4.5002E-38  4.5002E-38  4.5002E-38  4.5002E-38  4.5002E-38
  4.5002E-38  4.5002E-38  4.5002E-38  4.5002E-38  4.5002E-38
  4.5002E-38  4.5002E-38  4.5002E-38  4.5002E-38  4.5002E-38
  4.5002E-38  4.5002E-38  4.5002E-38  4.5002E-38  4.5002E-38
  4.5002E-38  4.5002E-38  4.5002E-38  4.5002E-38  4.5002E-38
  4.5002E-38  4.5002E-38  4.5002E-38  4.5002E-38  4.5002E-38
  4.5002E-38  4.5002E-38  4.5002E-38  4.5002E-38  4.5002E-38
  4.5002E-38  4.5002E-38  4.5002E-38  4.5002E-38  4.5002E-38
  4.5006E-38  4.5006E-38  4.5006E-38  4.5006E-38  4.5006E-38
  4.5008E-38  4.5008E-38  4.5008E-38  4.5008E-38  4.5008E-38
  4.5002E-38  4.5002E-38  4.5002E-38  4.5002E-38  4.5002E-38
  4.5003E-38  4.5003E-38  4.5003E-38  4.5003E-38  4.5003E-38
  4.5002E-38  4.5002E-38  4.5002E-38  4.5002E-38  4.5002E-38
  4.5002E-38  4.5002E-38  4.5002E-38  4.5002E-38  4.5002E-38
  4.5002E-38  4.5002E-38  4.5002E-38  4.5002E-38  4.5002E-38
  4.5002E-38  4.5002E-38  4.5002E-38  4.5002E-38  4.5002E-38
  4.5002E-38  4.5002E-38  4.5002E-38  4.5002E-38  4.5002E-38
  4.5002E-38  4.5002E-38  4.5002E-38  4.5002E-38  4.5002E-38
  4.5002E-38  4.5002E-38  4.5002E-38  4.5002E-38  4.5002E-38
  4.5002E-38  4.5002E-38  4.5002E-38  4.5002E-38  4.5002E-38
  4.5002E-38  4.5002E-38  4.5002E-38  4.5002E-38  4.5002E-38
  4.5002E-38  4.5002E-38  4.5002E-38  4.5002E-38  4.5002E-38
  4.5002E-38  4.5002E-38  4.5002E-38  4.5002E-38  4.5002E-38
  4.5002E-38  4.5002E-38  4.5002E-38  4.5002E-38  4.5002E-38
  4.5002E-38  4.5002E-38  4.5002E-38  4.5002E-38  4.5002E-38
  4.5002E-38  4.5002E-38  4.5002E-38  4.5002E-38  4.5002E-38
  4.5005E-38  4.5005E-38  4.5005E-38  4.5005E-38  4.5005E-38
  4.5007E-38  4.5007E-38  4.5007E-38  4.5007E-38  4.5007E-38
  4.5002E-38  4.5002E-38  4.5002E-38  4.5002E-38  4.5002E-38
  4.5002E-38  4.5002E-38  4.5002E-38  4.5002E-38  4.5002E-38
  4.5002E-38  4.5002E-38  4.5002E-38  4.5002E-38  4.5002E-38
  4.5002E-38  4.5002E-38  4.5002E-38  4.5002E-38  4.5002E-38
  4.5002E-38  4.5002E-38  4.5002E-38  4.5002E-38  4.5002E-38
  4.5002E-38  4.5002E-38  4.5002E-38  4.5002E-38  4.5002E-38
  4.5002E-38  4.5002E-38  4.5002E-38  4.5002E-38  4.5002E-38
  4.5002E-38  4.5002E-38  4.5002E-38  4.5002E-38  4.5002E-38
  4.5002E-38  4.5002E-38  4.5002E-38  4.5002E-38  4.5002E-38
  4.5002E-38  4.5002E-38  4.5002E-38  4.5002E-38  4.5002E-38
  4.5002E-38  4.5002E-38  4.5002E-38  4.5002E-38  4.5002E-38
  4.5002E-38  4.5002E-38  4.5002E-38  4.5002E-38  4.5002E-38
  4.5002E-38  4.5002E-38  4.5002E-38  4.5002E-38  4.5002E-38
  4.5002E-38  4.5002E-38  4.5002E-38  4.5002E-38  4.5002E-38
  4.5002E-38  4.5002E-38  4.5002E-38  4.5002E-38  4.5002E-38
  4.5002E-38  4.5002E-38  4.5002E-38  4.5002E-38  4.5002E-38
  4.5004E-38  4.5004E-38  4.5004E-38  4.5004E-38  4.5004E-38
  4.5007E-38  4.5007E-38  4.5007E-38  4.5007E-38  4.5007E-38
  4.5002E-38  4.5002E-38  4.5002E-38  4.5002E-38  4.5002E-38
  4.5002E-38  4.5002E-38  4.5002E-38  4.5002E-38  4.5002E-38
  4.5003E-38  4.5003E-38  4.5003E-38  4.5003E-38  4.5003E-38
  4.5002E-38  4.5002E-38  4.5002E-38  4.5002E-38  4.5002E-38
  4.5002E-38  4.5002E-38  4.5002E-38  4.5002E-38  4.5002E-38
  4.5002E-38  4.5002E-38  4.5002E-38  4.5002E-38  4.5002E-38
  4.5002E-38  4.5002E-38  4.5002E-38  4.5002E-38  4.5002E-38
  4.5002E-38  4.5002E-38  4.5002E-38  4.5002E-38  4.5002E-38
  4.5002E-38  4.5002E-38  4.5002E-38  4.5002E-38  4.5002E-38
  4.5002E-38  4.5002E-38  4.5002E-38  4.5002E-38  4.5002E-38
  4.5002E-38  4.5002E-38  4.5002E-38  4.5002E-38  4.5002E-38
  4.5002E-38  4.5002E-38  4.5002E-38  4.5002E-38  4.5002E-38
  4.5002E-38  4.5002E-38  4.5002E-38  4.5002E-38  4.5002E-38
  4.5002E-38  4.5002E-38  4.5002E-38  4.5002E-38  4.5002E-38
  4.5002E-38  4.5002E-38  4.5002E-38  4.5002E-38  4.5002E-38
  4.5002E-38  4.5002E-38  4.5002E-38  4.5002E-38  4.5002E-38
  4.5002E-38  4.5002E-38  4.5002E-38  4.5002E-38  4.5002E-38
  4.5006E-38  4.5006E-38  4.5006E-38  4.5006E-38  4.5006E-38
  4.5000E-38  4.5000E-38  4.5000E-38  4.5000E-38  4.5000E-38
  4.5000E-38  4.5000E-38  4.5000E-38  4.5000E-38  4.5000E-38
  4.5000E-38  4.5000E-38  4.5000E-38  4.5000E-38  4.5000E-38
  4.5000E-38  4.5000E-38  4.5000E-38  4.5000E-38  4.5000E-38
  4.5000E-38  4.5000E-38  4.5000E-38  4.5000E-38  4.5000E-38
  4.5000E-38  4.5000E-38  4.5000E-38  4.5000E-38  4.5000E-38
  4.5000E-38  4.5000E-38  4.5000E-38  4.5000E-38  4.5000E-38
  4.5000E-38  4.5000E-38  4.5000E-38  4.5000E-38  4.5000E-38
  4.5000E-38  4.5000E-38  4.5000E-38  4.5000E-38  4.5000E-38
  4.5000E-38  4.5000E-38  4.5000E-38  4.5000E-38  4.5000E-38
  4.5000E-38  4.5000E-38  4.5000E-38  4.5000E-38  4.5000E-38
  4.5000E-38  4.5000E-38  4.5000E-38  4.5000E-38  4.5000E-38
  4.5000E-38  4.5000E-38  4.5000E-38  4.5000E-38  4.5000E-38
  4.5000E-38  4.5000E-38  4.5000E-38  4.5000E-38  4.5000E-38
  4.5000E-38  4.5000E-38  4.5000E-38  4.5000E-38  4.5000E-38
  4.5000E-38  4.5000E-38  4.5000E-38  4.5000E-38  4.5000E-38
  4.5000E-38  4.5000E-38  4.5000E-38  4.5000E-38  4.5000E-38
  4.5001E-38  4.5001E-38  4.5001E-38  4.5001E-38  4.5001E-38
  4.5000E-38  4.5000E-38  4.5000E-38  4.5000E-38  4.5000E-38
  4.5000E-38  4.5000E-38  4.5000E-38  4.5000E-38  4.5000E-38
  4.5000E-38  4.5000E-38  4.5000E-38  4.5000E-38  4.5000E-38
  4.5000E-38  4.5000E-38  4.5000E-38  4.5000E-38  4.5000E-38
  4.5000E-38  4.5000E-38  4.5000E-38  4.5000E-38  4.5000E-38
  4.5000E-38  4.5000E-38  4.5000E-38  4.5000E-38  4.5000E-38
  4.5000E-38  4.5000E-38  4.5000E-38  4.5000E-38  4.5000E-38
  4.5000E-38  4.5000E-38  4.5000E-38  4.5000E-38  4.5000E-38
  4.5000E-38  4.5000E-38  4.5000E-38  4.5000E-38  4.5000E-38
  4.5000E-38  4.5000E-38  4.5000E-38  4.5000E-38  4.5000E-38
  4.5000E-38  4.5000E-38  4.5000E-38  4.5000E-38  4.5000E-38
  4.5000E-38  4.5000E-38  4.5000E-38  4.5000E-38  4.5000E-38
  4.5000E-38  4.5000E-38  4.5000E-38  4.5000E-38  4.5000E-38
  4.5000E-38  4.5000E-38  4.5000E-38  4.5000E-38  4.5000E-38
  4.5000E-38  4.5000E-38  4.5000E-38  4.5000E-38  4.5000E-38
  4.5000E-38  4.5000E-38  4.5000E-38  4.5000E-38  4.5000E-38
  4.5000E-38  4.5000E-38  4.5000E-38  4.5000E-38  4.5000E-38
  4.5000E-38  4.5000E-38  4.5000E-38  4.5000E-38  4.5000E-38
  4.5000E-38  4.5000E-38  4.5000E-38  4.5000E-38  4.5000E-38
  4.5000E-38  4.5000E-38  4.5000E-38  4.5000E-38  4.5000E-38
  4.5000E-38  4.5000E-38  4.5000E-38  4.5000E-38  4.5000E-38
  4.5000E-38  4.5000E-38  4.5000E-38  4.5000E-38  4.5000E-38
  4.5000E-38  4.5000E-38  4.5000E-38  4.5000E-38  4.5000E-38
  4.5000E-38  4.5000E-38  4.5000E-38  4.5000E-38  4.5000E-38
  4.5000E-38  4.5000E-38  4.5000E-38  4.5000E-38  4.5000E-38
  4.5000E-38  4.5000E-38  4.5000E-38  4.5000E-38  4.5000E-38
  4.5000E-38  4.5000E-38  4.5000E-38  4.5000E-38  4.5000E-38
  4.5000E-38  4.5000E-38  4.5000E-38  4.5000E-38  4.5000E-38
  4.5000E-38  4.5000E-38  4.5000E-38  4.5000E-38  4.5000E-38
  4.5000E-38  4.5000E-38  4.5000E-38  4.5000E-38  4.5000E-38
  4.5000E-38  4.5000E-38  4.5000E-38  4.5000E-38  4.5000E-38
  4.5000E-38  4.5000E-38  4.5000E-38  4.5000E-38  4.5000E-38
  4.5000E-38  4.5000E-38  4.5000E-38  4.5000E-38  4.5000E-38
  4.5000E-38  4.5000E-38  4.5000E-38  4.5000E-38  4.5000E-38
  4.5000E-38  4.5000E-38  4.5000E-38  4.5000E-38  4.5000E-38
  4.5000E-38  4.5000E-38  4.5000E-38  4.5000E-38  4.5000E-38
  4.5000E-38  4.5000E-38  4.5000E-38  4.5000E-38  4.5000E-38
  4.5000E-38  4.5000E-38  4.5000E-38  4.5000E-38  4.5000E-38
  4.5000E-38  4.5000E-38  4.5000E-38  4.5000E-38  4.5000E-38
  4.5000E-38  4.5000E-38  4.5000E-38  4.5000E-38  4.5000E-38
  4.5000E-38  4.5000E-38  4.5000E-38  4.5000E-38  4.5000E-38
  4.5000E-38  4.5000E-38  4.5000E-38  4.5000E-38  4.5000E-38
  4.5000E-38  4.5000E-38  4.5000E-38  4.5000E-38  4.5000E-38
  4.5000E-38  4.5000E-38  4.5000E-38  4.5000E-38  4.5000E-38
  4.5000E-38  4.5000E-38  4.5000E-38  4.5000E-38  4.5000E-38
  4.5000E-38  4.5000E-38  4.5000E-38  4.5000E-38  4.5000E-38
  4.5000E-38  4.5000E-38  4.5000E-38  4.5000E-38  4.5000E-38
  4.5000E-38  4.5000E-38  4.5000E-38  4.5000E-38  4.5000E-38
  4.5000E-38  4.5000E-38  4.5000E-38  4.5000E-38  4.5000E-38
  4.5000E-38  4.5000E-38  4.5000E-38  4.5000E-38  4.5000E-38
  4.5000E-38  4.5000E-38  4.5000E-38  4.5000E-38  4.5000E-38
  4.5000E-38  4.5000E-38  4.5000E-38  4.5000E-38  4.5000E-38
  4.5000E-38  4.5000E-38  4.5000E-38  4.5000E-38  4.5000E-38
  4.5000E-38  4.5000E-38  4.5000E-38  4.5000E-38  4.5000E-38
  4.5000E-38  4.5000E-38  4.5000E-38  4.5000E-38  4.5000E-38
  4.5000E-38  4.5000E-38  4.5000E-38  4.5000E-38  4.5000E-38
  4.5000E-38  4.5000E-38  4.5000E-38  4.5000E-38  4.5000E-38
  4.5000E-38  4.5000E-38  4.5000E-38  4.5000E-38  4.5000E-38
  4.5000E-38  4.5000E-38  4.5000E-38  4.5000E-38  4.5000E-38
  4.5000E-38  4.5000E-38  4.5000E-38  4.5000E-38  4.5000E-38
  4.5000E-38  4.5000E-38  4.5000E-38  4.5000E-38  4.5000E-38
  4.5000E-38  4.5000E-38  4.5000E-38  4.5000E-38  4.5000E-38
  4.5000E-38  4.5000E-38  4.5000E-38  4.5000E-38  4.5000E-38
  4.5000E-38  4.5000E-38  4.5000E-38  4.5000E-38  4.5000E-38
  4.5000E-38  4.5000E-38  4.5000E-38  4.5000E-38  4.5000E-38
  4.5000E-38  4.5000E-38  4.5000E-38  4.5000E-38  4.5000E-38
  4.5000E-38  4.5000E-38  4.5000E-38  4.5000E-38  4.5000E-38
  4.5000E-38  4.5000E-38  4.5000E-38  4.5000E-38  4.5000E-38
  4.5000E-38  4.5000E-38  4.5000E-38  4.5000E-38  4.5000E-38
  4.5000E-38  4.5000E-38  4.5000E-38  4.5000E-38  4.5000E-38
  4.5000E-38  4.5000E-38  4.5000E-38  4.5000E-38  4.5000E-38
  4.5000E-38  4.5000E-38  4.5000E-38  4.5000E-38  4.5000E-38
  4.5000E-38  4.5000E-38  4.5000E-38  4.5000E-38  4.5000E-38
  4.5000E-38  4.5000E-38  4.5000E-38  4.5000E-38  4.5000E-38
  4.5000E-38  4.5000E-38  4.5000E-38  4.5000E-38  4.5000E-38
  4.5000E-38  4.5000E-38  4.5000E-38  4.5000E-38  4.5000E-38
  4.5000E-38  4.5000E-38  4.5000E-38  4.5000E-38  4.5000E-38
  4.5000E-38  4.5000E-38  4.5000E-38  4.5000E-38  4.5000E-38
  4.5000E-38  4.5000E-38  4.5000E-38  4.5000E-38  4.5000E-38
  4.5000E-38  4.5000E-38  4.5000E-38  4.5000E-38  4.5000E-38
  4.5000E-38  4.5000E-38  4.5000E-38  4.5000E-38  4.5000E-38
  4.5000E-38  4.5000E-38  4.5000E-38  4.5000E-38  4.5000E-38
  4.5000E-38  4.5000E-38  4.5000E-38  4.5000E-38  4.5000E-38
  4.5000E-38  4.5000E-38  4.5000E-38  4.5000E-38  4.5000E-38
  4.5000E-38  4.5000E-38  4.5000E-38  4.5000E-38  4.5000E-38
  4.5000E-38  4.5000E-38  4.5000E-38  4.5000E-38  4.5000E-38
  4.5000E-38  4.5000E-38  4.5000E-38  4.5000E-38  4.5000E-38
  4.5000E-38  4.5000E-38  4.5000E-38  4.5000E-38  4.5000E-38
  4.5000E-38  4.5000E-38  4.5000E-38  4.5000E-38  4.5000E-38
  4.5000E-38  4.5000E-38  4.5000E-38  4.5000E-38  4.5000E-38
  4.5000E-38  4.5000E-38  4.5000E-38  4.5000E-38  4.5000E-38
  4.5000E-38  4.5000E-38  4.5000E-38  4.5000E-38  4.5000E-38
  4.5000E-38  4.5000E-38  4.5000E-38  4.5000E-38  4.5000E-38
  4.5000E-38  4.5000E-38  4.5000E-38  4.5000E-38  4.5000E-38
  4.5000E-38  4.5000E-38  4.5000E-38  4.5000E-38  4.5000E-38
  4.5000E-38  4.5000E-38  4.5000E-38  4.5000E-38  4.5000E-38
  4.5000E-38  4.5000E-38  4.5000E-38  4.5000E-38  4.5000E-38
  4.5000E-38  4.5000E-38  4.5000E-38  4.5000E-38  4.5000E-38
  4.5000E-38  4.5000E-38  4.5000E-38  4.5000E-38  4.5000E-38
  4.5000E-38  4.5000E-38  4.5000E-38  4.5000E-38  4.5000E-38
  4.5000E-38  4.5000E-38  4.5000E-38  4.5000E-38  4.5000E-38
  4.5000E-38  4.5000E-38  4.5000E-38  4.5000E-38  4.5000E-38
  4.5000E-38  4.5000E-38  4.5000E-38  4.5000E-38  4.5000E-38
  4.5000E-38  4.5000E-38  4.5000E-38  4.5000E-38  4.5000E-38
  4.5000E-38  4.5000E-38  4.5000E-38  4.5000E-38  4.5000E-38
  4.5000E-38  4.5000E-38  4.5000E-38  4.5000E-38  4.5000E-38
  4.5000E-38  4.5000E-38  4.5000E-38  4.5000E-38  4.5000E-38
  4.5000E-38  4.5000E-38  4.5000E-38  4.5000E-38  4.5000E-38
  4.5001E-38  3.0156E-21  6.1911E-30  7.2747E-29  3.0677E-29
  4.5001E-38  1.0053E-21  9.8732E-31  1.1601E-29  4.8922E-30
  4.5001E-38  3.0162E-22  1.4150E-31  1.6627E-30  7.0116E-31
  4.5001E-38  1.0054E-22  2.5191E-32  2.9600E-31  1.2482E-31
  4.5001E-38  3.0165E-23  3.9318E-33  4.6200E-32  1.9482E-32
  4.5001E-38  1.0055E-23  7.3626E-34  8.6512E-33  3.6482E-33
  4.5001E-38  3.0166E-24  1.1890E-34  1.3971E-33  5.8918E-34
  4.5001E-38  1.0055E-24  2.2678E-35  2.6648E-34  1.1237E-34
  4.5001E-38  3.0166E-25  3.7057E-36  4.3543E-35  1.8362E-35
  4.5001E-38  1.0055E-25  7.1113E-37  8.3559E-36  3.5237E-36
  4.5001E-38  3.0166E-26  1.1664E-37  1.3706E-36  5.7797E-37
  4.5001E-38  1.0055E-26  4.5001E-38  2.6353E-37  1.1113E-37
  4.5001E-38  3.0166E-27  4.5001E-38  4.5001E-38  4.5001E-38
  4.5001E-38  1.0055E-27  4.5001E-38  4.5001E-38  4.5001E-38
  4.5001E-38  3.0166E-28  4.5001E-38  4.5001E-38  4.5001E-38
  4.5001E-38  1.0055E-28  4.5001E-38  4.5001E-38  4.5001E-38
  4.5001E-38  3.0166E-29  4.5001E-38  4.5001E-38  4.5001E-38
  4.5001E-38  1.0055E-29  4.5001E-38  4.5001E-38  4.5001E-38
  1.1829E-34  4.1314E-19  2.9373E-26  2.9200E-25  1.9361E-26
  2.2766E-35  1.3772E-19  3.8789E-27  3.8560E-26  7.6704E-27
  3.7408E-36  4.1324E-20  4.5727E-28  4.5457E-27  2.0076E-27
  7.1991E-37  1.3776E-20  7.0259E-29  6.9844E-28  3.0845E-28
  1.1829E-37  4.1333E-21  9.7431E-30  9.6855E-29  4.2775E-29
  4.5001E-38  1.3778E-21  1.6975E-30  1.6875E-29  7.4528E-30
  4.5001E-38  4.1338E-22  2.6092E-31  2.5938E-30  1.1455E-30
  4.5001E-38  1.3779E-22  4.8438E-32  4.8152E-31  2.1266E-31
  4.5001E-38  4.1340E-23  7.7789E-33  7.7329E-32  3.4151E-32
  4.5001E-38  1.3780E-23  1.4793E-33  1.4705E-32  6.4944E-33
  4.5001E-38  4.1340E-24  2.4128E-34  2.3985E-33  1.0592E-33
  4.5001E-38  1.3780E-24  4.6255E-35  4.5982E-34  2.0307E-34
  4.5001E-38  4.1340E-25  7.5825E-36  7.5377E-35  3.3289E-35
  4.5001E-38  1.3780E-25  1.4574E-36  1.4488E-35  6.3986E-36
  4.5001E-38  4.1340E-26  2.3931E-37  2.3790E-36  1.0506E-36
  4.5001E-38  1.3780E-26  4.6037E-38  4.5765E-37  2.0211E-37
  4.5001E-38  4.1340E-27  4.5001E-38  7.5182E-38  4.5001E-38
  4.5001E-38  1.3780E-27  4.5001E-38  4.5001E-38  4.5001E-38
  3.2143E-31  3.2536E-17  7.4862E-23  6.4128E-22  1.9767E-24
  6.1860E-32  1.0846E-17  8.8558E-24  7.5861E-23  7.0154E-25
  1.0164E-32  3.2541E-18  8.9159E-25  7.6375E-24  2.3544E-25
  1.9561E-33  1.0848E-18  1.1607E-25  9.9428E-25  9.1949E-26
  3.2143E-34  3.2548E-19  1.3436E-26  1.1509E-25  3.5479E-26
  6.1860E-35  1.0850E-19  2.0304E-27  1.7393E-26  8.0005E-27
  1.0164E-35  3.2556E-20  2.7726E-28  2.3751E-27  1.0924E-27
  1.9561E-36  1.0852E-20  4.7804E-29  4.0949E-28  1.8835E-28
  3.2143E-37  3.2560E-21  7.2908E-30  6.2455E-29  2.8727E-29
  6.1857E-38  1.0853E-21  1.3475E-30  1.1543E-29  5.3097E-30
  4.5001E-38  3.2561E-22  2.1578E-31  1.8484E-30  8.5026E-31
  4.5001E-38  1.0854E-22  4.0973E-32  3.5098E-31  1.6144E-31
  4.5001E-38  3.2562E-23  6.6762E-33  5.7189E-32  2.6306E-32
  4.5001E-38  1.0854E-23  1.2792E-33  1.0958E-32  5.0406E-33
  4.5001E-38  3.2562E-24  2.0964E-34  1.7958E-33  8.2604E-34
  4.5001E-38  1.0854E-24  4.0290E-35  3.4513E-34  1.5875E-34
  4.5001E-38  3.2562E-25  6.6147E-36  5.6662E-35  2.6064E-35
  4.5001E-38  1.0854E-25  1.2724E-36  1.0900E-35  5.0137E-36
  3.7828E-28  1.6080E-15  9.3241E-20  1.1887E-19  1.3918E-22
  7.2799E-29  5.3602E-16  1.0589E-20  4.0501E-20  4.7421E-23
  1.1962E-29  1.6081E-16  9.9329E-22  7.4466E-21  1.4827E-23
  2.3022E-30  5.3607E-17  1.1760E-22  8.8168E-22  5.2666E-24
  3.7828E-31  1.6083E-17  1.1857E-23  8.8895E-23  1.7700E-24
  7.2799E-32  5.3617E-18  1.5463E-24  1.1593E-23  6.9251E-25
  1.1962E-32  1.6087E-18  1.7941E-25  1.3450E-24  2.6783E-25
  2.3021E-33  5.3630E-19  2.7171E-26  2.0370E-25  9.7141E-26
  3.7827E-34  1.6090E-19  3.7176E-27  2.7871E-26  1.3291E-26
  7.2796E-35  5.3639E-20  6.4185E-28  4.8120E-27  2.2947E-27
  1.1961E-35  1.6092E-20  9.7995E-29  7.3467E-28  3.5035E-28
  2.3021E-36  5.3644E-21  1.8123E-29  1.3587E-28  6.4793E-29
  3.7826E-37  1.6093E-21  2.9033E-30  2.1765E-29  1.0379E-29
  7.2797E-38  5.3646E-22  5.5136E-31  4.1336E-30  1.9712E-30
  4.5001E-38  1.6094E-22  8.9851E-32  6.7361E-31  3.2123E-31
  4.5001E-38  5.3646E-23  1.7218E-32  1.2908E-31  6.1558E-32
  4.5001E-38  1.6094E-23  2.8218E-33  2.1154E-32  1.0088E-32
  4.5001E-38  5.3646E-24  5.4231E-34  4.0657E-33  1.9388E-33
  2.1859E-25  5.3501E-14  5.8386E-17  4.6930E-18  6.6012E-21
  4.2067E-26  1.7833E-14  6.5402E-18  1.5770E-18  2.2184E-21
  6.9124E-27  5.3502E-15  5.9791E-19  4.8060E-19  6.7601E-22
  1.3303E-27  1.7834E-15  6.8107E-20  1.6423E-19  2.3101E-22
  2.1859E-28  5.3505E-16  6.4238E-21  4.2708E-20  7.2628E-23
  4.2067E-29  1.7836E-16  7.6663E-22  5.0969E-21  2.6003E-23
  6.9124E-30  5.3513E-17  7.8295E-23  5.2054E-22  8.8521E-24
  1.3303E-30  1.7839E-17  1.0371E-23  6.8953E-23  3.5178E-24
  2.1858E-31  5.3525E-18  1.2273E-24  8.1599E-24  1.3876E-24
  4.2066E-32  1.7843E-18  1.8923E-25  1.2580E-24  6.1959E-25
  6.9121E-33  5.3536E-19  2.6322E-26  1.7500E-25  8.6189E-26
  1.3302E-33  1.7846E-19  4.5960E-27  3.0557E-26  1.5048E-26
  2.1858E-34  5.3543E-20  7.0750E-28  4.7037E-27  2.3166E-27
  4.2066E-35  1.7848E-20  1.3145E-28  8.7399E-28  4.3043E-28
  6.9122E-36  5.3545E-21  2.1123E-29  1.4044E-28  6.9166E-29
  1.3302E-36  1.7848E-21  4.0182E-30  2.6715E-29  1.3157E-29
  2.1858E-37  5.3546E-22  6.5549E-31  4.3580E-30  2.1462E-30
  4.5001E-38  1.7848E-22  1.2568E-31  8.3558E-31  4.1151E-31
  1.4901E-18  3.0802E-10  2.8314E-11  4.2751E-14  9.4783E-17
  2.8717E-19  1.0266E-10  9.4589E-12  1.4281E-14  3.1652E-17
  4.7220E-20  3.0799E-11  2.8428E-12  4.2921E-15  9.5116E-18
  9.0932E-21  1.0266E-11  5.4667E-13  1.4340E-15  3.1778E-18
  1.4946E-21  3.0798E-12  4.9408E-14  4.3202E-16  9.5736E-19
  2.8768E-22  1.0266E-12  5.5268E-15  1.4497E-16  3.2127E-19
  4.7275E-23  3.0799E-13  5.0392E-16  4.4062E-17  9.7641E-20
  9.0984E-24  1.0266E-13  5.7161E-17  1.4994E-17  3.3228E-20
  1.4950E-24  3.0800E-14  5.3503E-18  4.6783E-18  1.0367E-20
  2.8773E-25  1.0267E-14  6.3148E-19  1.6565E-18  3.6708E-21
  4.7279E-26  3.0804E-15  6.3340E-20  3.1255E-19  1.2273E-21
  9.0986E-27  1.0269E-15  8.2074E-21  4.0500E-20  4.7710E-22
  1.4950E-27  3.0810E-16  9.4435E-22  4.6599E-21  1.8298E-22
  2.8773E-28  1.0271E-16  1.4191E-22  7.0028E-22  8.2496E-23
  4.7278E-29  3.0818E-17  1.9275E-23  9.5114E-23  3.7349E-23
  9.0987E-30  1.0273E-17  3.3111E-24  1.6338E-23  8.7060E-24
  1.4950E-30  3.0822E-18  5.0362E-25  2.4852E-24  1.3242E-24
  2.8773E-31  1.0274E-18  9.2938E-26  4.5860E-25  2.4437E-25
  9.6912E-15  2.2966E-07  1.2210E-08  1.9842E-11  8.0374E-14
  4.1644E-15  7.7216E-08  6.2150E-09  9.8060E-12  3.4661E-14
  1.2533E-15  2.3239E-08  2.4748E-09  3.8349E-12  1.2600E-14
  4.1815E-16  7.7532E-09  9.3465E-10  1.4378E-12  4.5941E-15
  1.2548E-16  2.3265E-09  2.9599E-10  4.5397E-13  1.4343E-15
  4.1829E-17  7.7557E-10  1.0043E-10  1.5389E-13  4.8457E-16
  8.2698E-18  2.3268E-10  3.0377E-11  4.6528E-14  1.4632E-16
  1.5954E-18  7.7561E-11  1.0176E-11  1.5586E-14  4.9000E-17
  2.6259E-19  2.3269E-11  9.9256E-13  4.7089E-15  1.4802E-17
  5.0575E-20  7.7562E-12  1.1141E-13  1.5857E-15  4.9845E-18
  8.3144E-21  2.3269E-12  1.0223E-14  4.8506E-16  1.5247E-18
  1.6005E-21  7.7565E-13  1.1713E-15  1.6672E-16  5.2407E-19
  2.6302E-22  2.3270E-13  1.1164E-16  5.2968E-17  1.6649E-19
  5.0623E-23  7.7572E-14  1.3522E-17  1.9248E-17  6.0502E-20
  8.3186E-24  2.3275E-14  1.4137E-18  5.5443E-18  2.1083E-20
  1.6009E-24  7.7589E-15  1.9244E-19  7.5473E-19  8.6102E-21
  2.6307E-25  2.3280E-15  2.3538E-20  9.2309E-20  3.5103E-21
  5.0627E-26  7.7608E-16  3.7333E-21  1.4641E-20  1.6703E-21
  2.4834E-13  6.2541E-07  2.2125E-08  3.8057E-11  2.7244E-13
  2.0577E-13  6.2538E-07  2.2114E-08  3.8038E-11  2.7221E-13
  1.5522E-13  6.2536E-07  2.2105E-08  3.8023E-11  2.7203E-13
  1.1211E-13  6.2534E-07  2.2095E-08  3.8009E-11  2.7187E-13
  6.7508E-14  4.2464E-07  1.8868E-08  3.1947E-11  2.0484E-13
  3.5146E-14  1.4374E-07  1.0939E-08  1.7829E-11  9.2105E-14
  1.4197E-14  4.3372E-08  5.0029E-09  7.9319E-12  3.6063E-14
  4.7407E-15  1.4482E-08  2.0889E-09  3.2675E-12  1.4060E-14
  1.4231E-15  4.3475E-09  7.0364E-10  1.0935E-12  4.5912E-15
  4.7447E-16  1.4494E-09  2.4462E-10  3.7934E-13  1.5799E-15
  1.1577E-16  4.3486E-10  7.4851E-11  1.1597E-13  4.8162E-16
  2.2410E-17  1.4495E-10  1.6771E-11  3.9140E-14  1.6240E-16
  3.6954E-18  4.3488E-11  1.5327E-12  1.1928E-14  4.9478E-17
  7.1246E-19  1.4496E-11  1.7420E-13  4.0677E-15  1.6871E-17
  1.1720E-19  4.3490E-12  1.6361E-14  1.2735E-15  5.2819E-18
  2.2569E-20  1.4497E-12  1.9407E-15  4.5320E-16  1.8795E-18
  3.7097E-21  4.3496E-13  1.9625E-16  1.5276E-16  6.3357E-19
  7.1405E-22  1.4500E-13  2.5689E-17  5.9988E-17  2.4880E-19
  9.1111E-13  6.2490E-07  2.4376E-08  4.2591E-11  4.0998E-13
  8.7560E-13  6.2431E-07  2.4205E-08  4.2259E-11  4.0410E-13
  8.2893E-13  6.2394E-07  2.4097E-08  4.2048E-11  4.0042E-13
  7.7052E-13  6.2374E-07  2.4039E-08  4.1938E-11  3.9850E-13
  6.8176E-13  6.2362E-07  2.4000E-08  4.1864E-11  3.9724E-13
  5.7707E-13  6.2354E-07  2.3974E-08  4.1819E-11  3.9647E-13
  4.4227E-13  6.2349E-07  2.3942E-08  4.1768E-11  3.9564E-13
  3.1477E-13  6.2343E-07  2.3877E-08  4.1678E-11  3.9420E-13
  1.6789E-13  2.9351E-07  1.7579E-08  2.9808E-11  2.2860E-13
  8.6222E-14  9.8910E-08  9.9446E-09  1.6278E-11  1.0268E-13
  4.0170E-14  2.9795E-08  4.4407E-09  7.0891E-12  3.9901E-14
  1.4156E-14  9.9438E-09  1.8239E-09  2.8768E-12  1.5429E-14
  4.2489E-15  2.9845E-09  6.0977E-10  9.5623E-13  5.0203E-15
  1.4165E-15  9.9497E-10  2.1233E-10  3.3228E-13  1.7325E-15
  2.6553E-16  2.9850E-10  3.6431E-11  1.0274E-13  5.3434E-16
  5.1478E-17  9.9505E-11  4.1497E-12  3.5143E-14  1.8264E-16
  8.4969E-18  2.9853E-11  3.8947E-13  1.0999E-14  5.7147E-17
  1.6389E-18  9.9514E-12  4.6127E-14  3.9086E-15  2.0305E-17
  4.9743E-12  6.4169E-07  3.2370E-08  5.8995E-11  1.0211E-12
  3.9619E-12  6.3632E-07  3.0417E-08  5.4922E-11  8.5541E-13
  3.3107E-12  6.3129E-07  2.8764E-08  5.1537E-11  7.4094E-13
  2.9579E-12  6.2783E-07  2.7714E-08  4.9413E-11  6.7769E-13
  2.7154E-12  6.2524E-07  2.6971E-08  4.7921E-11  6.3665E-13
  2.5579E-12  6.2375E-07  2.6555E-08  4.7092E-11  6.1494E-13
  2.4017E-12  6.2275E-07  2.6282E-08  4.6551E-11  6.0117E-13
  2.2327E-12  6.2221E-07  2.6132E-08  4.6257E-11  5.9384E-13
  1.9500E-12  6.2186E-07  2.6014E-08  4.6041E-11  5.8857E-13
  1.5743E-12  6.2159E-07  2.5898E-08  4.5853E-11  5.8415E-13
  1.1620E-12  6.2128E-07  2.5742E-08  4.5617E-11  5.7879E-13
  8.3463E-13  6.2088E-07  2.5541E-08  4.5324E-11  5.7232E-13
  4.4680E-13  2.6890E-07  1.8494E-08  3.1831E-11  3.1674E-13
  2.3049E-13  9.0541E-08  1.0646E-08  1.7695E-11  1.4400E-13
  1.0755E-13  2.7265E-08  4.8631E-09  7.8746E-12  5.6869E-14
  5.0309E-14  9.0991E-09  2.0475E-09  3.2714E-12  2.2435E-14
  1.8960E-14  2.7310E-09  7.0359E-10  1.1161E-12  7.4770E-15
  6.2139E-15  9.1047E-10  1.6280E-10  4.0081E-13  2.6642E-15
  7.0869E-11  6.6026E-07  4.1521E-08  7.9103E-11  3.1561E-12
  4.5364E-11  6.5815E-07  4.0507E-08  7.6829E-11  2.7696E-12
  2.8354E-11  6.5467E-07  3.8922E-08  7.3286E-11  2.2833E-12
  1.9187E-11  6.5029E-07  3.7076E-08  6.9212E-11  1.8615E-12
  1.3295E-11  6.4441E-07  3.4821E-08  6.4327E-11  1.4850E-12
  1.0159E-11  6.3866E-07  3.2833E-08  6.0100E-11  1.2357E-12
  8.1324E-12  6.3283E-07  3.1003E-08  5.6278E-11  1.0528E-12
  7.0231E-12  6.2852E-07  2.9757E-08  5.3715E-11  9.4759E-13
  6.2383E-12  6.2512E-07  2.8828E-08  5.1825E-11  8.7737E-13
  5.6555E-12  6.2306E-07  2.8282E-08  5.0725E-11  8.3913E-13
  4.8727E-12  6.2160E-07  2.7877E-08  4.9939E-11  8.1298E-13
  4.0570E-12  6.2066E-07  2.7597E-08  4.9427E-11  7.9667E-13
  3.1688E-12  6.1980E-07  2.7319E-08  4.8955E-11  7.8231E-13
  2.3710E-12  6.1894E-07  2.7012E-08  4.8470E-11  7.6819E-13
  1.5998E-12  6.1762E-07  2.6508E-08  4.7707E-11  7.4679E-13
  9.3057E-13  3.2359E-07  2.0906E-08  3.6852E-11  4.7575E-13
  4.5995E-13  9.8316E-08  1.1904E-08  2.0189E-11  2.0495E-13
  2.3588E-13  3.2902E-08  6.0734E-09  1.0032E-11  9.0041E-14
  4.1794E-10  6.6319E-07  4.2966E-08  8.1798E-11  3.4112E-12
  3.3492E-10  6.6288E-07  4.2864E-08  8.1866E-11  3.6202E-12
  2.4275E-10  6.6230E-07  4.2625E-08  8.1503E-11  3.6737E-12
  1.6980E-10  6.6138E-07  4.2234E-08  8.0704E-11  3.5701E-12
  1.0944E-10  6.5971E-07  4.1527E-08  7.9148E-11  3.3014E-12
  7.1996E-11  6.5729E-07  4.0533E-08  7.6928E-11  2.9405E-12
  4.5927E-11  6.5338E-07  3.9000E-08  7.3516E-11  2.4801E-12
  3.1445E-11  6.4857E-07  3.7247E-08  6.9662E-11  2.0717E-12
  2.1872E-11  6.4230E-07  3.5152E-08  6.5131E-11  1.6991E-12
  1.6509E-11  6.3638E-07  3.3344E-08  6.1289E-11  1.4480E-12
  1.2328E-11  6.3055E-07  3.1708E-08  5.7868E-11  1.2611E-12
  8.8269E-12  6.2634E-07  3.0583E-08  5.5566E-11  1.1511E-12
  5.8729E-12  6.2289E-07  2.9700E-08  5.3802E-11  1.0743E-12
  4.0639E-12  6.2055E-07  2.9115E-08  5.2680E-11  1.0289E-12
  2.6025E-12  6.1838E-07  2.8569E-08  5.1696E-11  9.9169E-13
  1.6557E-12  6.1624E-07  2.8016E-08  5.0773E-11  9.5909E-13
  9.7025E-13  6.1293E-07  2.7177E-08  4.9435E-11  9.1469E-13
  5.8085E-13  5.8934E-07  2.5799E-08  4.7162E-11  8.4237E-13
  6.0732E-10  6.6347E-07  4.2572E-08  7.7426E-11  1.9991E-12
  5.8589E-10  6.6344E-07  4.2821E-08  7.9688E-11  2.5749E-12
  5.4896E-10  6.6336E-07  4.2949E-08  8.1082E-11  3.1199E-12
  4.9885E-10  6.6321E-07  4.2970E-08  8.1713E-11  3.4803E-12
  4.2430E-10  6.6289E-07  4.2897E-08  8.1912E-11  3.7097E-12
  3.4279E-10  6.6240E-07  4.2725E-08  8.1706E-11  3.7772E-12
  2.5141E-10  6.6142E-07  4.2370E-08  8.1014E-11  3.7071E-12
  1.7847E-10  6.5995E-07  4.1824E-08  7.9831E-11  3.5168E-12
  1.1765E-10  6.5738E-07  4.0884E-08  7.7745E-11  3.1833E-12
  7.9583E-11  6.5385E-07  3.9651E-08  7.5005E-11  2.8004E-12
  5.2601E-11  6.4857E-07  3.7911E-08  7.1180E-11  2.3625E-12
  3.6438E-11  6.4270E-07  3.6118E-08  6.7296E-11  2.0063E-12
  2.3876E-11  6.3582E-07  3.4176E-08  6.3176E-11  1.7001E-12
  1.6624E-11  6.2986E-07  3.2633E-08  5.9974E-11  1.5012E-12
  1.1545E-11  6.2418E-07  3.1289E-08  5.7256E-11  1.3542E-12
  8.1108E-12  6.1967E-07  3.0307E-08  5.5351E-11  1.2623E-12
  5.2536E-12  6.1468E-07  2.9319E-08  5.3549E-11  1.1842E-12
  3.3776E-12  6.0900E-07  2.8295E-08  5.1790E-11  1.1156E-12
  6.3425E-10  6.6321E-07  3.9785E-08  6.0599E-11  7.5413E-13
  6.3087E-10  6.6336E-07  4.1206E-08  6.8651E-11  1.1716E-12
  6.2418E-10  6.6343E-07  4.2103E-08  7.4593E-11  1.7543E-12
  6.1359E-10  6.6345E-07  4.2561E-08  7.7972E-11  2.3385E-12
  5.9388E-10  6.6340E-07  4.2828E-08  8.0155E-11  2.9329E-12
  5.6464E-10  6.6331E-07  4.2937E-08  8.1253E-11  3.3596E-12
  5.1775E-10  6.6309E-07  4.2951E-08  8.1821E-11  3.6696E-12
  4.5678E-10  6.6272E-07  4.2870E-08  8.1915E-11  3.8155E-12
  3.7315E-10  6.6200E-07  4.2655E-08  8.1603E-11  3.8420E-12
  2.8996E-10  6.6089E-07  4.2296E-08  8.0879E-11  3.7529E-12
  2.0548E-10  6.5888E-07  4.1641E-08  7.9455E-11  3.5333E-12
  1.4300E-10  6.5598E-07  4.0721E-08  7.7425E-11  3.2317E-12
  9.0905E-11  6.5133E-07  3.9299E-08  7.4298E-11  2.8264E-12
  5.7773E-11  6.4558E-07  3.7654E-08  7.0738E-11  2.4428E-12
  3.6893E-11  6.3797E-07  3.5674E-08  6.6530E-11  2.0728E-12
  2.5511E-11  6.3035E-07  3.3916E-08  6.2879E-11  1.8083E-12
  1.7063E-11  6.2161E-07  3.2163E-08  5.9361E-11  1.5937E-12
  1.1568E-11  6.1285E-07  3.0678E-08  5.6518E-11  1.4461E-12
  6.3698E-10  6.6175E-07  3.0153E-08  3.1052E-11  2.3059E-13
  6.3685E-10  6.6254E-07  3.5082E-08  4.3793E-11  4.1057E-13
  6.3578E-10  6.6301E-07  3.8553E-08  5.6578E-11  7.2225E-13
  6.3364E-10  6.6325E-07  4.0464E-08  6.5744E-11  1.1331E-12
  6.2925E-10  6.6337E-07  4.1688E-08  7.2740E-11  1.7115E-12
  6.2215E-10  6.6341E-07  4.2322E-08  7.6816E-11  2.2975E-12
  6.0868E-10  6.6339E-07  4.2703E-08  7.9505E-11  2.9011E-12
  5.8810E-10  6.6329E-07  4.2876E-08  8.0893E-11  3.3415E-12
  5.5182E-10  6.6308E-07  4.2938E-08  8.1671E-11  3.6706E-12
  5.0581E-10  6.6273E-07  4.2898E-08  8.1913E-11  3.8387E-12
  4.3507E-10  6.6202E-07  4.2735E-08  8.1757E-11  3.8981E-12
  3.5674E-10  6.6091E-07  4.2441E-08  8.1203E-11  3.8496E-12
  2.6282E-10  6.5887E-07  4.1882E-08  8.0024E-11  3.6852E-12
  1.7817E-10  6.5584E-07  4.1058E-08  7.8240E-11  3.4318E-12
  1.0853E-10  6.5067E-07  3.9716E-08  7.5347E-11  3.0605E-12
  7.0857E-11  6.4385E-07  3.8107E-08  7.1910E-11  2.6854E-12
  4.5203E-11  6.3386E-07  3.6021E-08  6.7549E-11  2.2931E-12
  3.0071E-11  6.2219E-07  3.3954E-08  6.3358E-11  1.9861E-12
  6.3362E-10  6.5518E-07  1.3038E-08  9.0472E-12  5.7485E-14
  6.3578E-10  6.5907E-07  2.0854E-08  1.7346E-11  1.2228E-13
  6.3680E-10  6.6123E-07  2.8748E-08  2.9903E-11  2.5251E-13
  6.3683E-10  6.6225E-07  3.4104E-08  4.2729E-11  4.5188E-13
  6.3592E-10  6.6286E-07  3.7953E-08  5.5742E-11  7.9195E-13
  6.3398E-10  6.6315E-07  4.0097E-08  6.5144E-11  1.2300E-12
  6.2992E-10  6.6330E-07  4.1480E-08  7.2358E-11  1.8308E-12
  6.2331E-10  6.6336E-07  4.2198E-08  7.6576E-11  2.4199E-12
  6.1071E-10  6.6330E-07  4.2632E-08  7.9361E-11  3.0067E-12
  5.9136E-10  6.6316E-07  4.2830E-08  8.0799E-11  3.4226E-12
  5.5701E-10  6.6285E-07  4.2903E-08  8.1605E-11  3.7264E-12
  5.1138E-10  6.6234E-07  4.2861E-08  8.1851E-11  3.8787E-12
  4.4366E-10  6.6132E-07  4.2688E-08  8.1680E-11  3.9307E-12
  3.5833E-10  6.5972E-07  4.2363E-08  8.1080E-11  3.8820E-12
  2.4637E-10  6.5668E-07  4.1719E-08  7.9764E-11  3.7184E-12
  1.6466E-10  6.5203E-07  4.0771E-08  7.7777E-11  3.4691E-12
  1.0463E-10  6.4387E-07  3.9238E-08  7.4566E-11  3.1055E-12
  6.8018E-11  6.3244E-07  3.7322E-08  7.0616E-11  2.7249E-12
  6.2027E-10  6.2498E-07  3.2983E-09  2.0476E-12  1.3767E-14
  6.2859E-10  6.4390E-07  6.8365E-09  4.5168E-12  3.1200E-14
  6.3341E-10  6.5412E-07  1.3605E-08  1.0244E-11  7.5544E-14
  6.3557E-10  6.5855E-07  2.1355E-08  1.9129E-11  1.5758E-13
  6.3649E-10  6.6098E-07  2.9108E-08  3.2170E-11  3.1980E-13
  6.3631E-10  6.6210E-07  3.4342E-08  4.5057E-11  5.6264E-13
  6.3500E-10  6.6276E-07  3.8093E-08  5.7719E-11  9.6300E-13
  6.3240E-10  6.6306E-07  4.0179E-08  6.6622E-11  1.4558E-12
  6.2707E-10  6.6320E-07  4.1519E-08  7.3314E-11  2.0893E-12
  6.1850E-10  6.6319E-07  4.2211E-08  7.7165E-11  2.6687E-12
  6.0233E-10  6.6302E-07  4.2621E-08  7.9671E-11  3.2076E-12
  5.7787E-10  6.6270E-07  4.2793E-08  8.0927E-11  3.5662E-12
  5.3526E-10  6.6201E-07  4.2824E-08  8.1564E-11  3.8120E-12
  4.7680E-10  6.6088E-07  4.2719E-08  8.1641E-11  3.9211E-12
  3.8521E-10  6.5867E-07  4.2416E-08  8.1197E-11  3.9315E-12
  2.8350E-10  6.5513E-07  4.1880E-08  8.0184E-11  3.8425E-12
  1.9186E-10  6.4842E-07  4.0891E-08  7.8206E-11  3.6377E-12
  1.2829E-10  6.3816E-07  3.9463E-08  7.5320E-11  3.3498E-12
  5.8120E-10  5.2942E-07  9.7249E-10  6.2224E-13  4.6489E-15
  6.0623E-10  5.8847E-07  1.9913E-09  1.2953E-12  9.7460E-15
  6.2176E-10  6.2626E-07  4.3500E-09  2.9417E-12  2.2525E-14
  6.2940E-10  6.4454E-07  8.5996E-09  6.2615E-12  4.9704E-14
  6.3366E-10  6.5439E-07  1.5965E-08  1.3400E-11  1.1547E-13
  6.3539E-10  6.5869E-07  2.3645E-08  2.3598E-11  2.3157E-13
  6.3572E-10  6.6101E-07  3.0845E-08  3.7401E-11  4.5182E-13
  6.3480E-10  6.6211E-07  3.5520E-08  5.0056E-11  7.6701E-13
  6.3210E-10  6.6269E-07  3.8801E-08  6.1704E-11  1.2559E-12
  6.2737E-10  6.6292E-07  4.0598E-08  6.9474E-11  1.8114E-12
  6.1808E-10  6.6291E-07  4.1737E-08  7.5092E-11  2.4597E-12
  6.0346E-10  6.6268E-07  4.2306E-08  7.8217E-11  2.9952E-12
  5.7673E-10  6.6211E-07  4.2611E-08  8.0159E-11  3.4475E-12
  5.3748E-10  6.6109E-07  4.2684E-08  8.1019E-11  3.7208E-12
  4.6799E-10  6.5908E-07  4.2561E-08  8.1226E-11  3.8816E-12
  3.7697E-10  6.5584E-07  4.2222E-08  8.0783E-11  3.9170E-12
  2.7483E-10  6.4952E-07  4.1505E-08  7.9495E-11  3.8446E-12
  1.9358E-10  6.3961E-07  4.0383E-08  7.7333E-11  3.6739E-12
  4.8587E-10  3.3861E-07  3.1162E-10  2.0987E-13  1.7382E-15
  5.4928E-10  4.5648E-07  6.8619E-10  4.6487E-13  3.8607E-15
  5.9035E-10  5.4771E-07  1.5145E-09  1.0394E-12  8.6833E-15
  6.1173E-10  5.9967E-07  3.0404E-09  2.1373E-12  1.8060E-14
  6.2466E-10  6.3213E-07  6.4015E-09  4.7538E-12  4.1292E-14
  6.3077E-10  6.4750E-07  1.1835E-08  9.6676E-12  8.8607E-14
  6.3382E-10  6.5570E-07  1.9879E-08  1.9053E-11  1.9515E-13
  6.3452E-10  6.5929E-07  2.7156E-08  3.0858E-11  3.7080E-13
  6.3345E-10  6.6124E-07  3.3367E-08  4.5043E-11  6.8338E-13
  6.3054E-10  6.6210E-07  3.7181E-08  5.6751E-11  1.0994E-12
  6.2425E-10  6.6246E-07  3.9770E-08  6.6639E-11  1.6859E-12
  6.1399E-10  6.6241E-07  4.1148E-08  7.2804E-11  2.2792E-12
  5.9468E-10  6.6192E-07  4.1982E-08  7.7018E-11  2.8883E-12
  5.6562E-10  6.6093E-07  4.2342E-08  7.9197E-11  3.3309E-12
  5.1394E-10  6.5890E-07  4.2422E-08  8.0320E-11  3.6583E-12
  4.3830E-10  6.5557E-07  4.2219E-08  8.0436E-11  3.8173E-12
  3.3436E-10  6.4905E-07  4.1624E-08  7.9590E-11  3.8529E-12
  2.4855E-10  6.3878E-07  4.0637E-08  7.7819E-11  3.7734E-12
  2.9343E-10  1.2483E-07  8.2510E-11  5.8514E-14  5.3271E-16
  4.2331E-10  2.5032E-07  2.2607E-10  1.6071E-13  1.4647E-15
  5.1800E-10  3.9469E-07  5.7190E-10  4.0872E-13  3.7350E-15
  5.6945E-10  4.9830E-07  1.2040E-09  8.6878E-13  7.9764E-15
  6.0186E-10  5.7388E-07  2.5774E-09  1.8990E-12  1.7619E-14
  6.1824E-10  6.1515E-07  5.0327E-09  3.8525E-12  3.6467E-14
  6.2768E-10  6.3997E-07  9.9753E-09  8.2842E-12  8.2179E-14
  6.3159E-10  6.5134E-07  1.6714E-08  1.5693E-11  1.6922E-13
  6.3265E-10  6.5737E-07  2.4868E-08  2.7717E-11  3.4797E-13
  6.3126E-10  6.6001E-07  3.1166E-08  4.0604E-11  6.1858E-13
  6.2680E-10  6.6136E-07  3.6040E-08  5.4030E-11  1.0588E-12
  6.1887E-10  6.6174E-07  3.8858E-08  6.3856E-11  1.5844E-12
  6.0346E-10  6.6148E-07  4.0680E-08  7.1396E-11  2.2319E-12
  5.7980E-10  6.6055E-07  4.1578E-08  7.5712E-11  2.7945E-12
  5.3763E-10  6.5844E-07  4.2002E-08  7.8335E-11  3.2873E-12
  4.7599E-10  6.5490E-07  4.1986E-08  7.9294E-11  3.5855E-12
  3.8092E-10  6.4793E-07  4.1510E-08  7.9003E-11  3.7416E-12
  2.8901E-10  6.3688E-07  4.0563E-08  7.7484E-11  3.7399E-12
  9.0326E-11  2.5994E-08  1.7548E-11  1.3067E-14  1.2966E-16
  2.1310E-10  7.8805E-08  5.9654E-11  4.4453E-14  4.4128E-16
  3.7191E-10  1.9677E-07  1.9485E-10  1.4552E-13  1.4462E-15
  4.7966E-10  3.3188E-07  4.7979E-10  3.5989E-13  3.5846E-15
  5.5186E-10  4.6090E-07  1.1184E-09  8.4689E-13  8.4768E-15
  5.8964E-10  5.4408E-07  2.2517E-09  1.7337E-12  1.7507E-14
  6.1268E-10  6.0100E-07  4.6495E-09  3.7111E-12  3.8226E-14
  6.2368E-10  6.3047E-07  8.6462E-09  7.3485E-12  7.8585E-14
  6.2907E-10  6.4734E-07  1.5462E-08  1.4772E-11  1.7129E-13
  6.2999E-10  6.5483E-07  2.2839E-08  2.5195E-11  3.3137E-13
  6.2738E-10  6.5872E-07  3.0071E-08  3.9110E-11  6.2658E-13
  6.2116E-10  6.6025E-07  3.4908E-08  5.1595E-11  1.0283E-12
  6.0821E-10  6.6058E-07  3.8328E-08  6.2782E-11  1.6040E-12
  5.8783E-10  6.5987E-07  4.0157E-08  6.9994E-11  2.1940E-12
  5.5115E-10  6.5775E-07  4.1191E-08  7.4895E-11  2.8028E-12
  4.9813E-10  6.5399E-07  4.1491E-08  7.7182E-11  3.2373E-12
  4.1249E-10  6.4652E-07  4.1199E-08  7.7750E-11  3.5294E-12
  3.2186E-10  6.3458E-07  4.0314E-08  7.6624E-11  3.6206E-12
  8.8041E-12  2.3846E-09  2.1042E-12  1.6736E-15  1.8630E-17
  2.7540E-11  7.7210E-09  6.9018E-12  5.4900E-15  6.1115E-17
  9.2463E-11  2.9186E-08  2.7354E-11  2.1767E-14  2.4236E-16
  2.1854E-10  8.7243E-08  9.2288E-11  7.3520E-14  8.2075E-16
  3.7830E-10  2.1009E-07  2.9257E-10  2.3379E-13  2.6142E-15
  4.8496E-10  3.4486E-07  7.0144E-10  5.6383E-13  6.3130E-15
  5.5533E-10  4.7035E-07  1.5968E-09  1.2998E-12  1.4659E-14
  5.9144E-10  5.5011E-07  3.1465E-09  2.6181E-12  2.9906E-14
  6.1268E-10  6.0412E-07  6.2829E-09  5.4723E-12  6.4291E-14
  6.2177E-10  6.3178E-07  1.1118E-08  1.0434E-11  1.2896E-13
  6.2436E-10  6.4744E-07  1.8486E-08  1.9670E-11  2.6918E-13
  6.2129E-10  6.5423E-07  2.5628E-08  3.1334E-11  4.9598E-13
  6.1147E-10  6.5735E-07  3.2082E-08  4.5370E-11  8.8575E-13
  5.9447E-10  6.5780E-07  3.6145E-08  5.6824E-11  1.3735E-12
  5.6287E-10  6.5613E-07  3.8826E-08  6.6195E-11  2.0011E-12
  5.1719E-10  6.5222E-07  4.0034E-08  7.1566E-11  2.5634E-12
  4.4240E-10  6.4397E-07  4.0293E-08  7.4320E-11  3.0492E-12
  3.5580E-10  6.3067E-07  3.9626E-08  7.4287E-11  3.3021E-12
  1.3532E-12  3.9814E-10  4.6305E-13  3.9013E-16  4.8028E-18
  3.5937E-12  1.0577E-09  1.2323E-12  1.0383E-15  1.2778E-17
  1.1865E-11  3.5312E-09  4.1396E-12  3.4880E-15  4.2924E-17
  3.7878E-11  1.1779E-08  1.4072E-11  1.1858E-14  1.4596E-16
  1.2268E-10  4.3986E-08  5.6165E-11  4.7367E-14  5.8427E-16
  2.6279E-10  1.2049E-07  1.7976E-10  1.5189E-13  1.8753E-15
  4.1469E-10  2.5688E-07  5.2568E-10  4.4636E-13  5.5276E-15
  5.0831E-10  3.8811E-07  1.1881E-09  1.0180E-12  1.2654E-14
  5.6787E-10  5.0115E-07  2.5842E-09  2.2564E-12  2.8377E-14
  5.9715E-10  5.6972E-07  4.9114E-09  4.4278E-12  5.6849E-14
  6.1244E-10  6.1454E-07  9.3028E-09  8.9343E-12  1.1988E-13
  6.1607E-10  6.3664E-07  1.5284E-08  1.6110E-11  2.3291E-13
  6.1088E-10  6.4847E-07  2.2995E-08  2.7734E-11  4.5863E-13
  5.9724E-10  6.5276E-07  2.9383E-08  4.0301E-11  7.9014E-13
  5.6950E-10  6.5297E-07  3.4478E-08  5.3299E-11  1.2991E-12
  5.2832E-10  6.4956E-07  3.7279E-08  6.2408E-11  1.8529E-12
  4.6059E-10  6.4093E-07  3.8618E-08  6.8464E-11  2.4443E-12
  3.7855E-10  6.2641E-07  3.8467E-08  7.0390E-11  2.8472E-12
  4.2788E-13  1.3542E-10  2.0151E-13  1.7859E-16  2.4029E-18
  9.0541E-13  2.8747E-10  4.2794E-13  3.7927E-16  5.1006E-18
  2.2994E-12  7.3177E-10  1.0907E-12  9.6663E-16  1.2996E-17
  6.1693E-12  1.9703E-09  2.9459E-12  2.6109E-15  3.5099E-17
  2.1126E-11  6.8942E-09  1.0426E-11  9.2419E-15  1.2452E-16
  6.6880E-11  2.3437E-08  3.6687E-11  3.2535E-14  4.3822E-16
  1.8810E-10  7.9781E-08  1.3949E-10  1.2390E-13  1.6700E-15
  3.3680E-10  1.8467E-07  4.0176E-10  3.5814E-13  4.8384E-15
  4.6648E-10  3.3066E-07  1.0495E-09  9.4356E-13  1.2820E-14
  5.3878E-10  4.4915E-07  2.2031E-09  2.0107E-12  2.7546E-14
  5.8190E-10  5.4162E-07  4.5169E-09  4.2497E-12  5.9436E-14
  6.0017E-10  5.9411E-07  8.1289E-09  8.0343E-12  1.1647E-13
  6.0436E-10  6.2630E-07  1.4148E-08  1.5271E-11  2.3800E-13
  5.9605E-10  6.4067E-07  2.0939E-08  2.5237E-11  4.3899E-13
  5.7268E-10  6.4633E-07  2.8014E-08  3.8540E-11  7.9548E-13
  5.3532E-10  6.4505E-07  3.2821E-08  5.0248E-11  1.2497E-12
  4.7256E-10  6.3691E-07  3.5839E-08  5.9895E-11  1.8297E-12
  3.9466E-10  6.2162E-07  3.6637E-08  6.4556E-11  2.3169E-12
  2.0062E-13  6.7666E-11  1.2532E-13  1.1615E-16  1.6915E-18
  3.8994E-13  1.3181E-10  2.4415E-13  2.2629E-16  3.2936E-18
  8.3208E-13  2.8220E-10  5.2294E-13  4.8471E-16  7.0510E-18
  1.7791E-12  6.0552E-10  1.1230E-12  1.0409E-15  1.5138E-17
  4.6778E-12  1.5989E-09  2.9727E-12  2.7554E-15  4.0069E-17
  1.3320E-11  4.6021E-09  8.6166E-12  7.9878E-15  1.1639E-16
  4.7016E-11  1.7045E-08  3.2749E-11  3.0371E-14  4.4241E-16
  1.3278E-10  5.4526E-08  1.1260E-10  1.0454E-13  1.5236E-15
  2.8843E-10  1.5091E-07  3.7689E-10  3.5118E-13  5.1301E-15
  4.2170E-10  2.7993E-07  9.4432E-10  8.8630E-13  1.3012E-14
  5.1685E-10  4.1800E-07  2.1900E-09  2.0877E-12  3.0991E-14
  5.6410E-10  5.1303E-07  4.2567E-09  4.1652E-12  6.2906E-14
  5.8687E-10  5.7991E-07  8.0993E-09  8.3341E-12  1.3080E-13
  5.8851E-10  6.1440E-07  1.3388E-08  1.4835E-11  2.4807E-13
  5.7197E-10  6.3242E-07  2.0556E-08  2.5467E-11  4.7768E-13
  5.3910E-10  6.3671E-07  2.6817E-08  3.7207E-11  8.0985E-13
  4.8075E-10  6.3103E-07  3.1757E-08  4.9230E-11  1.3011E-12
  4.0652E-10  6.1589E-07  3.3929E-08  5.6756E-11  1.7909E-12
  7.9815E-14  2.9095E-11  6.9592E-14  6.7972E-17  1.0865E-18
  1.6360E-13  5.9680E-11  1.4276E-13  1.3944E-16  2.2274E-18
  3.4334E-13  1.2543E-10  3.0009E-13  2.9310E-16  4.6793E-18
  6.6608E-13  2.4384E-10  5.8358E-13  5.7000E-16  9.0959E-18
  1.4095E-12  5.1781E-10  1.2402E-12  1.2113E-15  1.9324E-17
  2.9930E-12  1.1044E-09  2.6488E-12  2.5873E-15  4.1270E-17
  7.9338E-12  2.9495E-09  7.1055E-12  6.9410E-15  1.1092E-16
  2.2898E-11  8.6770E-09  2.1158E-11  2.0673E-14  3.3023E-16
  7.6824E-11  3.1256E-08  7.9578E-11  7.7819E-14  1.2434E-15
  1.8903E-10  8.9679E-08  2.5448E-10  2.4943E-13  3.9914E-15
  3.4734E-10  2.1009E-07  7.6235E-10  7.5189E-13  1.2087E-14
  4.6044E-10  3.4215E-07  1.7470E-09  1.7434E-12  2.8272E-14
  5.3212E-10  4.6549E-07  3.7614E-09  3.8455E-12  6.3524E-14
  5.6044E-10  5.4295E-07  6.8845E-09  7.3157E-12  1.2449E-13
  5.6127E-10  5.9267E-07  1.2105E-08  1.3780E-11  2.4919E-13
  5.3811E-10  6.1376E-07  1.8181E-08  2.2630E-11  4.4874E-13
  4.8700E-10  6.1730E-07  2.4705E-08  3.4447E-11  7.9112E-13
  4.1770E-10  6.0527E-07  2.8858E-08  4.4338E-11  1.2005E-12
  2.8109E-14  1.0973E-11  3.2786E-14  3.3515E-17  5.8139E-19
  6.5351E-14  2.5519E-11  7.6250E-14  7.7946E-17  1.3514E-18
  1.5295E-13  5.9755E-11  1.7856E-13  1.8254E-16  3.1627E-18
  3.1263E-13  1.2225E-10  3.6537E-13  3.7350E-16  6.4680E-18
  6.5534E-13  2.5668E-10  7.6743E-13  7.8451E-16  1.3579E-17
  1.2752E-12  5.0069E-10  1.4980E-12  1.5313E-15  2.6499E-17
  2.7404E-12  1.0807E-09  3.2379E-12  3.3101E-15  5.7273E-17
  6.0448E-12  2.3992E-09  7.2108E-12  7.3721E-15  1.2777E-16
  1.7049E-11  6.8669E-09  2.0833E-11  2.1304E-14  3.6906E-16
  4.9279E-11  2.0643E-08  6.4286E-11  6.5779E-14  1.1397E-15
  1.4269E-10  6.7202E-08  2.2759E-10  2.3336E-13  4.0489E-15
  2.8013E-10  1.5946E-07  6.4343E-10  6.6298E-13  1.1546E-14
  4.1873E-10  2.9961E-07  1.6695E-09  1.7405E-12  3.0592E-14
  4.9636E-10  4.2054E-07  3.4427E-09  3.6631E-12  6.5444E-14
  5.3104E-10  5.1634E-07  6.7397E-09  7.4581E-12  1.3772E-13
  5.2620E-10  5.6766E-07  1.1256E-08  1.3196E-11  2.5701E-13
  4.8702E-10  5.9110E-07  1.7414E-08  2.2330E-11  4.7878E-13
  4.2431E-10  5.8813E-07  2.2674E-08  3.1995E-11  7.7878E-13
  6.6937E-15  2.8135E-12  1.0695E-14  1.1487E-17  2.1799E-19
  1.7876E-14  7.5139E-12  2.8564E-14  3.0678E-17  5.8191E-19
  4.8871E-14  2.0547E-11  7.8110E-14  8.3891E-17  1.5903E-18
  1.1472E-13  4.8245E-11  1.8342E-13  1.9699E-16  3.7326E-18
  2.7103E-13  1.1405E-10  4.3368E-13  4.6578E-16  8.8206E-18
  5.5781E-13  2.3497E-10  8.9376E-13  9.5991E-16  1.8171E-17
  1.1770E-12  4.9675E-10  1.8908E-12  2.0308E-15  3.8433E-17
  2.3125E-12  9.7897E-10  3.7308E-12  4.0072E-15  7.5827E-17
  5.0959E-12  2.1700E-09  8.2933E-12  8.9083E-15  1.6883E-16
  1.1664E-11  5.0170E-09  1.9289E-11  2.0723E-14  3.9256E-16
  3.3085E-11  1.4603E-08  5.7170E-11  6.1452E-14  1.1642E-15
  8.7716E-11  4.1220E-08  1.6910E-10  1.8201E-13  3.4513E-15
  2.0998E-10  1.1478E-07  5.3677E-10  5.8016E-13  1.1038E-14
  3.4361E-10  2.2866E-07  1.3471E-09  1.4690E-12  2.8153E-14
  4.4662E-10  3.6621E-07  3.1124E-09  3.4605E-12  6.7405E-14
  4.8459E-10  4.6537E-07  5.8582E-09  6.7209E-12  1.3459E-13
  4.7335E-10  5.2994E-07  1.0310E-08  1.2508E-11  2.6432E-13
  4.2482E-10  5.5036E-07  1.5210E-08  1.9843E-11  4.5452E-13
  1.5637E-15  7.0007E-13  3.2763E-15  3.6728E-18  7.5455E-20
  4.5242E-15  2.0256E-12  9.4796E-15  1.0627E-17  2.1823E-19
  1.4048E-14  6.2895E-12  2.9436E-14  3.2997E-17  6.7727E-19
  3.7305E-14  1.6704E-11  7.8179E-14  8.7638E-17  1.7980E-18
  1.0117E-13  4.5313E-11  2.1209E-13  2.3775E-16  4.8750E-18
  2.3514E-13  1.0536E-10  4.9321E-13  5.5289E-16  1.1332E-17
  5.4924E-13  2.4631E-10  1.1535E-12  1.2930E-15  2.6491E-17
  1.1236E-12  5.0460E-10  2.3646E-12  2.6508E-15  5.4297E-17
  2.3859E-12  1.0746E-09  5.0428E-12  5.6535E-15  1.1579E-16
  4.8276E-12  2.1847E-09  1.0279E-11  1.1525E-14  2.3637E-16
  1.1342E-11  5.1844E-09  2.4547E-11  2.7527E-14  5.6432E-16
  2.7188E-11  1.2669E-08  6.0822E-11  6.8237E-14  1.3991E-15
  7.3624E-11  3.6114E-08  1.8049E-10  2.0277E-13  4.1617E-15
  1.6506E-10  9.0075E-08  4.9385E-10  5.5668E-13  1.1458E-14
  3.0172E-10  1.9972E-07  1.3511E-09  1.5368E-12  3.1877E-14
  3.9761E-10  3.2128E-07  2.9262E-09  3.3847E-12  7.1252E-14
  4.3492E-10  4.3046E-07  5.8300E-09  6.9697E-12  1.5129E-13
  4.1242E-10  4.8632E-07  9.5481E-09  1.1979E-11  2.7315E-13
  5.2713E-16  2.4908E-13  1.3983E-15  1.6277E-18  3.5914E-20
  1.3417E-15  6.3407E-13  3.5596E-15  4.1436E-18  9.1392E-20
  4.0797E-15  1.9283E-12  1.0826E-14  1.2601E-17  2.7781E-19
  1.1540E-14  5.4548E-12  3.0623E-14  3.5647E-17  7.8552E-19
  3.4997E-14  1.6544E-11  9.2879E-14  1.0811E-16  2.3813E-18
  9.0761E-14  4.2911E-11  2.4093E-13  2.8046E-16  6.1742E-18
  2.3961E-13  1.1333E-10  6.3641E-13  7.4082E-16  1.6302E-17
  5.4231E-13  2.5668E-10  1.4419E-12  1.6785E-15  3.6925E-17
  1.2359E-12  5.8582E-10  3.2936E-12  3.8341E-15  8.4330E-17
  2.5124E-12  1.1939E-09  6.7222E-12  7.8259E-15  1.7212E-16
  5.4887E-12  2.6218E-09  1.4810E-11  1.7244E-14  3.7970E-16
  1.1827E-11  5.7013E-09  3.2410E-11  3.7745E-14  8.3088E-16
  2.9462E-11  1.4502E-08  8.3756E-11  9.7601E-14  2.1491E-15
  6.8654E-11  3.5265E-08  2.1086E-10  2.4605E-13  5.4241E-15
  1.5761E-10  8.9786E-08  5.8856E-10  6.8944E-13  1.5249E-14
  2.7017E-10  1.8154E-07  1.4144E-09  1.6708E-12  3.7238E-14
  3.6202E-10  3.0474E-07  3.2020E-09  3.8549E-12  8.7441E-14
  3.8028E-10  3.9449E-07  5.7994E-09  7.1994E-12  1.6833E-13
  3.7823E-16  1.8725E-13  1.2351E-15  1.4869E-18  3.5017E-20
  7.5135E-16  3.7202E-13  2.4538E-15  2.9541E-18  6.9544E-20
  1.7559E-15  8.6959E-13  5.7356E-15  6.9051E-18  1.6249E-19
  4.2557E-15  2.1080E-12  1.3904E-14  1.6739E-17  3.9373E-19
  1.2407E-14  6.1465E-12  4.0542E-14  4.8808E-17  1.1476E-18
  3.3956E-14  1.6823E-11  1.1097E-13  1.3360E-16  3.1397E-18
  9.8824E-14  4.8971E-11  3.2304E-13  3.8891E-16  9.1357E-18
  2.4640E-13  1.2214E-10  8.0588E-13  9.7022E-16  2.2782E-17
  6.2310E-13  3.0911E-10  2.0404E-12  2.4565E-15  5.7668E-17
  1.3597E-12  6.7547E-10  4.4626E-12  5.3730E-15  1.2612E-16
  3.0389E-12  1.5141E-09  1.0023E-11  1.2069E-14  2.8330E-16
  6.3107E-12  3.1603E-09  2.0997E-11  2.5287E-14  5.9413E-16
  1.4724E-11  7.4561E-09  4.9957E-11  6.0185E-14  1.4140E-15
  3.3073E-11  1.7101E-08  1.1652E-10  1.4047E-13  3.3018E-15
  7.8432E-11  4.2613E-08  3.0273E-10  3.6565E-13  8.6089E-15
  1.5598E-10  9.3199E-08  7.2088E-10  8.7430E-13  2.0663E-14
  2.6264E-10  1.8828E-07  1.7507E-09  2.1454E-12  5.1203E-14
  3.2359E-10  2.8807E-07  3.4699E-09  4.3335E-12  1.0537E-13
