T(K)  p(mbar)  mu(amu)  mean cp(kJ/kg/K)
       75.000000    0.0010000000       2.3515445       12.821405
       75.000000    0.0030000000       2.3515444       12.821405
       75.000000     0.010000000       2.3515444       12.821405
       75.000000     0.030000000       2.3515444       12.821405
       75.000000      0.10000000       2.3515444       12.821405
       75.000000      0.30000000       2.3515444       12.821405
       75.000000       1.0000000       2.3515444       12.821405
       75.000000       3.0000000       2.3515444       12.821405
       75.000000       10.000000       2.3515444       12.821405
       75.000000       30.000000       2.3515444       12.821405
       75.000000       100.00000       2.3515444       12.821405
       75.000000       300.00000       2.3515444       12.821405
       75.000000       1000.0000       2.3515444       12.821405
       75.000000       3000.0000       2.3515444       12.821405
       75.000000       10000.000       2.3419399       12.883412
       100.00000    0.0010000000       2.3593479       12.341597
       100.00000    0.0030000000       2.3578942       12.341597
       100.00000     0.010000000       2.3537331       12.341597
       100.00000     0.030000000       2.3525443       12.341597
       100.00000      0.10000000       2.3521282       12.341597
       100.00000      0.30000000       2.3520093       12.341597
       100.00000       1.0000000       2.3519677       12.341597
       100.00000       3.0000000       2.3519558       12.341597
       100.00000       10.000000       2.3519517       12.341597
       100.00000       30.000000       2.3519505       12.341597
       100.00000       100.00000       2.3519500       12.341597
       100.00000       300.00000       2.3519499       12.341597
       100.00000       1000.0000       2.3519499       12.341597
       100.00000       3000.0000       2.3519499       12.341597
       100.00000       10000.000       2.3519499       12.341597
       100.00000       30000.000       2.3519499       12.341597
       110.00000    0.0010000000       2.3593481       12.281773
       110.00000    0.0030000000       2.3593480       12.281773
       110.00000     0.010000000       2.3593479       12.281773
       110.00000     0.030000000       2.3593479       12.281773
       110.00000      0.10000000       2.3569029       12.281773
       110.00000      0.30000000       2.3536009       12.281773
       110.00000       1.0000000       2.3524452       12.281773
       110.00000       3.0000000       2.3521150       12.281773
       110.00000       10.000000       2.3519994       12.281773
       110.00000       30.000000       2.3519664       12.281773
       110.00000       100.00000       2.3519548       12.281773
       110.00000       300.00000       2.3519515       12.281773
       110.00000       1000.0000       2.3519504       12.281773
       110.00000       3000.0000       2.3519500       12.281773
       110.00000       10000.000       2.3519499       12.281773
       110.00000       30000.000       2.3519499       12.281773
       110.00000       100000.00       2.3519499       12.281773
       120.00000    0.0010000000       2.3593589       12.283282
       120.00000    0.0030000000       2.3593516       12.283282
       120.00000     0.010000000       2.3593490       12.283282
       120.00000     0.030000000       2.3593483       12.283282
       120.00000      0.10000000       2.3593480       12.283282
       120.00000      0.30000000       2.3593480       12.283282
       120.00000       1.0000000       2.3593479       12.283282
       120.00000       3.0000000       2.3545848       12.283282
       120.00000       10.000000       2.3527404       12.283282
       120.00000       30.000000       2.3522134       12.283282
       120.00000       100.00000       2.3520289       12.283282
       120.00000       300.00000       2.3519762       12.283282
       120.00000       1000.0000       2.3519578       12.283282
       120.00000       3000.0000       2.3519525       12.283282
       120.00000       10000.000       2.3519507       12.283282
       120.00000       30000.000       2.3519501       12.283282
       120.00000       100000.00       2.3519499       12.283282
       130.00000    0.0010000000       2.3597341       12.336677
       130.00000    0.0030000000       2.3594767       12.336684
       130.00000     0.010000000       2.3593865       12.336686
       130.00000     0.030000000       2.3593608       12.336687
       130.00000      0.10000000       2.3593518       12.336687
       130.00000      0.30000000       2.3593492       12.336687
       130.00000       1.0000000       2.3593483       12.336687
       130.00000       3.0000000       2.3593481       12.336687
       130.00000       10.000000       2.3593480       12.336687
       130.00000       30.000000       2.3546961       12.336687
       130.00000       100.00000       2.3527737       12.336687
       130.00000       300.00000       2.3522245       12.336687
       130.00000       1000.0000       2.3520323       12.336687
       130.00000       3000.0000       2.3519773       12.336687
       130.00000       10000.000       2.3519581       12.336687
       130.00000       30000.000       2.3519526       12.336687
       130.00000       100000.00       2.3519507       12.336687
       140.00000    0.0010000000       2.3621400       12.432232
       140.00000    0.0030000000       2.3620725       12.432446
       140.00000     0.010000000       2.3601653       12.432521
       140.00000     0.030000000       2.3596204       12.432542
       140.00000      0.10000000       2.3594297       12.432550
       140.00000      0.30000000       2.3593752       12.432552
       140.00000       1.0000000       2.3593561       12.432553
       140.00000       3.0000000       2.3593507       12.432553
       140.00000       10.000000       2.3593487       12.432553
       140.00000       30.000000       2.3593482       12.432553
       140.00000       100.00000       2.3580929       12.432553
       140.00000       300.00000       2.3539975       12.432553
       140.00000       1000.0000       2.3525642       12.432553
       140.00000       3000.0000       2.3521546       12.432553
       140.00000       10000.000       2.3520113       12.432553
       140.00000       30000.000       2.3519703       12.432553
       140.00000       100000.00       2.3519560       12.432553
       150.00000    0.0010000000       2.3630499       12.555292
       150.00000    0.0030000000       2.3624164       12.559385
       150.00000     0.010000000       2.3621862       12.560829
       150.00000     0.030000000       2.3621208       12.561239
       150.00000      0.10000000       2.3605002       12.561382
       150.00000      0.30000000       2.3597320       12.561423
       150.00000       1.0000000       2.3594632       12.561437
       150.00000       3.0000000       2.3593863       12.561441
       150.00000       10.000000       2.3593595       12.561443
       150.00000       30.000000       2.3593518       12.561443
       150.00000       100.00000       2.3593491       12.561443
       150.00000       300.00000       2.3593483       12.561443
       150.00000       1000.0000       2.3554540       12.561443
       150.00000       3000.0000       2.3531179       12.561443
       150.00000       10000.000       2.3523003       12.561443
       150.00000       30000.000       2.3520667       12.561443
       150.00000       100000.00       2.3519849       12.561443
       160.00000    0.0010000000       2.3750000       12.632901
       160.00000    0.0030000000       2.3664458       12.686790
       160.00000     0.010000000       2.3634520       12.705778
       160.00000     0.030000000       2.3625779       12.711200
       160.00000      0.10000000       2.3622385       12.713101
       160.00000      0.30000000       2.3621129       12.713642
       160.00000       1.0000000       2.3605172       12.713831
       160.00000       3.0000000       2.3597371       12.713895
       160.00000       10.000000       2.3594647       12.713914
       160.00000       30.000000       2.3593869       12.713920
       160.00000       100.00000       2.3593596       12.713922
       160.00000       300.00000       2.3593518       12.713922
       160.00000       1000.0000       2.3593491       12.713922
       160.00000       3000.0000       2.3573096       12.713922
       160.00000       10000.000       2.3535578       12.713922
       160.00000       30000.000       2.3524858       12.713922
       160.00000       100000.00       2.3521107       12.713922
       170.00000    0.0010000000       2.4089206       12.586709
       170.00000    0.0030000000       2.4035773       12.619512
       170.00000     0.010000000       2.3745852       12.800927
       170.00000     0.030000000       2.3663077       12.853892
       170.00000      0.10000000       2.3634105       12.872552
       170.00000      0.30000000       2.3625828       12.877895
       170.00000       1.0000000       2.3622731       12.879764
       170.00000       3.0000000       2.3621717       12.880283
       170.00000       10.000000       2.3602516       12.880467
       170.00000       30.000000       2.3596501       12.880517
       170.00000       100.00000       2.3594381       12.880546
       170.00000       300.00000       2.3593780       12.880551
       170.00000       1000.0000       2.3593569       12.880553
       170.00000       3000.0000       2.3593509       12.880554
       170.00000       10000.000       2.3581175       12.880554
       170.00000       30000.000       2.3540058       12.880554
       170.00000       100000.00       2.3525666       12.880554
       180.00000    0.0010000000       2.4088602       12.753461
       180.00000    0.0030000000       2.4088602       12.753461
       180.00000     0.010000000       2.4088601       12.753461
       180.00000     0.030000000       2.3932517       12.851353
       180.00000      0.10000000       2.3714653       12.990980
       180.00000      0.30000000       2.3652408       13.031527
       180.00000       1.0000000       2.3630622       13.045790
       180.00000       3.0000000       2.3624197       13.049869
       180.00000       10.000000       2.3621816       13.051297
       180.00000       30.000000       2.3611794       13.051689
       180.00000       100.00000       2.3598446       13.051828
       180.00000       300.00000       2.3594544       13.051867
       180.00000       1000.0000       2.3593430       13.051890
       180.00000       3000.0000       2.3593060       13.051895
       180.00000       10000.000       2.3592930       13.051896
       180.00000       30000.000       2.3586815       13.051896
       180.00000       100000.00       2.3539270       13.051896
       190.00000    0.0010000000       2.4087592       12.915607
       190.00000    0.0030000000       2.4087575       12.915619
       190.00000     0.010000000       2.4087593       12.915608
       190.00000     0.030000000       2.4087594       12.915608
       190.00000      0.10000000       2.4087593       12.915608
       190.00000      0.30000000       2.3809528       13.093874
       190.00000       1.0000000       2.3676853       13.180841
       190.00000       3.0000000       2.3639001       13.205940
       190.00000       10.000000       2.3625552       13.214749
       190.00000       30.000000       2.3621764       13.217265
       190.00000       100.00000       2.3619855       13.218131
       190.00000       300.00000       2.3600695       13.218378
       190.00000       1000.0000       2.3594287       13.218475
       190.00000       3000.0000       2.3592405       13.218502
       190.00000       10000.000       2.3591746       13.218509
       190.00000       30000.000       2.3591558       13.218511
       190.00000       100000.00       2.3576849       13.218511
       200.00000    0.0010000000       2.4087390       13.063996
       200.00000    0.0030000000       2.4087391       13.063998
       200.00000     0.010000000       2.4087392       13.063998
       200.00000     0.030000000       2.4087392       13.063998
       200.00000      0.10000000       2.4087392       13.063998
       200.00000      0.30000000       2.4087374       13.064012
       200.00000       1.0000000       2.3908302       13.179695
       200.00000       3.0000000       2.3716153       13.306520
       200.00000       10.000000       2.3648697       13.351582
       200.00000       30.000000       2.3629495       13.364510
       200.00000       100.00000       2.3622170       13.369039
       200.00000       300.00000       2.3619646       13.370330
       200.00000       1000.0000       2.3603678       13.370794
       200.00000       3000.0000       2.3595553       13.370922
       200.00000       10000.000       2.3592703       13.370958
       200.00000       30000.000       2.3591888       13.370969
       200.00000       100000.00       2.3591603       13.370972
       210.00000    0.0010000000       2.4087382       13.191833
       210.00000    0.0030000000       2.4087390       13.191858
       210.00000     0.010000000       2.4087391       13.191861
       210.00000     0.030000000       2.4087392       13.191861
       210.00000      0.10000000       2.4087392       13.191861
       210.00000      0.30000000       2.4087392       13.191864
       210.00000       1.0000000       2.4087392       13.191867
       210.00000       3.0000000       2.4037904       13.223977
       210.00000       10.000000       2.3745425       13.417440
       210.00000       30.000000       2.3661474       13.473929
       210.00000       100.00000       2.3631821       13.493817
       210.00000       300.00000       2.3623065       13.499514
       210.00000       1000.0000       2.3620120       13.501523
       210.00000       3000.0000       2.3606809       13.502119
       210.00000       10000.000       2.3596080       13.502281
       210.00000       30000.000       2.3593014       13.502327
       210.00000       100000.00       2.3591941       13.502343
       220.00000    0.0010000000       2.4087302       13.301860
       220.00000    0.0030000000       2.4087382       13.302114
       220.00000     0.010000000       2.4087391       13.302144
       220.00000     0.030000000       2.4087390       13.302146
       220.00000      0.10000000       2.4087392       13.302147
       220.00000      0.30000000       2.4087392       13.302149
       220.00000       1.0000000       2.4087392       13.302152
       220.00000       3.0000000       2.4087392       13.302170
       220.00000       10.000000       2.4087392       13.302193
       220.00000       30.000000       2.3778651       13.507184
       220.00000       100.00000       2.3667182       13.582932
       220.00000       300.00000       2.3634784       13.604766
       220.00000       1000.0000       2.3623635       13.612457
       220.00000       3000.0000       2.3620474       13.614775
       220.00000       10000.000       2.3606835       13.615401
       220.00000       30000.000       2.3596599       13.615577
       220.00000       100000.00       2.3593017       13.615638
       230.00000    0.0010000000       2.4086708       13.397944
       230.00000    0.0030000000       2.4087292       13.399846
       230.00000     0.010000000       2.4087383       13.400073
       230.00000     0.030000000       2.4087373       13.400107
       230.00000      0.10000000       2.4087391       13.400097
       230.00000      0.30000000       2.4087392       13.400100
       230.00000       1.0000000       2.4087392       13.400103
       230.00000       3.0000000       2.4087392       13.400121
       230.00000       10.000000       2.4087392       13.400144
       230.00000       30.000000       2.4086990       13.400312
       230.00000       100.00000       2.3781050       13.605189
       230.00000       300.00000       2.3672740       13.679143
       230.00000       1000.0000       2.3634841       13.705318
       230.00000       3000.0000       2.3624269       13.713262
       230.00000       10000.000       2.3620499       13.715403
       230.00000       30000.000       2.3606876       13.716005
       230.00000       100000.00       2.3596099       13.716216
       240.00000    0.0010000000       2.4084241       13.477903
       240.00000    0.0030000000       2.4086611       13.486068
       240.00000     0.010000000       2.4087138       13.487590
       240.00000     0.030000000       2.4087386       13.487744
       240.00000      0.10000000       2.4087391       13.487761
       240.00000      0.30000000       2.4087391       13.487765
       240.00000       1.0000000       2.4087392       13.487768
       240.00000       3.0000000       2.4087392       13.487786
       240.00000       10.000000       2.4087392       13.487809
       240.00000       30.000000       2.4087191       13.487982
       240.00000       100.00000       2.4086801       13.488170
       240.00000       300.00000       2.3783679       13.692521
       240.00000       1000.0000       2.3668123       13.772557
       240.00000       3000.0000       2.3635363       13.796982
       240.00000       10000.000       2.3623828       13.803591
       240.00000       30000.000       2.3620532       13.805450
       240.00000       100000.00       2.3604161       13.806100
       250.00000    0.0010000000       2.4080365       13.541532
       250.00000    0.0030000000       2.4084746       13.556410
       250.00000     0.010000000       2.4086673       13.563023
       250.00000     0.030000000       2.4087137       13.563889
       250.00000      0.10000000       2.4087387       13.563985
       250.00000      0.30000000       2.4087390       13.563997
       250.00000       1.0000000       2.4087390       13.564001
       250.00000       3.0000000       2.4087392       13.564018
       250.00000       10.000000       2.4087392       13.564042
       250.00000       30.000000       2.4087191       13.564215
       250.00000       100.00000       2.4087023       13.564397
       250.00000       300.00000       2.4080189       13.569458
       250.00000       1000.0000       2.3757017       13.789923
       250.00000       3000.0000       2.3664994       13.858246
       250.00000       10000.000       2.3632717       13.876845
       250.00000       30000.000       2.3623495       13.882084
       250.00000       100000.00       2.3620267       13.883919
       260.00000    0.0010000000       2.4075449       13.597116
       260.00000    0.0030000000       2.4081026       13.609555
       260.00000     0.010000000       2.4085381       13.623974
       260.00000     0.030000000       2.4086793       13.627714
       260.00000      0.10000000       2.4087173       13.628238
       260.00000      0.30000000       2.4087169       13.628301
       260.00000       1.0000000       2.4087391       13.628303
       260.00000       3.0000000       2.4087392       13.628321
       260.00000       10.000000       2.4087392       13.628344
       260.00000       30.000000       2.4087191       13.628517
       260.00000       100.00000       2.4087022       13.628699
       260.00000       300.00000       2.4086420       13.629612
       260.00000       1000.0000       2.3976288       13.707480
       260.00000       3000.0000       2.3738087       13.882201
       260.00000       10000.000       2.3654644       13.930340
       260.00000       30000.000       2.3630804       13.943953
       260.00000       100000.00       2.3622460       13.948725
       260.00000       300000.00       2.3616747       13.950089
       270.00000    0.0010000000       2.4067173       13.651349
       270.00000    0.0030000000       2.4076668       13.654940
       270.00000     0.010000000       2.4082468       13.670716
       270.00000     0.030000000       2.4085759       13.680836
       270.00000      0.10000000       2.4086690       13.683064
       270.00000      0.30000000       2.4086978       13.683284
       270.00000       1.0000000       2.4087189       13.683319
       270.00000       3.0000000       2.4087372       13.683357
       270.00000       10.000000       2.4087392       13.683368
       270.00000       30.000000       2.4087190       13.683541
       270.00000       100.00000       2.4087004       13.683733
       270.00000       300.00000       2.4086438       13.684624
       270.00000       1000.0000       2.4086037       13.689832
       270.00000       3000.0000       2.3906101       13.842748
       270.00000       10000.000       2.3705051       13.957929
       270.00000       30000.000       2.3647606       13.990793
       270.00000       100000.00       2.3627501       14.002342
       270.00000       300000.00       2.3621756       14.005647
       275.00000    0.0010000000       2.4061625       13.678250
       275.00000    0.0030000000       2.4073648       13.677513
       275.00000     0.010000000       2.4080795       13.690565
       275.00000     0.030000000       2.4084865       13.703759
       275.00000      0.10000000       2.4086610       13.707903
       275.00000      0.30000000       2.4086951       13.708373
       275.00000       1.0000000       2.4087169       13.708436
       275.00000       3.0000000       2.4087189       13.708446
       275.00000       10.000000       2.4087392       13.708475
       275.00000       30.000000       2.4087191       13.708648
       275.00000       100.00000       2.4087020       13.708830
       275.00000       300.00000       2.4086438       13.709731
       275.00000       1000.0000       2.4086037       13.714939
       275.00000       3000.0000       2.4050746       13.787083
       275.00000       10000.000       2.3748441       13.958853
       275.00000       30000.000       2.3662070       14.008227
       275.00000       100000.00       2.3631840       14.025618
       275.00000       300000.00       2.3623203       14.030600
       280.00000    0.0010000000       2.4057443       13.703958
       280.00000    0.0030000000       2.4069776       13.700802
       280.00000     0.010000000       2.4078704       13.709608
       280.00000     0.030000000       2.4083764       13.724475
       280.00000      0.10000000       2.4086202       13.731392
       280.00000      0.30000000       2.4086730       13.732282
       280.00000       1.0000000       2.4086985       13.732388
       280.00000       3.0000000       2.4087188       13.732421
       280.00000       10.000000       2.4087191       13.732445
       280.00000       30.000000       2.4087191       13.732624
       280.00000       100.00000       2.4087002       13.732818
       280.00000       300.00000       2.4086420       13.733719
       280.00000       1000.0000       2.4086037       13.738915
       280.00000       3000.0000       2.4086236       13.791381
       280.00000       10000.000       2.3800550       13.953676
       280.00000       30000.000       2.3679440       14.022803
       280.00000       100000.00       2.3637050       14.047217
       280.00000       300000.00       2.3624940       14.054217
       290.00000    0.0010000000       2.4052940       13.749497
       290.00000    0.0030000000       2.4060361       13.747384
       290.00000     0.010000000       2.4073635       13.747208
       290.00000     0.030000000       2.4080535       13.759720
       290.00000      0.10000000       2.4084978       13.773067
       290.00000      0.30000000       2.4086391       13.776117
       290.00000       1.0000000       2.4086753       13.776519
       290.00000       3.0000000       2.4086986       13.776567
       290.00000       10.000000       2.4087171       13.776612
       290.00000       30.000000       2.4087190       13.776779
       290.00000       100.00000       2.4087002       13.776973
       290.00000       300.00000       2.4086419       13.777874
       290.00000       1000.0000       2.4086037       13.783070
       290.00000       3000.0000       2.4086236       13.835536
       290.00000       10000.000       2.3963822       13.906472
       290.00000       30000.000       2.3733864       14.036675
       290.00000       100000.00       2.3653377       14.083053
       290.00000       300000.00       2.3630382       14.096388
       300.00000    0.0010000000       2.4091856       13.771936
       300.00000    0.0030000000       2.4092112       13.773384
       300.00000     0.010000000       2.4093358       13.778096
       300.00000     0.030000000       2.4095810       13.788708
       300.00000      0.10000000       2.4099843       13.805807
       300.00000      0.30000000       2.4101670       13.813482
       300.00000       1.0000000       2.4102338       13.814845
       300.00000       3.0000000       2.4102395       13.814982
       300.00000       10.000000       2.4102401       13.815021
       300.00000       30.000000       2.4102401       13.815201
       300.00000       100.00000       2.4102401       13.815422
       300.00000       300.00000       2.4102401       13.816351
       300.00000       1000.0000       2.4102401       13.821564
       300.00000       3000.0000       2.4102401       13.873969
       300.00000       10000.000       2.4102401       13.876982
       300.00000       30000.000       2.3844368       14.021691
       300.00000       100000.00       2.3697947       14.105708
       300.00000       300000.00       2.3656110       14.129987
       310.00000    0.0010000000       2.4091757       13.802386
       310.00000    0.0030000000       2.4092021       13.803197
       310.00000     0.010000000       2.4092440       13.805944
       310.00000     0.030000000       2.4094147       13.812812
       310.00000      0.10000000       2.4097883       13.828327
       310.00000      0.30000000       2.4101110       13.841557
       310.00000       1.0000000       2.4102185       13.845439
       310.00000       3.0000000       2.4102348       13.845861
       310.00000       10.000000       2.4102381       13.845922
       310.00000       30.000000       2.4102400       13.846093
       310.00000       100.00000       2.4102401       13.846314
       310.00000       300.00000       2.4102401       13.847243
       310.00000       1000.0000       2.4102401       13.852456
       310.00000       3000.0000       2.4102401       13.904861
       310.00000       10000.000       2.4102401       13.907874
       310.00000       30000.000       2.4001335       13.964201
       310.00000       100000.00       2.3745036       14.110003
       310.00000       300000.00       2.3671807       14.152480
       320.00000    0.0010000000       2.4091704       13.827739
       320.00000    0.0030000000       2.4091843       13.828214
       320.00000     0.010000000       2.4092144       13.829814
       320.00000     0.030000000       2.4093251       13.834075
       320.00000      0.10000000       2.4095793       13.845722
       320.00000      0.30000000       2.4099626       13.861545
       320.00000       1.0000000       2.4101636       13.870170
       320.00000       3.0000000       2.4102261       13.871405
       320.00000       10.000000       2.4102359       13.871544
       320.00000       30.000000       2.4102382       13.871724
       320.00000       100.00000       2.4102400       13.871933
       320.00000       300.00000       2.4102401       13.872863
       320.00000       1000.0000       2.4102401       13.878076
       320.00000       3000.0000       2.4102401       13.930481
       320.00000       10000.000       2.4102401       13.933494
       320.00000       30000.000       2.4102401       13.933460
       320.00000       100000.00       2.3820840       14.092362
       320.00000       300000.00       2.3697077       14.163917
       330.00000    0.0010000000       2.4091674       13.850226
       330.00000    0.0030000000       2.4091756       13.850508
       330.00000     0.010000000       2.4092062       13.851465
       330.00000     0.030000000       2.4092448       13.854104
       330.00000      0.10000000       2.4094274       13.862067
       330.00000      0.30000000       2.4097917       13.876655
       330.00000       1.0000000       2.4101150       13.890571
       330.00000       3.0000000       2.4102115       13.893793
       330.00000       10.000000       2.4102296       13.894214
       330.00000       30.000000       2.4102361       13.894395
       330.00000       100.00000       2.4102382       13.894608
       330.00000       300.00000       2.4102399       13.895525
       330.00000       1000.0000       2.4102401       13.900738
       330.00000       3000.0000       2.4102401       13.953143
       330.00000       10000.000       2.4102401       13.956156
       330.00000       30000.000       2.4102401       13.956122
       330.00000       100000.00       2.3939165       14.047643
       330.00000       300000.00       2.3736514       14.164009
       340.00000    0.0010000000       2.4091858       13.870561
       340.00000    0.0030000000       2.4091706       13.870727
       340.00000     0.010000000       2.4091884       13.871318
       340.00000     0.030000000       2.4092190       13.872950
       340.00000      0.10000000       2.4093588       13.878203
       340.00000      0.30000000       2.4096269       13.889682
       340.00000       1.0000000       2.4100035       13.906701
       340.00000       3.0000000       2.4101686       13.913469
       340.00000       10.000000       2.4102220       13.914629
       340.00000       30.000000       2.4102287       13.914889
       340.00000       100.00000       2.4102363       13.915072
       340.00000       300.00000       2.4102381       13.915990
       340.00000       1000.0000       2.4102399       13.921191
       340.00000       3000.0000       2.4102401       13.973596
       340.00000       10000.000       2.4102401       13.976609
       340.00000       30000.000       2.4102401       13.976575
       340.00000       100000.00       2.4102401       13.976133
       340.00000       300000.00       2.3796341       14.149972
       350.00000    0.0010000000       2.4091849       13.887894
       350.00000    0.0030000000       2.4091679       13.887995
       350.00000     0.010000000       2.4091790       13.888366
       350.00000     0.030000000       2.4092117       13.889397
       350.00000      0.10000000       2.4092755       13.892832
       350.00000      0.30000000       2.4094893       13.901131
       350.00000       1.0000000       2.4098564       13.917897
       350.00000       3.0000000       2.4101376       13.929154
       350.00000       10.000000       2.4102166       13.931866
       350.00000       30.000000       2.4102246       13.932317
       350.00000       100.00000       2.4102308       13.932532
       350.00000       300.00000       2.4102364       13.933426
       350.00000       1000.0000       2.4102381       13.938628
       350.00000       3000.0000       2.4102399       13.991020
       350.00000       10000.000       2.4102401       13.994033
       350.00000       30000.000       2.4102401       13.993999
       350.00000       100000.00       2.4102401       13.993557
       350.00000       300000.00       2.3884794       14.116422
       375.00000    0.0010000000       2.4091838       13.917621
       375.00000    0.0030000000       2.4091848       13.917658
       375.00000     0.010000000       2.4091685       13.917777
       375.00000     0.030000000       2.4091792       13.918137
       375.00000      0.10000000       2.4092175       13.919360
       375.00000      0.30000000       2.4092778       13.922675
       375.00000       1.0000000       2.4095096       13.932298
       375.00000       3.0000000       2.4098627       13.947959
       375.00000       10.000000       2.4101545       13.959608
       375.00000       30.000000       2.4102168       13.961911
       375.00000       100.00000       2.4102248       13.962399
       375.00000       300.00000       2.4102254       13.963338
       375.00000       1000.0000       2.4102292       13.968436
       375.00000       3000.0000       2.4102345       14.019749
       375.00000       10000.000       2.4102381       14.022911
       375.00000       30000.000       2.4102399       14.023928
       375.00000       100000.00       2.4102401       14.023526
       375.00000       300000.00       2.4102401       14.022407
       400.00000    0.0010000000       2.4091641       13.938360
       400.00000    0.0030000000       2.4091660       13.938365
       400.00000     0.010000000       2.4091691       13.938402
       400.00000     0.030000000       2.4091531       13.938534
       400.00000      0.10000000       2.4091672       13.939017
       400.00000      0.30000000       2.4091869       13.940361
       400.00000       1.0000000       2.4092996       13.944719
       400.00000       3.0000000       2.4095240       13.954783
       400.00000       10.000000       2.4099472       13.972174
       400.00000       30.000000       2.4101324       13.981082
       400.00000       100.00000       2.4102039       13.982944
       400.00000       300.00000       2.4102087       13.983832
       400.00000       1000.0000       2.4102092       13.987770
       400.00000       3000.0000       2.4102093       14.025404
       400.00000       10000.000       2.4102111       14.030789
       400.00000       30000.000       2.4102165       14.045618
       400.00000       100000.00       2.4102201       14.045721
       400.00000       300000.00       2.4102219       14.044280
       425.00000    0.0010000000       2.4091642       13.952041
       425.00000    0.0030000000       2.4091648       13.952050
       425.00000     0.010000000       2.4091661       13.952067
       425.00000     0.030000000       2.4091698       13.952113
       425.00000      0.10000000       2.4091555       13.952315
       425.00000      0.30000000       2.4091730       13.952898
       425.00000       1.0000000       2.4092113       13.954879
       425.00000       3.0000000       2.4093286       13.960013
       425.00000       10.000000       2.4096488       13.973291
       425.00000       30.000000       2.4099968       13.988913
       425.00000       100.00000       2.4101591       13.995807
       425.00000       300.00000       2.4102061       13.997206
       425.00000       1000.0000       2.4102090       14.000069
       425.00000       3000.0000       2.4102093       14.024884
       425.00000       10000.000       2.4102093       14.032454
       425.00000       30000.000       2.4102093       14.060214
       425.00000       100000.00       2.4102129       14.060836
       425.00000       300000.00       2.4102183       14.059054
       450.00000    0.0010000000       2.4091072       13.960709
       450.00000    0.0030000000       2.4091623       13.960566
       450.00000     0.010000000       2.4091656       13.960566
       450.00000     0.030000000       2.4091667       13.960593
       450.00000      0.10000000       2.4091509       13.960673
       450.00000      0.30000000       2.4091589       13.960947
       450.00000       1.0000000       2.4091867       13.961892
       450.00000       3.0000000       2.4092229       13.964471
       450.00000       10.000000       2.4094187       13.972291
       450.00000       30.000000       2.4097778       13.986878
       450.00000       100.00000       2.4100903       14.001295
       450.00000       300.00000       2.4101942       14.005089
       450.00000       1000.0000       2.4102079       14.007204
       450.00000       3000.0000       2.4102092       14.019980
       450.00000       10000.000       2.4102094       14.029669
       450.00000       30000.000       2.4102093       14.069528
       450.00000       100000.00       2.4102093       14.070679
       450.00000       300000.00       2.4102093       14.068605
       475.00000    0.0010000000       2.4086544       13.969430
       475.00000    0.0030000000       2.4090714       13.966868
       475.00000     0.010000000       2.4091592       13.966568
       475.00000     0.030000000       2.4091667       13.966547
       475.00000      0.10000000       2.4091692       13.966590
       475.00000      0.30000000       2.4091530       13.966721
       475.00000       1.0000000       2.4091669       13.967200
       475.00000       3.0000000       2.4091862       13.968532
       475.00000       10.000000       2.4092974       13.972854
       475.00000       30.000000       2.4095191       13.982887
       475.00000       100.00000       2.4099424       14.000340
       475.00000       300.00000       2.4101311       14.009505
       475.00000       1000.0000       2.4102038       14.012297
       475.00000       3000.0000       2.4102088       14.019059
       475.00000       10000.000       2.4102092       14.028728
       475.00000       30000.000       2.4102093       14.069175
       475.00000       100000.00       2.4102093       14.079707
       475.00000       300000.00       2.4102093       14.077465
       500.00000    0.0010000000       2.4070390       13.982893
       500.00000    0.0030000000       2.4087387       13.975209
       500.00000     0.010000000       2.4090895       13.973560
       500.00000     0.030000000       2.4091605       13.973405
       500.00000      0.10000000       2.4091675       13.973409
       500.00000      0.30000000       2.4091503       13.973473
       500.00000       1.0000000       2.4091576       13.973731
       500.00000       3.0000000       2.4091789       13.974455
       500.00000       10.000000       2.4092306       13.976886
       500.00000       30.000000       2.4093783       13.983077
       500.00000       100.00000       2.4097048       13.997900
       500.00000       300.00000       2.4100584       14.012506
       500.00000       1000.0000       2.4101706       14.018084
       500.00000       3000.0000       2.4102072       14.020450
       500.00000       10000.000       2.4102092       14.029711
       500.00000       30000.000       2.4102092       14.068630
       500.00000       100000.00       2.4102093       14.090298
       500.00000       300000.00       2.4102093       14.087430
       575.00000    0.0010000000       2.4021140       14.033820
       575.00000    0.0030000000       2.4024590       14.032587
       575.00000     0.010000000       2.4043110       14.025714
       575.00000     0.030000000       2.4072797       14.014487
       575.00000      0.10000000       2.4088846       14.008349
       575.00000      0.30000000       2.4091087       14.007507
       575.00000       1.0000000       2.4091659       14.007460
       575.00000       3.0000000       2.4091519       14.007608
       575.00000       10.000000       2.4091692       14.008121
       575.00000       30.000000       2.4091918       14.009589
       575.00000       100.00000       2.4093135       14.014298
       575.00000       300.00000       2.4095537       14.025003
       575.00000       1000.0000       2.4099577       14.042688
       575.00000       3000.0000       2.4101397       14.051610
       575.00000       10000.000       2.4102048       14.056824
       575.00000       30000.000       2.4102088       14.071542
       575.00000       100000.00       2.4102094       14.135666
       575.00000       300000.00       2.4102093       14.184279
       650.00000    0.0010000000       2.4020838       14.063284
       650.00000    0.0030000000       2.4020820       14.063297
       650.00000     0.010000000       2.4021083       14.063242
       650.00000     0.030000000       2.4022810       14.062670
       650.00000      0.10000000       2.4035788       14.058546
       650.00000      0.30000000       2.4064969       14.049183
       650.00000       1.0000000       2.4086872       14.042066
       650.00000       3.0000000       2.4091010       14.040844
       650.00000       10.000000       2.4091676       14.040851
       650.00000       30.000000       2.4091657       14.041273
       650.00000       100.00000       2.4091912       14.042740
       650.00000       300.00000       2.4092664       14.046717
       650.00000       1000.0000       2.4095378       14.057825
       650.00000       3000.0000       2.4099199       14.074306
       650.00000       10000.000       2.4101359       14.085847
       650.00000       30000.000       2.4102031       14.093355
       650.00000       100000.00       2.4102088       14.140247
       650.00000       300000.00       2.4102093       14.426487
       725.00000    0.0010000000       2.4024838       14.115115
       725.00000    0.0030000000       2.4022341       14.115121
       725.00000     0.010000000       2.4021329       14.115135
       725.00000     0.030000000       2.4021069       14.115126
       725.00000      0.10000000       2.4021206       14.115020
       725.00000      0.30000000       2.4023887       14.114350
       725.00000       1.0000000       2.4040113       14.109894
       725.00000       3.0000000       2.4070329       14.101690
       725.00000       10.000000       2.4088407       14.096833
       725.00000       30.000000       2.4091117       14.096273
       725.00000       100.00000       2.4091691       14.096745
       725.00000       300.00000       2.4091973       14.098302
       725.00000       1000.0000       2.4093257       14.103337
       725.00000       3000.0000       2.4095563       14.114641
       725.00000       10000.000       2.4099785       14.133077
       725.00000       30000.000       2.4101461       14.143749
       725.00000       100000.00       2.4102052       14.167970
       725.00000       300000.00       2.4102089       14.364831
       800.00000    0.0010000000       2.4025333       14.199988
       800.00000    0.0030000000       2.4025334       14.199988
       800.00000     0.010000000       2.4025335       14.199988
       800.00000     0.030000000       2.4025310       14.200007
       800.00000      0.10000000       2.4023519       14.200003
       800.00000      0.30000000       2.4021969       14.199975
       800.00000       1.0000000       2.4022367       14.199753
       800.00000       3.0000000       2.4028848       14.198191
       800.00000       10.000000       2.4055889       14.192075
       800.00000       30.000000       2.4082422       14.186104
       800.00000       100.00000       2.4090539       14.184494
       800.00000       300.00000       2.4091672       14.185000
       800.00000       1000.0000       2.4092277       14.187370
       800.00000       3000.0000       2.4093664       14.193495
       800.00000       10000.000       2.4096992       14.208744
       800.00000       30000.000       2.4100649       14.225627
       800.00000       100000.00       2.4101685       14.240517
       800.00000       300000.00       2.4102070       14.281652
       900.00000    0.0010000000       2.4025159       14.316817
       900.00000    0.0030000000       2.4025181       14.316817
       900.00000     0.010000000       2.4025189       14.316817
       900.00000     0.030000000       2.4025191       14.316817
       900.00000      0.10000000       2.4025192       14.316816
       900.00000      0.30000000       2.4025200       14.316812
       900.00000       1.0000000       2.4025223       14.316817
       900.00000       3.0000000       2.4025508       14.316784
       900.00000       10.000000       2.4026044       14.316408
       900.00000       30.000000       2.4036888       14.314212
       900.00000       100.00000       2.4068891       14.308693
       900.00000       300.00000       2.4087523       14.305710
       900.00000       1000.0000       2.4091451       14.306072
       900.00000       3000.0000       2.4092266       14.308799
       900.00000       10000.000       2.4094094       14.317315
       900.00000       30000.000       2.4097705       14.333423
       900.00000       100000.00       2.4100963       14.352931
       900.00000       300000.00       2.4101978       14.373059
       1000.0000    0.0010000000       2.4024863       14.462460
       1000.0000    0.0030000000       2.4025107       14.462460
       1000.0000     0.010000000       2.4025191       14.462460
       1000.0000     0.030000000       2.4025212       14.462460
       1000.0000      0.10000000       2.4025217       14.462460
       1000.0000      0.30000000       2.4025217       14.462460
       1000.0000       1.0000000       2.4025217       14.462460
       1000.0000       3.0000000       2.4025235       14.462456
       1000.0000       10.000000       2.4025418       14.462432
       1000.0000       30.000000       2.4026566       14.462331
       1000.0000       100.00000       2.4035351       14.461250
       1000.0000       300.00000       2.4059938       14.458078
       1000.0000       1000.0000       2.4085604       14.455116
       1000.0000       3000.0000       2.4091321       14.455741
       1000.0000       10000.000       2.4092831       14.460293
       1000.0000       30000.000       2.4095216       14.471234
       1000.0000       100000.00       2.4099481       14.492292
       1000.0000       300000.00       2.4101508       14.511364
       1100.0000    0.0010000000       2.4022941       14.626910
       1100.0000    0.0030000000       2.4024310       14.626996
       1100.0000     0.010000000       2.4024933       14.627100
       1100.0000     0.030000000       2.4025287       14.627135
       1100.0000      0.10000000       2.4025322       14.627160
       1100.0000      0.30000000       2.4025290       14.627194
       1100.0000       1.0000000       2.4025270       14.627207
       1100.0000       3.0000000       2.4025264       14.627207
       1100.0000       10.000000       2.4025248       14.627228
       1100.0000       30.000000       2.4025420       14.627192
       1100.0000       100.00000       2.4026532       14.627151
       1100.0000       300.00000       2.4033398       14.626636
       1100.0000       1000.0000       2.4060891       14.624571
       1100.0000       3000.0000       2.4087346       14.623116
       1100.0000       10000.000       2.4093094       14.625146
       1100.0000       30000.000       2.4094382       14.632041
       1100.0000       100000.00       2.4097813       14.649544
       1100.0000       300000.00       2.4101587       14.670736
       1200.0000    0.0010000000       2.4047869       14.808635
       1200.0000    0.0030000000       2.4030630       14.810069
       1200.0000     0.010000000       2.4025857       14.810602
       1200.0000     0.030000000       2.4025157       14.810730
       1200.0000      0.10000000       2.4025415       14.810794
       1200.0000      0.30000000       2.4025579       14.810804
       1200.0000       1.0000000       2.4025499       14.810864
       1200.0000       3.0000000       2.4025450       14.810895
       1200.0000       10.000000       2.4025577       14.810950
       1200.0000       30.000000       2.4025490       14.811025
       1200.0000       100.00000       2.4025662       14.811047
       1200.0000       300.00000       2.4026733       14.811078
       1200.0000       1000.0000       2.4036121       14.810806
       1200.0000       3000.0000       2.4063099       14.809784
       1200.0000       10000.000       2.4090022       14.810519
       1200.0000       30000.000       2.4097074       14.814789
       1200.0000       100000.00       2.4098255       14.827971
       1200.0000       300000.00       2.4100885       14.849258
       1300.0000    0.0010000000       2.4231658       14.949601
       1300.0000    0.0030000000       2.4179818       14.977611
       1300.0000     0.010000000       2.4117271       14.991096
       1300.0000     0.030000000       2.4054488       14.999428
       1300.0000      0.10000000       2.4033307       15.002751
       1300.0000      0.30000000       2.4027565       15.003734
       1300.0000       1.0000000       2.4025819       15.004079
       1300.0000       3.0000000       2.4025733       15.004210
       1300.0000       10.000000       2.4025749       15.004219
       1300.0000       30.000000       2.4025669       15.004242
       1300.0000       100.00000       2.4025695       15.004246
       1300.0000       300.00000       2.4026002       15.004288
       1300.0000       1000.0000       2.4028175       15.004416
       1300.0000       3000.0000       2.4040792       15.004190
       1300.0000       10000.000       2.4073382       15.006260
       1300.0000       30000.000       2.4093318       15.009577
       1300.0000       100000.00       2.4098983       15.019490
       1300.0000       300000.00       2.4102778       15.038582
       1400.0000    0.0010000000       2.4185265       15.170693
       1400.0000    0.0030000000       2.4211044       15.170936
       1400.0000     0.010000000       2.4229089       15.170847
       1400.0000     0.030000000       2.4239630       15.170664
       1400.0000      0.10000000       2.4175847       15.199602
       1400.0000      0.30000000       2.4098780       15.210809
       1400.0000       1.0000000       2.4046950       15.221245
       1400.0000       3.0000000       2.4032208       15.224663
       1400.0000       10.000000       2.4027192       15.225904
       1400.0000       30.000000       2.4026198       15.226271
       1400.0000       100.00000       2.4025778       15.226403
       1400.0000       300.00000       2.4025913       15.226443
       1400.0000       1000.0000       2.4026402       15.226596
       1400.0000       3000.0000       2.4030690       15.227149
       1400.0000       10000.000       2.4051767       15.229819
       1400.0000       30000.000       2.4082310       15.234651
       1400.0000       100000.00       2.4096958       15.243218
       1400.0000       300000.00       2.4101358       15.259514
       1500.0000    0.0010000000       2.4042618       15.407623
       1500.0000    0.0030000000       2.4125477       15.409751
       1500.0000     0.010000000       2.4179085       15.410816
       1500.0000     0.030000000       2.4208923       15.411141
       1500.0000      0.10000000       2.4229005       15.411177
       1500.0000      0.30000000       2.4240188       15.411124
       1500.0000       1.0000000       2.4206546       15.425047
       1500.0000       3.0000000       2.4114521       15.445563
       1500.0000       10.000000       2.4066129       15.456945
       1500.0000       30.000000       2.4039236       15.463924
       1500.0000       100.00000       2.4029427       15.466612
       1500.0000       300.00000       2.4026728       15.467413
       1500.0000       1000.0000       2.4026186       15.467774
       1500.0000       3000.0000       2.4027333       15.468301
       1500.0000       10000.000       2.4037360       15.470979
       1500.0000       30000.000       2.4065029       15.478208
       1500.0000       100000.00       2.4091954       15.489147
       1500.0000       300000.00       2.4099963       15.503615
       1600.0000    0.0010000000       2.3647843       15.598039
       1600.0000    0.0030000000       2.3892820       15.605397
       1600.0000     0.010000000       2.4048074       15.609747
       1600.0000     0.030000000       2.4130125       15.611762
       1600.0000      0.10000000       2.4183751       15.612761
       1600.0000      0.30000000       2.4212989       15.613105
       1600.0000       1.0000000       2.4231956       15.613244
       1600.0000       3.0000000       2.4242180       15.613272
       1600.0000       10.000000       2.4207940       15.616740
       1600.0000       30.000000       2.4115997       15.644297
       1600.0000       100.00000       2.4080321       15.655092
       1600.0000       300.00000       2.4044348       15.664979
       1600.0000       1000.0000       2.4031233       15.668947
       1600.0000       3000.0000       2.4028073       15.670410
       1600.0000       10000.000       2.4031031       15.672866
       1600.0000       30000.000       2.4048944       15.681136
       1600.0000       100000.00       2.4082616       15.697894
       1600.0000       300000.00       2.4097382       15.713759
       1700.0000    0.0010000000       2.2715058       15.768392
       1700.0000    0.0030000000       2.3329785       15.789827
       1700.0000     0.010000000       2.3730256       15.802488
       1700.0000     0.030000000       2.3942230       15.808727
       1700.0000      0.10000000       2.4077179       15.812338
       1700.0000      0.30000000       2.4149245       15.813945
       1700.0000       1.0000000       2.4195797       15.814764
       1700.0000       3.0000000       2.4220851       15.815096
       1700.0000       10.000000       2.4236864       15.815264
       1700.0000       30.000000       2.4245319       15.815331
       1700.0000       100.00000       2.4184601       15.818937
       1700.0000       300.00000       2.4109183       15.846811
       1700.0000       1000.0000       2.4082267       15.856791
       1700.0000       3000.0000       2.4045748       15.867560
       1700.0000       10000.000       2.4033575       15.873199
       1700.0000       30000.000       2.4039707       15.881864
       1700.0000       100000.00       2.4069782       15.904813
       1700.0000       300000.00       2.4093292       15.927575
       1800.0000    0.0010000000       2.0905893       15.880862
       1800.0000    0.0030000000       2.2163597       15.939444
       1800.0000     0.010000000       2.3046578       15.972637
       1800.0000     0.030000000       2.3532695       15.988686
       1800.0000      0.10000000       2.3846398       15.998215
       1800.0000      0.30000000       2.4012017       16.002839
       1800.0000       1.0000000       2.4118138       16.005456
       1800.0000       3.0000000       2.4175054       16.006622
       1800.0000       10.000000       2.4211475       16.007236
       1800.0000       30.000000       2.4230531       16.007523
       1800.0000       100.00000       2.4242479       16.007685
       1800.0000       300.00000       2.4208886       16.007776
       1800.0000       1000.0000       2.4150196       16.020857
       1800.0000       3000.0000       2.4097790       16.043192
       1800.0000       10000.000       2.4072903       16.053730
       1800.0000       30000.000       2.4046642       16.068821
       1800.0000       100000.00       2.4059358       16.097867
       1800.0000       300000.00       2.4087424       16.133126
       1900.0000    0.0010000000       1.8235171       15.870714
       1900.0000    0.0030000000       2.0175070       16.023276
       1900.0000     0.010000000       2.1773402       16.106103
       1900.0000     0.030000000       2.2737193       16.144522
       1900.0000      0.10000000       2.3387906       16.166800
       1900.0000      0.30000000       2.3739105       16.177717
       1900.0000       1.0000000       2.3964156       16.184124
       1900.0000       3.0000000       2.4083333       16.187200
       1900.0000       10.000000       2.4159898       16.188926
       1900.0000       30.000000       2.4200452       16.189700
       1900.0000       100.00000       2.4226345       16.190138
       1900.0000       300.00000       2.4239368       16.190368
       1900.0000       1000.0000       2.4214957       16.190525
       1900.0000       3000.0000       2.4179419       16.190706
       1900.0000       10000.000       2.4117286       16.217439
       1900.0000       30000.000       2.4089761       16.235580
       1900.0000       100000.00       2.4064187       16.274127
       1900.0000       300000.00       2.4081473       16.326351
       2000.0000    0.0010000000       1.5580241       15.608797
       2000.0000    0.0030000000       1.7582698       15.980086
       2000.0000     0.010000000       1.9795910       16.174730
       2000.0000     0.030000000       2.1386023       16.262526
       2000.0000      0.10000000       2.2567275       16.311653
       2000.0000      0.30000000       2.3239204       16.335144
       2000.0000       1.0000000       2.3679864       16.348985
       2000.0000       3.0000000       2.3914690       16.355760
       2000.0000       10.000000       2.4064741       16.359709
       2000.0000       30.000000       2.4144546       16.361568
       2000.0000       100.00000       2.4194972       16.362600
       2000.0000       300.00000       2.4221483       16.363128
       2000.0000       1000.0000       2.4237918       16.363444
       2000.0000       3000.0000       2.4219404       16.363695
       2000.0000       10000.000       2.4178961       16.364279
       2000.0000       30000.000       2.4145338       16.379653
       2000.0000       100000.00       2.4103233       16.427183
       2000.0000       300000.00       2.4083526       16.502402
       2150.0000    0.0010000000       1.3606834       13.387611
       2150.0000    0.0030000000       1.4465240       15.274813
       2150.0000     0.010000000       1.6249126       16.041152
       2150.0000     0.030000000       1.8334694       16.315811
       2150.0000      0.10000000       2.0422868       16.462747
       2150.0000      0.30000000       2.1833462       16.530207
       2150.0000       1.0000000       2.2846609       16.568725
       2150.0000       3.0000000       2.3412045       16.587372
       2150.0000       10.000000       2.3779741       16.598390
       2150.0000       30.000000       2.3975441       16.603771
       2150.0000       100.00000       2.4100585       16.606886
       2150.0000       300.00000       2.4166154       16.608422
       2150.0000       1000.0000       2.4207608       16.609329
       2150.0000       3000.0000       2.4229015       16.609834
       2150.0000       10000.000       2.4242342       16.610469
       2150.0000       30000.000       2.4188626       16.612452
       2150.0000       100000.00       2.4175718       16.626857
       2150.0000       300000.00       2.4143468       16.716766
       2300.0000    0.0010000000       1.3168965       7.8122272
       2300.0000    0.0030000000       1.3382334       11.914644
       2300.0000     0.010000000       1.4023419       14.889763
       2300.0000     0.030000000       1.5302763       16.021132
       2300.0000      0.10000000       1.7445807       16.461644
       2300.0000      0.30000000       1.9500505       16.636964
       2300.0000       1.0000000       2.1304694       16.733794
       2300.0000       3.0000000       2.2432524       16.779285
       2300.0000       10.000000       2.3209442       16.805764
       2300.0000       30.000000       2.3633999       16.818703
       2300.0000       100.00000       2.3907695       16.826388
       2300.0000       300.00000       2.4052544       16.830126
       2300.0000       1000.0000       2.4144601       16.832345
       2300.0000       3000.0000       2.4192613       16.833475
       2300.0000       10000.000       2.4222503       16.834423
       2300.0000       30000.000       2.4237920       16.836119
       2300.0000       100000.00       2.4194003       16.846832
       2300.0000       300000.00       2.4186951       16.902894
       2450.0000    0.0010000000       1.3079726       3.5706025
       2450.0000    0.0030000000       1.3134164       6.5744907
       2450.0000     0.010000000       1.3311213       11.158957
       2450.0000     0.030000000       1.3761817       14.407685
       2450.0000      0.10000000       1.4929284       16.071020
       2450.0000      0.30000000       1.6744772       16.600309
       2450.0000       1.0000000       1.9036465       16.829870
       2450.0000       3.0000000       2.0821192       16.931701
       2450.0000       10.000000       2.2207365       16.989556
       2450.0000       30.000000       2.3015696       17.017408
       2450.0000       100.00000       2.3553353       17.033849
       2450.0000       300.00000       2.3842280       17.041936
       2450.0000       1000.0000       2.4026895       17.046728
       2450.0000       3000.0000       2.4123765       17.049150
       2450.0000       10000.000       2.4184406       17.050798
       2450.0000       30000.000       2.4216080       17.052571
       2450.0000       100000.00       2.4236745       17.060982
       2450.0000       300000.00       2.4201707       17.109258
       2600.0000    0.0010000000       1.3043688       2.0182359
       2600.0000    0.0030000000       1.3069082       3.2473436
       2600.0000     0.010000000       1.3125231       6.3287699
       2600.0000     0.030000000       1.3266431       10.539493
       2600.0000      0.10000000       1.3706250       14.372362
       2600.0000      0.30000000       1.4674016       16.098103
       2600.0000       1.0000000       1.6567973       16.779633
       2600.0000       3.0000000       1.8667060       17.006111
       2600.0000       10.000000       2.0687737       17.123672
       2600.0000       30.000000       2.2018529       17.178886
       2600.0000       100.00000       2.2961594       17.211113
       2600.0000       300.00000       2.3484765       17.226853
       2600.0000       1000.0000       2.3824636       17.236247
       2600.0000       3000.0000       2.4004555       17.240883
       2600.0000       10000.000       2.4118492       17.243866
       2600.0000       30000.000       2.4177844       17.246086
       2600.0000       100000.00       2.4215148       17.253223
       2600.0000       300000.00       2.4237879       17.293913
       2800.0000    0.0010000000       1.3004742       1.4877134
       2800.0000    0.0030000000       1.3019737       1.8031534
       2800.0000     0.010000000       1.3047041       2.8124624
       2800.0000     0.030000000       1.3091634       5.0875995
       2800.0000      0.10000000       1.3208037       9.4427262
       2800.0000      0.30000000       1.3500004       13.458294
       2800.0000       1.0000000       1.4325412       15.978078
       2800.0000       3.0000000       1.5823181       16.866140
       2800.0000       10.000000       1.8068899       17.200546
       2800.0000       30.000000       2.0045338       17.328448
       2800.0000       100.00000       2.1689710       17.399504
       2800.0000       300.00000       2.2686211       17.433661
       2800.0000       1000.0000       2.3362275       17.453905
       2800.0000       3000.0000       2.3729164       17.463928
       2800.0000       10000.000       2.3964025       17.470025
       2800.0000       30000.000       2.4087211       17.473656
       2800.0000       100000.00       2.4164683       17.480219
       2800.0000       300000.00       2.4206180       17.512939
       3000.0000    0.0010000000       1.2978251       1.3756937
       3000.0000    0.0030000000       1.2991381       1.4658520
       3000.0000     0.010000000       1.3005865       1.7702010
       3000.0000     0.030000000       1.3026625       2.5747398
       3000.0000      0.10000000       1.3072951       4.8384485
       3000.0000      0.30000000       1.3169842       8.6823255
       3000.0000       1.0000000       1.3453016       13.278718
       3000.0000       3.0000000       1.4117958       15.869565
       3000.0000       10.000000       1.5634376       17.030451
       3000.0000       30.000000       1.7643342       17.384154
       3000.0000       100.00000       1.9856564       17.536625
       3000.0000       300.00000       2.1435430       17.604244
       3000.0000       1000.0000       2.2602411       17.643461
       3000.0000       3000.0000       2.3265325       17.662722
       3000.0000       10000.000       2.3700435       17.674310
       3000.0000       30000.000       2.3931588       17.680521
       3000.0000       100000.00       2.4077788       17.687736
       3000.0000       300000.00       2.4154040       17.715102
       3250.0000    0.0010000000       1.2926324       1.3480965
       3250.0000    0.0030000000       1.2950881       1.3718864
       3250.0000     0.010000000       1.2972018       1.4523353
       3250.0000     0.030000000       1.2988237       1.6727521
       3250.0000      0.10000000       1.3008030       2.3884680
       3250.0000      0.30000000       1.3040962       4.1101712
       3250.0000       1.0000000       1.3128919       7.9563115
       3250.0000       3.0000000       1.3337532       12.366411
       3250.0000       10.000000       1.3936409       15.734106
       3250.0000       30.000000       1.5137229       17.090779
       3250.0000       100.00000       1.7219525       17.605749
       3250.0000       300.00000       1.9296075       17.770844
       3250.0000       1000.0000       2.1160748       17.853425
       3250.0000       3000.0000       2.2339784       17.892342
       3250.0000       10000.000       2.3157696       17.915370
       3250.0000       30000.000       2.3606253       17.927107
       3250.0000       100000.00       2.3894481       17.936809
       3250.0000       300000.00       2.4044895       17.960599
       3500.0000    0.0010000000       1.2811774       1.3461305
       3500.0000    0.0030000000       1.2868792       1.3540493
       3500.0000     0.010000000       1.2916810       1.3801410
       3500.0000     0.030000000       1.2947096       1.4518025
       3500.0000      0.10000000       1.2971818       1.6904803
       3500.0000      0.30000000       1.2992988       2.3203359
       3500.0000       1.0000000       1.3027950       4.1601911
       3500.0000       3.0000000       1.3101482       7.6219697
       3500.0000       10.000000       1.3320064       12.498874
       3500.0000       30.000000       1.3839688       15.718306
       3500.0000       100.00000       1.5109122       17.322791
       3500.0000       300.00000       1.6980961       17.829283
       3500.0000       1000.0000       1.9260153       18.020863
       3500.0000       3000.0000       2.0994529       18.095619
       3500.0000       10000.000       2.2322654       18.137419
       3500.0000       30000.000       2.3090858       18.158002
       3500.0000       100000.00       2.3598756       18.172400
       3500.0000       300000.00       2.3868579       18.195152
       3750.0000    0.0010000000       1.2709120       1.3556881
       3750.0000    0.0030000000       1.2742582       1.3591411
       3750.0000     0.010000000       1.2802377       1.3700588
       3750.0000     0.030000000       1.2862864       1.3982294
       3750.0000      0.10000000       1.2916575       1.4897223
       3750.0000      0.30000000       1.2950988       1.7361325
       3750.0000       1.0000000       1.2981623       2.5202335
       3750.0000       3.0000000       1.3017982       4.3600598
       3750.0000       10.000000       1.3105304       8.3616314
       3750.0000       30.000000       1.3318721       12.845455
       3750.0000       100.00000       1.3936241       16.224921
       3750.0000       300.00000       1.5157826       17.586593
       3750.0000       1000.0000       1.7249203       18.106319
       3750.0000       3000.0000       1.9321599       18.265689
       3750.0000       10000.000       2.1178771       18.340027
       3750.0000       30000.000       2.2351449       18.374113
       3750.0000       100000.00       2.3162584       18.395732
       3750.0000       300000.00       2.3604728       18.419751
       4000.0000    0.0010000000       1.2688252       1.3880129
       4000.0000    0.0030000000       1.2693951       1.3895156
       4000.0000     0.010000000       1.2711720       1.3946200
       4000.0000     0.030000000       1.2747894       1.4082901
       4000.0000      0.10000000       1.2810906       1.4512939
       4000.0000      0.30000000       1.2873437       1.5616203
       4000.0000       1.0000000       1.2928828       1.9131168
       4000.0000       3.0000000       1.2967972       2.8077742
       4000.0000       10.000000       1.3018940       5.2385313
       4000.0000       30.000000       1.3115697       9.2607533
       4000.0000       100.00000       1.3400948       14.031460
       4000.0000       300.00000       1.4065993       16.745821
       4000.0000       1000.0000       1.5570455       17.992675
       4000.0000       3000.0000       1.7566923       18.374251
       4000.0000       10000.000       1.9788258       18.518684
       4000.0000       30000.000       2.1384099       18.574531
       4000.0000       100000.00       2.2567491       18.606769
       4000.0000       300000.00       2.3238038       18.634191
