T(K)  p(mbar)  mu(amu)  mean cp(kJ/kg/K)
       75.000000    0.0010000000       2.3407652       12.947760
       75.000000    0.0030000000       2.3407651       12.947760
       75.000000     0.010000000       2.3407651       12.947760
       75.000000     0.030000000       2.3407651       12.947760
       75.000000      0.10000000       2.3407651       12.947760
       75.000000      0.30000000       2.3407651       12.947760
       75.000000       1.0000000       2.3407651       12.947760
       75.000000       3.0000000       2.3407651       12.947760
       75.000000       10.000000       2.3407651       12.947760
       75.000000       30.000000       2.3407651       12.947760
       75.000000       100.00000       2.3407651       12.947760
       75.000000       300.00000       2.3407651       12.947760
       75.000000       1000.0000       2.3407651       12.947760
       75.000000       3000.0000       2.3407651       12.947760
       75.000000       10000.000       2.3407651       12.947760
       100.00000    0.0010000000       2.3421593       12.461925
       100.00000    0.0030000000       2.3421593       12.461925
       100.00000     0.010000000       2.3421593       12.461925
       100.00000     0.030000000       2.3414400       12.461925
       100.00000      0.10000000       2.3410239       12.461925
       100.00000      0.30000000       2.3409050       12.461925
       100.00000       1.0000000       2.3408634       12.461925
       100.00000       3.0000000       2.3408515       12.461925
       100.00000       10.000000       2.3408474       12.461925
       100.00000       30.000000       2.3408462       12.461925
       100.00000       100.00000       2.3408457       12.461925
       100.00000       300.00000       2.3408456       12.461925
       100.00000       1000.0000       2.3408456       12.461925
       100.00000       3000.0000       2.3408456       12.461925
       100.00000       10000.000       2.3408456       12.461925
       100.00000       30000.000       2.3408456       12.461925
       110.00000    0.0010000000       2.3421594       12.401230
       110.00000    0.0030000000       2.3421593       12.401230
       110.00000     0.010000000       2.3421593       12.401230
       110.00000     0.030000000       2.3421593       12.401230
       110.00000      0.10000000       2.3421593       12.401230
       110.00000      0.30000000       2.3421593       12.401230
       110.00000       1.0000000       2.3413409       12.401230
       110.00000       3.0000000       2.3410107       12.401230
       110.00000       10.000000       2.3408951       12.401230
       110.00000       30.000000       2.3408621       12.401230
       110.00000       100.00000       2.3408505       12.401230
       110.00000       300.00000       2.3408472       12.401230
       110.00000       1000.0000       2.3408461       12.401230
       110.00000       3000.0000       2.3408457       12.401230
       110.00000       10000.000       2.3408456       12.401230
       110.00000       30000.000       2.3408456       12.401230
       110.00000       100000.00       2.3408456       12.401230
       120.00000    0.0010000000       2.3421702       12.402582
       120.00000    0.0030000000       2.3421629       12.402582
       120.00000     0.010000000       2.3421604       12.402582
       120.00000     0.030000000       2.3421596       12.402582
       120.00000      0.10000000       2.3421594       12.402582
       120.00000      0.30000000       2.3421593       12.402582
       120.00000       1.0000000       2.3421593       12.402582
       120.00000       3.0000000       2.3421593       12.402582
       120.00000       10.000000       2.3416361       12.402582
       120.00000       30.000000       2.3411091       12.402582
       120.00000       100.00000       2.3409246       12.402582
       120.00000       300.00000       2.3408719       12.402582
       120.00000       1000.0000       2.3408535       12.402582
       120.00000       3000.0000       2.3408482       12.402582
       120.00000       10000.000       2.3408464       12.402582
       120.00000       30000.000       2.3408458       12.402582
       120.00000       100000.00       2.3408456       12.402582
       130.00000    0.0010000000       2.3425454       12.456424
       130.00000    0.0030000000       2.3422880       12.456432
       130.00000     0.010000000       2.3421979       12.456434
       130.00000     0.030000000       2.3421721       12.456435
       130.00000      0.10000000       2.3421631       12.456435
       130.00000      0.30000000       2.3421606       12.456435
       130.00000       1.0000000       2.3421597       12.456435
       130.00000       3.0000000       2.3421594       12.456435
       130.00000       10.000000       2.3421593       12.456435
       130.00000       30.000000       2.3421593       12.456435
       130.00000       100.00000       2.3416694       12.456435
       130.00000       300.00000       2.3411202       12.456435
       130.00000       1000.0000       2.3409280       12.456435
       130.00000       3000.0000       2.3408730       12.456435
       130.00000       10000.000       2.3408538       12.456435
       130.00000       30000.000       2.3408483       12.456435
       130.00000       100000.00       2.3408464       12.456435
       140.00000    0.0010000000       2.3426977       12.552917
       140.00000    0.0030000000       2.3426631       12.553134
       140.00000     0.010000000       2.3426511       12.553211
       140.00000     0.030000000       2.3424317       12.553232
       140.00000      0.10000000       2.3422410       12.553240
       140.00000      0.30000000       2.3421865       12.553242
       140.00000       1.0000000       2.3421674       12.553243
       140.00000       3.0000000       2.3421620       12.553243
       140.00000       10.000000       2.3421601       12.553243
       140.00000       30.000000       2.3421595       12.553243
       140.00000       100.00000       2.3421593       12.553243
       140.00000       300.00000       2.3421593       12.553243
       140.00000       1000.0000       2.3414599       12.553243
       140.00000       3000.0000       2.3410503       12.553243
       140.00000       10000.000       2.3409070       12.553243
       140.00000       30000.000       2.3408660       12.553243
       140.00000       100000.00       2.3408517       12.553243
       150.00000    0.0010000000       2.3436256       12.677210
       150.00000    0.0030000000       2.3429724       12.681377
       150.00000     0.010000000       2.3427438       12.682836
       150.00000     0.030000000       2.3426785       12.683253
       150.00000      0.10000000       2.3426557       12.683399
       150.00000      0.30000000       2.3425434       12.683440
       150.00000       1.0000000       2.3422745       12.683455
       150.00000       3.0000000       2.3421977       12.683459
       150.00000       10.000000       2.3421708       12.683461
       150.00000       30.000000       2.3421631       12.683461
       150.00000       100.00000       2.3421604       12.683461
       150.00000       300.00000       2.3421597       12.683461
       150.00000       1000.0000       2.3421594       12.683461
       150.00000       3000.0000       2.3420136       12.683461
       150.00000       10000.000       2.3411960       12.683461
       150.00000       30000.000       2.3409624       12.683461
       150.00000       100000.00       2.3408806       12.683461
       160.00000    0.0010000000       2.3509245       12.784073
       160.00000    0.0030000000       2.3469029       12.809920
       160.00000     0.010000000       2.3439491       12.829241
       160.00000     0.030000000       2.3430536       12.834775
       160.00000      0.10000000       2.3427341       12.836712
       160.00000      0.30000000       2.3426886       12.837266
       160.00000       1.0000000       2.3426587       12.837460
       160.00000       3.0000000       2.3425485       12.837515
       160.00000       10.000000       2.3422760       12.837535
       160.00000       30.000000       2.3421982       12.837540
       160.00000       100.00000       2.3421709       12.837542
       160.00000       300.00000       2.3421632       12.837543
       160.00000       1000.0000       2.3421604       12.837543
       160.00000       3000.0000       2.3421597       12.837543
       160.00000       10000.000       2.3421594       12.837543
       160.00000       30000.000       2.3413815       12.837543
       160.00000       100000.00       2.3410064       12.837543
       170.00000    0.0010000000       2.3509245       12.951651
       170.00000    0.0030000000       2.3509245       12.951651
       170.00000     0.010000000       2.3509245       12.951651
       170.00000     0.030000000       2.3467648       12.978799
       170.00000      0.10000000       2.3438676       12.997786
       170.00000      0.30000000       2.3430799       13.003223
       170.00000       1.0000000       2.3427901       13.005127
       170.00000       3.0000000       2.3426472       13.005671
       170.00000       10.000000       2.3426583       13.005861
       170.00000       30.000000       2.3424598       13.005916
       170.00000       100.00000       2.3422494       13.005935
       170.00000       300.00000       2.3421893       13.005940
       170.00000       1000.0000       2.3421683       13.005942
       170.00000       3000.0000       2.3421623       13.005943
       170.00000       10000.000       2.3421602       13.005943
       170.00000       30000.000       2.3421596       13.005943
       170.00000       100000.00       2.3414623       13.005943
       180.00000    0.0010000000       2.3509043       13.123976
       180.00000    0.0030000000       2.3509043       13.123976
       180.00000     0.010000000       2.3509043       13.123976
       180.00000     0.030000000       2.3509043       13.123976
       180.00000      0.10000000       2.3509043       13.123976
       180.00000      0.30000000       2.3457181       13.158373
       180.00000       1.0000000       2.3435395       13.172885
       180.00000       3.0000000       2.3429170       13.177038
       180.00000       10.000000       2.3427392       13.178492
       180.00000       30.000000       2.3426168       13.178908
       180.00000       100.00000       2.3426351       13.179053
       180.00000       300.00000       2.3423241       13.179095
       180.00000       1000.0000       2.3421946       13.179109
       180.00000       3000.0000       2.3421576       13.179114
       180.00000       10000.000       2.3421447       13.179115
       180.00000       30000.000       2.3421410       13.179115
       180.00000       100000.00       2.3421397       13.179115
       190.00000    0.0010000000       2.3509444       13.291554
       190.00000    0.0030000000       2.3509444       13.291554
       190.00000     0.010000000       2.3509444       13.291554
       190.00000     0.030000000       2.3509444       13.291554
       190.00000      0.10000000       2.3509444       13.291554
       190.00000      0.30000000       2.3509444       13.291554
       190.00000       1.0000000       2.3483235       13.309169
       190.00000       3.0000000       2.3445383       13.334706
       190.00000       10.000000       2.3431534       13.343669
       190.00000       30.000000       2.3428149       13.346233
       190.00000       100.00000       2.3426223       13.347130
       190.00000       300.00000       2.3425844       13.347387
       190.00000       1000.0000       2.3423613       13.347477
       190.00000       3000.0000       2.3421730       13.347504
       190.00000       10000.000       2.3421071       13.347511
       190.00000       30000.000       2.3420883       13.347513
       190.00000       100000.00       2.3420817       13.347514
       200.00000    0.0010000000       2.3509444       13.444882
       200.00000    0.0030000000       2.3509444       13.444882
       200.00000     0.010000000       2.3509444       13.444882
       200.00000     0.030000000       2.3509444       13.444882
       200.00000      0.10000000       2.3509444       13.444882
       200.00000      0.30000000       2.3509444       13.444882
       200.00000       1.0000000       2.3509444       13.444883
       200.00000       3.0000000       2.3509444       13.444886
       200.00000       10.000000       2.3454679       13.481837
       200.00000       30.000000       2.3435864       13.495006
       200.00000       100.00000       2.3428537       13.499619
       200.00000       300.00000       2.3426616       13.500938
       200.00000       1000.0000       2.3425943       13.501401
       200.00000       3000.0000       2.3424861       13.501542
       200.00000       10000.000       2.3422011       13.501579
       200.00000       30000.000       2.3421196       13.501590
       200.00000       100000.00       2.3420911       13.501594
       210.00000    0.0010000000       2.3509443       13.576972
       210.00000    0.0030000000       2.3509443       13.576973
       210.00000     0.010000000       2.3509444       13.576973
       210.00000     0.030000000       2.3509444       13.576973
       210.00000      0.10000000       2.3509444       13.576973
       210.00000      0.30000000       2.3509444       13.576973
       210.00000       1.0000000       2.3509444       13.576974
       210.00000       3.0000000       2.3509444       13.576977
       210.00000       10.000000       2.3508842       13.576980
       210.00000       30.000000       2.3468039       13.605404
       210.00000       100.00000       2.3438190       13.625646
       210.00000       300.00000       2.3429833       13.631446
       210.00000       1000.0000       2.3426908       13.633482
       210.00000       3000.0000       2.3426073       13.634099
       210.00000       10000.000       2.3425388       13.634265
       210.00000       30000.000       2.3422322       13.634311
       210.00000       100000.00       2.3421249       13.634328
       220.00000    0.0010000000       2.3508839       13.690872
       220.00000    0.0030000000       2.3509043       13.690882
       220.00000     0.010000000       2.3509444       13.690883
       220.00000     0.030000000       2.3509444       13.690883
       220.00000      0.10000000       2.3509444       13.690883
       220.00000      0.30000000       2.3509444       13.690883
       220.00000       1.0000000       2.3509444       13.690884
       220.00000       3.0000000       2.3509444       13.690887
       220.00000       10.000000       2.3508842       13.690890
       220.00000       30.000000       2.3509244       13.690922
       220.00000       100.00000       2.3473349       13.715492
       220.00000       300.00000       2.3441553       13.737712
       220.00000       1000.0000       2.3430424       13.745529
       220.00000       3000.0000       2.3427245       13.747897
       220.00000       10000.000       2.3426132       13.748535
       220.00000       30000.000       2.3425814       13.748714
       220.00000       100000.00       2.3422324       13.748777
       230.00000    0.0010000000       2.3509218       13.791957
       230.00000    0.0030000000       2.3508839       13.792025
       230.00000     0.010000000       2.3508841       13.792033
       230.00000     0.030000000       2.3509444       13.792035
       230.00000      0.10000000       2.3509443       13.792035
       230.00000      0.30000000       2.3509444       13.792035
       230.00000       1.0000000       2.3509444       13.792036
       230.00000       3.0000000       2.3509444       13.792039
       230.00000       10.000000       2.3508842       13.792042
       230.00000       30.000000       2.3509244       13.792074
       230.00000       100.00000       2.3508643       13.792113
       230.00000       300.00000       2.3479508       13.812639
       230.00000       1000.0000       2.3441811       13.839269
       230.00000       3000.0000       2.3431040       13.847347
       230.00000       10000.000       2.3427270       13.849531
       230.00000       30000.000       2.3426194       13.850145
       230.00000       100000.00       2.3425407       13.850360
       240.00000    0.0010000000       2.3508497       13.882057
       240.00000    0.0030000000       2.3508621       13.882484
       240.00000     0.010000000       2.3509241       13.882539
       240.00000     0.030000000       2.3508842       13.882544
       240.00000      0.10000000       2.3509043       13.882546
       240.00000      0.30000000       2.3509442       13.882548
       240.00000       1.0000000       2.3509444       13.882547
       240.00000       3.0000000       2.3509444       13.882550
       240.00000       10.000000       2.3508842       13.882553
       240.00000       30.000000       2.3509244       13.882585
       240.00000       100.00000       2.3508642       13.882624
       240.00000       300.00000       2.3508642       13.882794
       240.00000       1000.0000       2.3475092       13.906990
       240.00000       3000.0000       2.3442134       13.931823
       240.00000       10000.000       2.3430599       13.938563
       240.00000       30000.000       2.3427303       13.940459
       240.00000       100000.00       2.3426150       13.941122
       250.00000    0.0010000000       2.3508272       13.959290
       250.00000    0.0030000000       2.3508539       13.960887
       250.00000     0.010000000       2.3508629       13.961194
       250.00000     0.030000000       2.3509239       13.961225
       250.00000      0.10000000       2.3508842       13.961227
       250.00000      0.30000000       2.3508840       13.961229
       250.00000       1.0000000       2.3509043       13.961229
       250.00000       3.0000000       2.3509043       13.961233
       250.00000       10.000000       2.3508842       13.961236
       250.00000       30.000000       2.3509244       13.961267
       250.00000       100.00000       2.3508640       13.961308
       250.00000       300.00000       2.3508640       13.961478
       250.00000       1000.0000       2.3508641       13.962431
       250.00000       3000.0000       2.3471765       13.993490
       250.00000       10000.000       2.3439488       14.012457
       250.00000       30000.000       2.3430266       14.017801
       250.00000       100000.00       2.3427038       14.019672
       260.00000    0.0010000000       2.3507760       14.023401
       260.00000    0.0030000000       2.3508438       14.026205
       260.00000     0.010000000       2.3508988       14.027398
       260.00000     0.030000000       2.3508633       14.027547
       260.00000      0.10000000       2.3509241       14.027565
       260.00000      0.30000000       2.3508840       14.027568
       260.00000       1.0000000       2.3508842       14.027568
       260.00000       3.0000000       2.3508842       14.027571
       260.00000       10.000000       2.3508842       14.027575
       260.00000       30.000000       2.3509244       14.027607
       260.00000       100.00000       2.3508642       14.027646
       260.00000       300.00000       2.3508640       14.027817
       260.00000       1000.0000       2.3508640       14.028770
       260.00000       3000.0000       2.3508642       14.038352
       260.00000       10000.000       2.3461415       14.066297
       260.00000       30000.000       2.3437575       14.080182
       260.00000       100000.00       2.3429231       14.085049
       260.00000       300000.00       2.3426847       14.086441
       270.00000    0.0010000000       2.3507092       14.078575
       270.00000    0.0030000000       2.3507432       14.081030
       270.00000     0.010000000       2.3508428       14.083621
       270.00000     0.030000000       2.3508611       14.084226
       270.00000      0.10000000       2.3508636       14.084308
       270.00000      0.30000000       2.3508840       14.084317
       270.00000       1.0000000       2.3508842       14.084317
       270.00000       3.0000000       2.3508842       14.084320
       270.00000       10.000000       2.3508842       14.084325
       270.00000       30.000000       2.3509242       14.084357
       270.00000       100.00000       2.3508640       14.084397
       270.00000       300.00000       2.3508640       14.084567
       270.00000       1000.0000       2.3508640       14.085520
       270.00000       3000.0000       2.3508640       14.095103
       270.00000       10000.000       2.3508642       14.095653
       270.00000       30000.000       2.3454377       14.127322
       270.00000       100000.00       2.3434272       14.139100
       270.00000       300000.00       2.3428527       14.142472
       275.00000    0.0010000000       2.3506266       14.104176
       275.00000    0.0030000000       2.3507667       14.105943
       275.00000     0.010000000       2.3508261       14.108964
       275.00000     0.030000000       2.3508379       14.110027
       275.00000      0.10000000       2.3509032       14.110194
       275.00000      0.30000000       2.3508638       14.110209
       275.00000       1.0000000       2.3509240       14.110212
       275.00000       3.0000000       2.3508840       14.110216
       275.00000       10.000000       2.3508842       14.110219
       275.00000       30.000000       2.3509242       14.110251
       275.00000       100.00000       2.3508640       14.110291
       275.00000       300.00000       2.3508640       14.110461
       275.00000       1000.0000       2.3508640       14.111414
       275.00000       3000.0000       2.3508640       14.120997
       275.00000       10000.000       2.3508642       14.121547
       275.00000       30000.000       2.3468841       14.144814
       275.00000       100000.00       2.3438611       14.162551
       275.00000       300000.00       2.3429974       14.167632
       280.00000    0.0010000000       2.3505635       14.128956
       280.00000    0.0030000000       2.3506865       14.129865
       280.00000     0.010000000       2.3508221       14.132934
       280.00000     0.030000000       2.3508320       14.134585
       280.00000      0.10000000       2.3508625       14.134907
       280.00000      0.30000000       2.3508635       14.134938
       280.00000       1.0000000       2.3508840       14.134942
       280.00000       3.0000000       2.3509242       14.134944
       280.00000       10.000000       2.3509242       14.134948
       280.00000       30.000000       2.3509242       14.134981
       280.00000       100.00000       2.3508640       14.135020
       280.00000       300.00000       2.3508640       14.135190
       280.00000       1000.0000       2.3508640       14.136143
       280.00000       3000.0000       2.3508640       14.145726
       280.00000       10000.000       2.3508640       14.146277
       280.00000       30000.000       2.3486211       14.159405
       280.00000       100000.00       2.3443822       14.184306
       280.00000       300000.00       2.3431711       14.191445
       290.00000    0.0010000000       2.3503735       14.175024
       290.00000    0.0030000000       2.3506121       14.174625
       290.00000     0.010000000       2.3507200       14.176656
       290.00000     0.030000000       2.3508283       14.179343
       290.00000      0.10000000       2.3508386       14.180340
       290.00000      0.30000000       2.3508630       14.180454
       290.00000       1.0000000       2.3508636       14.180467
       290.00000       3.0000000       2.3508638       14.180470
       290.00000       10.000000       2.3509242       14.180474
       290.00000       30.000000       2.3508841       14.180507
       290.00000       100.00000       2.3508642       14.180545
       290.00000       300.00000       2.3509043       14.180715
       290.00000       1000.0000       2.3508642       14.181668
       290.00000       3000.0000       2.3508640       14.191252
       290.00000       10000.000       2.3508640       14.191803
       290.00000       30000.000       2.3508642       14.191796
       290.00000       100000.00       2.3460149       14.220334
       290.00000       300000.00       2.3437153       14.233935
       300.00000    0.0010000000       2.3509981       14.211511
       300.00000    0.0030000000       2.3510158       14.212145
       300.00000     0.010000000       2.3510473       14.213977
       300.00000     0.030000000       2.3511295       14.216932
       300.00000      0.10000000       2.3511700       14.219092
       300.00000      0.30000000       2.3511814       14.219477
       300.00000       1.0000000       2.3511839       14.219519
       300.00000       3.0000000       2.3511844       14.219524
       300.00000       10.000000       2.3511846       14.219527
       300.00000       30.000000       2.3511848       14.219559
       300.00000       100.00000       2.3511848       14.219599
       300.00000       300.00000       2.3511848       14.219769
       300.00000       1000.0000       2.3511848       14.220722
       300.00000       3000.0000       2.3511848       14.230301
       300.00000       10000.000       2.3511848       14.230851
       300.00000       30000.000       2.3511848       14.230845
       300.00000       100000.00       2.3491634       14.242718
       300.00000       300000.00       2.3449798       14.267499
       310.00000    0.0010000000       2.3509938       14.243018
       310.00000    0.0030000000       2.3510041       14.243381
       310.00000     0.010000000       2.3510362       14.244527
       310.00000     0.030000000       2.3511025       14.246911
       310.00000      0.10000000       2.3511490       14.250012
       310.00000      0.30000000       2.3511775       14.251039
       310.00000       1.0000000       2.3511821       14.251194
       310.00000       3.0000000       2.3511836       14.251204
       310.00000       10.000000       2.3511844       14.251205
       310.00000       30.000000       2.3511846       14.251236
       310.00000       100.00000       2.3511848       14.251275
       310.00000       300.00000       2.3511848       14.251445
       310.00000       1000.0000       2.3511848       14.252398
       310.00000       3000.0000       2.3511848       14.261977
       310.00000       10000.000       2.3511848       14.262528
       310.00000       30000.000       2.3511848       14.262521
       310.00000       100000.00       2.3511848       14.262441
       310.00000       300000.00       2.3465494       14.289893
       320.00000    0.0010000000       2.3509917       14.269091
       320.00000    0.0030000000       2.3509976       14.269303
       320.00000     0.010000000       2.3510171       14.270002
       320.00000     0.030000000       2.3510435       14.271669
       320.00000      0.10000000       2.3511331       14.274893
       320.00000      0.30000000       2.3511686       14.276887
       320.00000       1.0000000       2.3511809       14.277333
       320.00000       3.0000000       2.3511821       14.277381
       320.00000       10.000000       2.3511837       14.277380
       320.00000       30.000000       2.3511842       14.277409
       320.00000       100.00000       2.3511846       14.277446
       320.00000       300.00000       2.3511848       14.277615
       320.00000       1000.0000       2.3511848       14.278568
       320.00000       3000.0000       2.3511848       14.288147
       320.00000       10000.000       2.3511848       14.288698
       320.00000       30000.000       2.3511848       14.288691
       320.00000       100000.00       2.3511848       14.288610
       320.00000       300000.00       2.3490764       14.301001
       330.00000    0.0010000000       2.3509904       14.292134
       330.00000    0.0030000000       2.3509939       14.292260
       330.00000     0.010000000       2.3510057       14.292687
       330.00000     0.030000000       2.3510364       14.293785
       330.00000      0.10000000       2.3510913       14.296483
       330.00000      0.30000000       2.3511493       14.299293
       330.00000       1.0000000       2.3511785       14.300344
       330.00000       3.0000000       2.3511818       14.300472
       330.00000       10.000000       2.3511822       14.300491
       330.00000       30.000000       2.3511835       14.300516
       330.00000       100.00000       2.3511842       14.300551
       330.00000       300.00000       2.3511846       14.300718
       330.00000       1000.0000       2.3511848       14.301670
       330.00000       3000.0000       2.3511848       14.311248
       330.00000       10000.000       2.3511848       14.311799
       330.00000       30000.000       2.3511848       14.311793
       330.00000       100000.00       2.3511848       14.311712
       330.00000       300000.00       2.3511848       14.311512
       340.00000    0.0010000000       2.3509897       14.312920
       340.00000    0.0030000000       2.3509918       14.312997
       340.00000     0.010000000       2.3509992       14.313261
       340.00000     0.030000000       2.3510189       14.313970
       340.00000      0.10000000       2.3510546       14.315973
       340.00000      0.30000000       2.3511382       14.318991
       340.00000       1.0000000       2.3511723       14.320945
       340.00000       3.0000000       2.3511812       14.321269
       340.00000       10.000000       2.3511823       14.321312
       340.00000       30.000000       2.3511822       14.321349
       340.00000       100.00000       2.3511835       14.321380
       340.00000       300.00000       2.3511842       14.321545
       340.00000       1000.0000       2.3511846       14.322495
       340.00000       3000.0000       2.3511848       14.332073
       340.00000       10000.000       2.3511848       14.332623
       340.00000       30000.000       2.3511848       14.332617
       340.00000       100000.00       2.3511848       14.332536
       340.00000       300000.00       2.3511848       14.332336
       350.00000    0.0010000000       2.3509893       14.330584
       350.00000    0.0030000000       2.3509906       14.330632
       350.00000     0.010000000       2.3509952       14.330798
       350.00000     0.030000000       2.3510079       14.331256
       350.00000      0.10000000       2.3510268       14.332657
       350.00000      0.30000000       2.3511009       14.335339
       350.00000       1.0000000       2.3511593       14.338164
       350.00000       3.0000000       2.3511792       14.338890
       350.00000       10.000000       2.3511820       14.338995
       350.00000       30.000000       2.3511822       14.339037
       350.00000       100.00000       2.3511822       14.339078
       350.00000       300.00000       2.3511835       14.339239
       350.00000       1000.0000       2.3511842       14.340187
       350.00000       3000.0000       2.3511846       14.349763
       350.00000       10000.000       2.3511848       14.350312
       350.00000       30000.000       2.3511848       14.350306
       350.00000       100000.00       2.3511848       14.350225
       350.00000       300000.00       2.3511848       14.350025
       375.00000    0.0010000000       2.3509889       14.360524
       375.00000    0.0030000000       2.3509893       14.360540
       375.00000     0.010000000       2.3509909       14.360597
       375.00000     0.030000000       2.3509953       14.360758
       375.00000      0.10000000       2.3510102       14.361298
       375.00000      0.30000000       2.3510274       14.362645
       375.00000       1.0000000       2.3511106       14.365654
       375.00000       3.0000000       2.3511598       14.368159
       375.00000       10.000000       2.3511799       14.368892
       375.00000       30.000000       2.3511820       14.369002
       375.00000       100.00000       2.3511822       14.369051
       375.00000       300.00000       2.3511823       14.369219
       375.00000       1000.0000       2.3511822       14.370155
       375.00000       3000.0000       2.3511831       14.379533
       375.00000       10000.000       2.3511840       14.380109
       375.00000       30000.000       2.3511844       14.380295
       375.00000       100000.00       2.3511848       14.380219
       375.00000       300000.00       2.3511848       14.380015
       400.00000    0.0010000000       2.3509857       14.380654
       400.00000    0.0030000000       2.3509858       14.380660
       400.00000     0.010000000       2.3509864       14.380682
       400.00000     0.030000000       2.3509881       14.380745
       400.00000      0.10000000       2.3509941       14.380960
       400.00000      0.30000000       2.3510103       14.381546
       400.00000       1.0000000       2.3510380       14.383268
       400.00000       3.0000000       2.3511186       14.386202
       400.00000       10.000000       2.3511644       14.388587
       400.00000       30.000000       2.3511773       14.389083
       400.00000       100.00000       2.3511790       14.389175
       400.00000       300.00000       2.3511791       14.389313
       400.00000       1000.0000       2.3511792       14.390030
       400.00000       3000.0000       2.3511792       14.396909
       400.00000       10000.000       2.3511792       14.397895
       400.00000       30000.000       2.3511801       14.400605
       400.00000       100000.00       2.3511810       14.400622
       400.00000       300000.00       2.3511813       14.400359
       425.00000    0.0010000000       2.3509857       14.393548
       425.00000    0.0030000000       2.3509857       14.393552
       425.00000     0.010000000       2.3509859       14.393561
       425.00000     0.030000000       2.3509867       14.393588
       425.00000      0.10000000       2.3509892       14.393681
       425.00000      0.30000000       2.3509964       14.393941
       425.00000       1.0000000       2.3510197       14.394789
       425.00000       3.0000000       2.3510533       14.396730
       425.00000       10.000000       2.3511243       14.400042
       425.00000       30.000000       2.3511697       14.401699
       425.00000       100.00000       2.3511782       14.402035
       425.00000       300.00000       2.3511791       14.402165
       425.00000       1000.0000       2.3511792       14.402673
       425.00000       3000.0000       2.3511792       14.407208
       425.00000       10000.000       2.3511792       14.408591
       425.00000       30000.000       2.3511792       14.413665
       425.00000       100000.00       2.3511792       14.413782
       425.00000       300000.00       2.3511804       14.413455
       450.00000    0.0010000000       2.3509854       14.401057
       450.00000    0.0030000000       2.3509859       14.401056
       450.00000     0.010000000       2.3509860       14.401061
       450.00000     0.030000000       2.3509861       14.401075
       450.00000      0.10000000       2.3509873       14.401119
       450.00000      0.30000000       2.3509907       14.401242
       450.00000       1.0000000       2.3510021       14.401657
       450.00000       3.0000000       2.3510317       14.402733
       450.00000       10.000000       2.3510851       14.405406
       450.00000       30.000000       2.3511444       14.408284
       450.00000       100.00000       2.3511750       14.409413
       450.00000       300.00000       2.3511787       14.409617
       450.00000       1000.0000       2.3511791       14.409934
       450.00000       3000.0000       2.3511792       14.412263
       450.00000       10000.000       2.3511792       14.414033
       450.00000       30000.000       2.3511792       14.421318
       450.00000       100000.00       2.3511792       14.421529
       450.00000       300000.00       2.3511792       14.421150
       475.00000    0.0010000000       2.3509915       14.405944
       475.00000    0.0030000000       2.3509845       14.405873
       475.00000     0.010000000       2.3509860       14.405868
       475.00000     0.030000000       2.3509861       14.405875
       475.00000      0.10000000       2.3509866       14.405897
       475.00000      0.30000000       2.3509881       14.405961
       475.00000       1.0000000       2.3509940       14.406174
       475.00000       3.0000000       2.3510099       14.406754
       475.00000       10.000000       2.3510373       14.408464
       475.00000       30.000000       2.3511176       14.411398
       475.00000       100.00000       2.3511641       14.413818
       475.00000       300.00000       2.3511773       14.414347
       475.00000       1000.0000       2.3511790       14.414603
       475.00000       3000.0000       2.3511791       14.415814
       475.00000       10000.000       2.3511792       14.417579
       475.00000       30000.000       2.3511792       14.424971
       475.00000       100000.00       2.3511792       14.426896
       475.00000       300000.00       2.3511792       14.426486
       500.00000    0.0010000000       2.3508973       14.411946
       500.00000    0.0030000000       2.3509936       14.411614
       500.00000     0.010000000       2.3509854       14.411574
       500.00000     0.030000000       2.3509863       14.411576
       500.00000      0.10000000       2.3509865       14.411589
       500.00000      0.30000000       2.3509872       14.411624
       500.00000       1.0000000       2.3509903       14.411739
       500.00000       3.0000000       2.3509989       14.412060
       500.00000       10.000000       2.3510273       14.413083
       500.00000       30.000000       2.3510884       14.415310
       500.00000       100.00000       2.3511380       14.418569
       500.00000       300.00000       2.3511728       14.419866
       500.00000       1000.0000       2.3511786       14.420184
       500.00000       3000.0000       2.3511791       14.420532
       500.00000       10000.000       2.3511792       14.422214
       500.00000       30000.000       2.3511792       14.429327
       500.00000       100000.00       2.3511792       14.433287
       500.00000       300000.00       2.3511792       14.432763
       575.00000    0.0010000000       2.3498153       14.447246
       575.00000    0.0030000000       2.3500124       14.446402
       575.00000     0.010000000       2.3505745       14.444205
       575.00000     0.030000000       2.3509075       14.442888
       575.00000      0.10000000       2.3509977       14.442617
       575.00000      0.30000000       2.3509861       14.442599
       575.00000       1.0000000       2.3509874       14.442623
       575.00000       3.0000000       2.3509891       14.442692
       575.00000       10.000000       2.3509951       14.442928
       575.00000       30.000000       2.3510124       14.443562
       575.00000       100.00000       2.3510428       14.445396
       575.00000       300.00000       2.3511248       14.448398
       575.00000       1000.0000       2.3511663       14.450690
       575.00000       3000.0000       2.3511776       14.451258
       575.00000       10000.000       2.3511790       14.451995
       575.00000       30000.000       2.3511791       14.454664
       575.00000       100000.00       2.3511792       14.466382
       575.00000       300000.00       2.3511792       14.475267
       650.00000    0.0010000000       2.3497489       14.477037
       650.00000    0.0030000000       2.3497476       14.477031
       650.00000     0.010000000       2.3497932       14.476960
       650.00000     0.030000000       2.3499301       14.476499
       650.00000      0.10000000       2.3504297       14.474825
       650.00000      0.30000000       2.3508530       14.473351
       650.00000       1.0000000       2.3509895       14.472949
       650.00000       3.0000000       2.3509860       14.472928
       650.00000       10.000000       2.3509895       14.472993
       650.00000       30.000000       2.3509947       14.473189
       650.00000       100.00000       2.3510118       14.473833
       650.00000       300.00000       2.3510343       14.475396
       650.00000       1000.0000       2.3511218       14.478614
       650.00000       3000.0000       2.3511627       14.480912
       650.00000       10000.000       2.3511776       14.481764
       650.00000       30000.000       2.3511792       14.482909
       650.00000       100000.00       2.3511792       14.491452
       650.00000       300000.00       2.3511792       14.543769
       725.00000    0.0010000000       2.3498279       14.529704
       725.00000    0.0030000000       2.3498277       14.529706
       725.00000     0.010000000       2.3498282       14.529705
       725.00000     0.030000000       2.3497821       14.529696
       725.00000      0.10000000       2.3498179       14.529610
       725.00000      0.30000000       2.3499862       14.529088
       725.00000       1.0000000       2.3505212       14.527543
       725.00000       3.0000000       2.3508849       14.526474
       725.00000       10.000000       2.3509963       14.526255
       725.00000       30.000000       2.3509890       14.526303
       725.00000       100.00000       2.3509968       14.526549
       725.00000       300.00000       2.3510147       14.527220
       725.00000       1000.0000       2.3510468       14.529148
       725.00000       3000.0000       2.3511293       14.532223
       725.00000       10000.000       2.3511678       14.534554
       725.00000       30000.000       2.3511781       14.535491
       725.00000       100000.00       2.3511792       14.539720
       725.00000       300000.00       2.3511794       14.575684
       800.00000    0.0010000000       2.3498283       14.616451
       800.00000    0.0030000000       2.3498283       14.616451
       800.00000     0.010000000       2.3498283       14.616451
       800.00000     0.030000000       2.3498284       14.616451
       800.00000      0.10000000       2.3498297       14.616449
       800.00000      0.30000000       2.3498611       14.616428
       800.00000       1.0000000       2.3499157       14.616223
       800.00000       3.0000000       2.3502414       14.615389
       800.00000       10.000000       2.3507668       14.614055
       800.00000       30.000000       2.3509695       14.613627
       800.00000       100.00000       2.3509886       14.613667
       800.00000       300.00000       2.3509999       14.613970
       800.00000       1000.0000       2.3510268       14.614964
       800.00000       3000.0000       2.3510657       14.617168
       800.00000       10000.000       2.3511355       14.620608
       800.00000       30000.000       2.3511729       14.622340
       800.00000       100000.00       2.3511792       14.624293
       800.00000       300000.00       2.3511803       14.631715
       900.00000    0.0010000000       2.3498294       14.735870
       900.00000    0.0030000000       2.3498292       14.735870
       900.00000     0.010000000       2.3498290       14.735870
       900.00000     0.030000000       2.3498289       14.735870
       900.00000      0.10000000       2.3498286       14.735872
       900.00000      0.30000000       2.3498291       14.735870
       900.00000       1.0000000       2.3498320       14.735868
       900.00000       3.0000000       2.3498792       14.735829
       900.00000       10.000000       2.3500368       14.735526
       900.00000       30.000000       2.3505054       14.734674
       900.00000       100.00000       2.3509510       14.733884
       900.00000       300.00000       2.3510173       14.733838
       900.00000       1000.0000       2.3510101       14.734253
       900.00000       3000.0000       2.3510373       14.735382
       900.00000       10000.000       2.3510905       14.738205
       900.00000       30000.000       2.3511498       14.741320
       900.00000       100000.00       2.3511829       14.743336
       900.00000       300000.00       2.3511921       14.746515
       1000.0000    0.0010000000       2.3498374       14.885024
       1000.0000    0.0030000000       2.3498362       14.885035
       1000.0000     0.010000000       2.3498341       14.885048
       1000.0000     0.030000000       2.3498325       14.885056
       1000.0000      0.10000000       2.3498311       14.885063
       1000.0000      0.30000000       2.3498304       14.885065
       1000.0000       1.0000000       2.3498298       14.885069
       1000.0000       3.0000000       2.3498311       14.885067
       1000.0000       10.000000       2.3498666       14.885054
       1000.0000       30.000000       2.3499417       14.884940
       1000.0000       100.00000       2.3503535       14.884412
       1000.0000       300.00000       2.3508433       14.883798
       1000.0000       1000.0000       2.3510506       14.883763
       1000.0000       3000.0000       2.3510884       14.884324
       1000.0000       10000.000       2.3510727       14.886085
       1000.0000       30000.000       2.3511433       14.889203
       1000.0000       100000.00       2.3511862       14.892298
       1000.0000       300000.00       2.3511978       14.894592
       1100.0000    0.0010000000       2.3498998       15.053950
       1100.0000    0.0030000000       2.3498554       15.054015
       1100.0000     0.010000000       2.3498322       15.054038
       1100.0000     0.030000000       2.3498452       15.054046
       1100.0000      0.10000000       2.3498423       15.054048
       1100.0000      0.30000000       2.3498408       15.054049
       1100.0000       1.0000000       2.3498399       15.054049
       1100.0000       3.0000000       2.3498392       15.054050
       1100.0000       10.000000       2.3498398       15.054054
       1100.0000       30.000000       2.3498714       15.054053
       1100.0000       100.00000       2.3499451       15.053993
       1100.0000       300.00000       2.3503213       15.053715
       1100.0000       1000.0000       2.3508665       15.053325
       1100.0000       3000.0000       2.3510612       15.053485
       1100.0000       10000.000       2.3511074       15.054559
       1100.0000       30000.000       2.3511518       15.056974
       1100.0000       100000.00       2.3512013       15.060749
       1100.0000       300000.00       2.3512081       15.063211
       1200.0000    0.0010000000       2.3529355       15.236081
       1200.0000    0.0030000000       2.3516723       15.239158
       1200.0000     0.010000000       2.3504006       15.241626
       1200.0000     0.030000000       2.3500130       15.242477
       1200.0000      0.10000000       2.3498820       15.242796
       1200.0000      0.30000000       2.3498511       15.242887
       1200.0000       1.0000000       2.3498518       15.242921
       1200.0000       3.0000000       2.3498452       15.242933
       1200.0000       10.000000       2.3498425       15.242936
       1200.0000       30.000000       2.3498433       15.242938
       1200.0000       100.00000       2.3498807       15.242939
       1200.0000       300.00000       2.3499657       15.242916
       1200.0000       1000.0000       2.3503986       15.242785
       1200.0000       3000.0000       2.3509022       15.242691
       1200.0000       10000.000       2.3510867       15.243382
       1200.0000       30000.000       2.3511357       15.245108
       1200.0000       100000.00       2.3512061       15.248759
       1200.0000       300000.00       2.3512452       15.251859
       1300.0000    0.0010000000       2.3525957       15.431305
       1300.0000    0.0030000000       2.3531512       15.431261
       1300.0000     0.010000000       2.3534926       15.431227
       1300.0000     0.030000000       2.3536819       15.431208
       1300.0000      0.10000000       2.3516693       15.436733
       1300.0000      0.30000000       2.3507897       15.439048
       1300.0000       1.0000000       2.3501275       15.440851
       1300.0000       3.0000000       2.3499313       15.441428
       1300.0000       10.000000       2.3498642       15.441640
       1300.0000       30.000000       2.3498583       15.441702
       1300.0000       100.00000       2.3498515       15.441730
       1300.0000       300.00000       2.3498953       15.441754
       1300.0000       1000.0000       2.3500466       15.441817
       1300.0000       3000.0000       2.3505113       15.441830
       1300.0000       10000.000       2.3509796       15.442512
       1300.0000       30000.000       2.3511194       15.443765
       1300.0000       100000.00       2.3511909       15.446900
       1300.0000       300000.00       2.3512494       15.450509
       1400.0000    0.0010000000       2.3484476       15.659675
       1400.0000    0.0030000000       2.3507220       15.659723
       1400.0000     0.010000000       2.3521514       15.659715
       1400.0000     0.030000000       2.3528986       15.659691
       1400.0000      0.10000000       2.3533740       15.659676
       1400.0000      0.30000000       2.3536289       15.659664
       1400.0000       1.0000000       2.3529468       15.659659
       1400.0000       3.0000000       2.3514548       15.665019
       1400.0000       10.000000       2.3507560       15.667447
       1400.0000       30.000000       2.3501495       15.669263
       1400.0000       100.00000       2.3499276       15.669979
       1400.0000       300.00000       2.3498750       15.670210
       1400.0000       1000.0000       2.3499297       15.670367
       1400.0000       3000.0000       2.3501633       15.670706
       1400.0000       10000.000       2.3507473       15.671584
       1400.0000       30000.000       2.3510667       15.672763
       1400.0000       100000.00       2.3511381       15.675377
       1400.0000       300000.00       2.3512276       15.679146
       1500.0000    0.0010000000       2.3348082       15.907249
       1500.0000    0.0030000000       2.3427646       15.907656
       1500.0000     0.010000000       2.3477128       15.907864
       1500.0000     0.030000000       2.3503288       15.907930
       1500.0000      0.10000000       2.3519474       15.907944
       1500.0000      0.30000000       2.3527818       15.907944
       1500.0000       1.0000000       2.3533383       15.907941
       1500.0000       3.0000000       2.3535828       15.907937
       1500.0000       10.000000       2.3529236       15.907935
       1500.0000       30.000000       2.3519943       15.910293
       1500.0000       100.00000       2.3510694       15.914603
       1500.0000       300.00000       2.3505194       15.916573
       1500.0000       1000.0000       2.3500518       15.918103
       1500.0000       3000.0000       2.3500179       15.918870
       1500.0000       10000.000       2.3504305       15.920228
       1500.0000       30000.000       2.3509220       15.921987
       1500.0000       100000.00       2.3511203       15.924424
       1500.0000       300000.00       2.3512038       15.928086
       1600.0000    0.0010000000       2.2965456       16.113559
       1600.0000    0.0030000000       2.3202913       16.114969
       1600.0000     0.010000000       2.3352665       16.115803
       1600.0000     0.030000000       2.3430301       16.116191
       1600.0000      0.10000000       2.3479063       16.116388
       1600.0000      0.30000000       2.3504319       16.116456
       1600.0000       1.0000000       2.3520311       16.116487
       1600.0000       3.0000000       2.3528291       16.116501
       1600.0000       10.000000       2.3533674       16.116504
       1600.0000       30.000000       2.3536124       16.116509
       1600.0000       100.00000       2.3527067       16.116511
       1600.0000       300.00000       2.3523350       16.116793
       1600.0000       1000.0000       2.3511909       16.122611
       1600.0000       3000.0000       2.3508172       16.124680
       1600.0000       10000.000       2.3503725       16.128111
       1600.0000       30000.000       2.3507381       16.131307
       1600.0000       100000.00       2.3510904       16.134475
       1600.0000       300000.00       2.3512030       16.138025
       1700.0000    0.0010000000       2.2060082       16.316040
       1700.0000    0.0030000000       2.2657037       16.320142
       1700.0000     0.010000000       2.3045136       16.322564
       1700.0000     0.030000000       2.3250025       16.323754
       1700.0000      0.10000000       2.3379054       16.324449
       1700.0000      0.30000000       2.3446194       16.324764
       1700.0000       1.0000000       2.3488102       16.324925
       1700.0000       3.0000000       2.3509791       16.324991
       1700.0000       10.000000       2.3523483       16.325025
       1700.0000       30.000000       2.3530479       16.325046
       1700.0000       100.00000       2.3534561       16.325056
       1700.0000       300.00000       2.3531636       16.325068
       1700.0000       1000.0000       2.3524980       16.325092
       1700.0000       3000.0000       2.3523049       16.325588
       1700.0000       10000.000       2.3512626       16.332603
       1700.0000       30000.000       2.3511096       16.338292
       1700.0000       100000.00       2.3511160       16.344617
       1700.0000       300000.00       2.3512089       16.348695
       1800.0000    0.0010000000       2.0306198       16.499265
       1800.0000    0.0030000000       2.1525511       16.510545
       1800.0000     0.010000000       2.2381961       16.516908
       1800.0000     0.030000000       2.2853519       16.519981
       1800.0000      0.10000000       2.3156812       16.521801
       1800.0000      0.30000000       2.3316192       16.522689
       1800.0000       1.0000000       2.3415922       16.523195
       1800.0000       3.0000000       2.3467878       16.523423
       1800.0000       10.000000       2.3500215       16.523546
       1800.0000       30.000000       2.3516834       16.523601
       1800.0000       100.00000       2.3527311       16.523635
       1800.0000       300.00000       2.3532728       16.523657
       1800.0000       1000.0000       2.3535297       16.523689
       1800.0000       3000.0000       2.3526229       16.523782
       1800.0000       10000.000       2.3524446       16.524414
       1800.0000       30000.000       2.3520177       16.531130
       1800.0000       100000.00       2.3518820       16.542299
       1800.0000       300000.00       2.3515568       16.549217
       1900.0000    0.0010000000       1.7730070       16.650243
       1900.0000    0.0030000000       1.9600707       16.680123
       1900.0000     0.010000000       2.1148301       16.696125
       1900.0000     0.030000000       2.2082522       16.703499
       1900.0000      0.10000000       2.2713493       16.707762
       1900.0000      0.30000000       2.3053230       16.709847
       1900.0000       1.0000000       2.3269205       16.711082
       1900.0000       3.0000000       2.3382310       16.711670
       1900.0000       10.000000       2.3452868       16.712004
       1900.0000       30.000000       2.3489626       16.712159
       1900.0000       100.00000       2.3512281       16.712247
       1900.0000       300.00000       2.3524009       16.712293
       1900.0000       1000.0000       2.3531294       16.712333
       1900.0000       3000.0000       2.3534767       16.712416
       1900.0000       10000.000       2.3526744       16.712885
       1900.0000       30000.000       2.3525574       16.715445
       1900.0000       100000.00       2.3528652       16.725279
       1900.0000       300000.00       2.3522431       16.738868
       2000.0000    0.0010000000       1.5202801       16.741065
       2000.0000    0.0030000000       1.7108920       16.816365
       2000.0000     0.010000000       1.9237128       16.854655
       2000.0000     0.030000000       2.0774268       16.871648
       2000.0000      0.10000000       2.1918614       16.881091
       2000.0000      0.30000000       2.2569654       16.885587
       2000.0000       1.0000000       2.2995617       16.888236
       2000.0000       3.0000000       2.3221158       16.889533
       2000.0000       10.000000       2.3363589       16.890289
       2000.0000       30.000000       2.3437331       16.890648
       2000.0000       100.00000       2.3483777       16.890855
       2000.0000       300.00000       2.3507476       16.890957
       2000.0000       1000.0000       2.3522290       16.891029
       2000.0000       3000.0000       2.3529677       16.891109
       2000.0000       10000.000       2.3534523       16.891473
       2000.0000       30000.000       2.3527670       16.893547
       2000.0000       100000.00       2.3529521       16.902964
       2000.0000       300000.00       2.3534170       16.914665
       2150.0000    0.0010000000       1.3321575       16.405565
       2150.0000    0.0030000000       1.4148428       16.872003
       2150.0000     0.010000000       1.5845722       17.033803
       2150.0000     0.030000000       1.7836914       17.088603
       2150.0000      0.10000000       1.9846355       17.117279
       2150.0000      0.30000000       2.1209518       17.130300
       2150.0000       1.0000000       2.2189670       17.137689
       2150.0000       3.0000000       2.2736732       17.141255
       2150.0000       10.000000       2.3091212       17.143363
       2150.0000       30.000000       2.3277851       17.144395
       2150.0000       100.00000       2.3395245       17.144995
       2150.0000       300.00000       2.3456191       17.145291
       2150.0000       1000.0000       2.3494089       17.145471
       2150.0000       3000.0000       2.3513577       17.145595
       2150.0000       10000.000       2.3525530       17.145885
       2150.0000       30000.000       2.3532092       17.147367
       2150.0000       100000.00       2.3531766       17.156431
       2150.0000       300000.00       2.3532775       17.174478
       2300.0000    0.0010000000       1.2894550       14.114938
       2300.0000    0.0030000000       1.3103297       16.115792
       2300.0000     0.010000000       1.3725960       16.965486
       2300.0000     0.030000000       1.4952035       17.215752
       2300.0000      0.10000000       1.6993502       17.305051
       2300.0000      0.30000000       1.8962436       17.339475
       2300.0000       1.0000000       2.0700842       17.358215
       2300.0000       3.0000000       2.1790118       17.366957
       2300.0000       10.000000       2.2540977       17.372026
       2300.0000       30.000000       2.2950203       17.374499
       2300.0000       100.00000       2.3212272       17.375969
       2300.0000       300.00000       2.3349222       17.376687
       2300.0000       1000.0000       2.3434884       17.377118
       2300.0000       3000.0000       2.3479172       17.377356
       2300.0000       10000.000       2.3506656       17.377653
       2300.0000       30000.000       2.3521045       17.378764
       2300.0000       100000.00       2.3531235       17.386564
       2300.0000       300000.00       2.3536578       17.409223
       2450.0000    0.0010000000       1.2807888       9.0877778
       2450.0000    0.0030000000       1.2860651       13.242127
       2450.0000     0.010000000       1.3033968       15.989428
       2450.0000     0.030000000       1.3473322       17.019923
       2450.0000      0.10000000       1.4599488       17.405950
       2450.0000      0.30000000       1.6331878       17.514516
       2450.0000       1.0000000       1.8522227       17.559789
       2450.0000       3.0000000       2.0237770       17.579535
       2450.0000       10.000000       2.1574424       17.590665
       2450.0000       30.000000       2.2354703       17.596002
       2450.0000       100.00000       2.2872303       17.599148
       2450.0000       300.00000       2.3148563       17.600692
       2450.0000       1000.0000       2.3323498       17.601615
       2450.0000       3000.0000       2.3414423       17.602089
       2450.0000       10000.000       2.3471083       17.602493
       2450.0000       30000.000       2.3500399       17.603408
       2450.0000       100000.00       2.3519186       17.609828
       2450.0000       300000.00       2.3532005       17.634505
       2600.0000    0.0010000000       1.2783803       4.6354178
       2600.0000    0.0030000000       1.2800619       8.3986482
       2600.0000     0.010000000       1.2852655       13.097555
       2600.0000     0.030000000       1.2990378       15.862610
       2600.0000      0.10000000       1.3419784       17.163529
       2600.0000      0.30000000       1.4356672       17.572135
       2600.0000       1.0000000       1.6168841       17.713105
       2600.0000       3.0000000       1.8173635       17.757809
       2600.0000       10.000000       2.0112573       17.780628
       2600.0000       30.000000       2.1394112       17.791252
       2600.0000       100.00000       2.2302751       17.797417
       2600.0000       300.00000       2.2806352       17.800430
       2600.0000       1000.0000       2.3131016       17.802221
       2600.0000       3000.0000       2.3301787       17.803122
       2600.0000       10000.000       2.3408687       17.803752
       2600.0000       30000.000       2.3463957       17.804613
       2600.0000       100000.00       2.3498779       17.809896
       2600.0000       300000.00       2.3518629       17.834479
       2800.0000    0.0010000000       1.2773493       2.2291761
       2800.0000    0.0030000000       1.2778401       3.7414382
       2800.0000     0.010000000       1.2791495       7.3072372
       2800.0000     0.030000000       1.2825082       11.762085
       2800.0000      0.10000000       1.2934461       15.476653
       2800.0000      0.30000000       1.3219267       17.085000
       2800.0000       1.0000000       1.4021927       17.734258
       2800.0000       3.0000000       1.5463154       17.922521
       2800.0000       10.000000       1.7608648       17.989013
       2800.0000       30.000000       1.9500460       18.013878
       2800.0000       100.00000       2.1080015       18.027557
       2800.0000       300.00000       2.2038957       18.034103
       2800.0000       1000.0000       2.2688549       18.037965
       2800.0000       3000.0000       2.3039133       18.039875
       2800.0000       10000.000       2.3262468       18.041079
       2800.0000       30000.000       2.3378720       18.042072
       2800.0000       100000.00       2.3451308       18.046315
       2800.0000       300000.00       2.3489698       18.068955
       3000.0000    0.0010000000       1.2765864       1.6043004
       3000.0000    0.0030000000       1.2769947       2.1036822
       3000.0000     0.010000000       1.2775665       3.6038104
       3000.0000     0.030000000       1.2786010       6.6384622
       3000.0000      0.10000000       1.2817541       11.494558
       3000.0000      0.30000000       1.2902286       15.166919
       3000.0000       1.0000000       1.3174633       17.189554
       3000.0000       3.0000000       1.3821948       17.881242
       3000.0000       10.000000       1.5285868       18.131478
       3000.0000       30.000000       1.7208198       18.201943
       3000.0000       100.00000       1.9324633       18.231575
       3000.0000       300.00000       2.0838716       18.244585
       3000.0000       1000.0000       2.1959755       18.252085
       3000.0000       3000.0000       2.2595475       18.255751
       3000.0000       10000.000       2.3011278       18.257969
       3000.0000       30000.000       2.3230890       18.259356
       3000.0000       100000.00       2.3368925       18.263043
       3000.0000       300000.00       2.3440747       18.283112
       3250.0000    0.0010000000       1.2750762       1.4275847
       3250.0000    0.0030000000       1.2758199       1.5662682
       3250.0000     0.010000000       1.2764438       2.0202883
       3250.0000     0.030000000       1.2770265       3.1617221
       3250.0000      0.10000000       1.2780553       6.0863592
       3250.0000      0.30000000       1.2803148       10.409653
       3250.0000       1.0000000       1.2875472       14.837028
       3250.0000       3.0000000       1.3068693       17.075800
       3250.0000       10.000000       1.3647903       18.055789
       3250.0000       30.000000       1.4810847       18.355735
       3250.0000       100.00000       1.6809407       18.459071
       3250.0000       300.00000       1.8794199       18.491120
       3250.0000       1000.0000       2.0579404       18.506976
       3250.0000       3000.0000       2.1709835       18.514387
       3250.0000       10000.000       2.2493039       18.518753
       3250.0000       30000.000       2.2921267       18.521093
       3250.0000       100000.00       2.3195148       18.524681
       3250.0000       300000.00       2.3337998       18.541919
       3500.0000    0.0010000000       1.2726100       1.4494420
       3500.0000    0.0030000000       1.2734698       1.5006091
       3500.0000     0.010000000       1.2746461       1.6596170
       3500.0000     0.030000000       1.2756132       2.0667478
       3500.0000      0.10000000       1.2765280       3.3004377
       3500.0000      0.30000000       1.2775753       5.9276052
       3500.0000       1.0000000       1.2800271       10.626487
       3500.0000       3.0000000       1.2861848       14.745773
       3500.0000       10.000000       1.3062159       17.307013
       3500.0000       30.000000       1.3559912       18.249436
       3500.0000       100.00000       1.4787740       18.606256
       3500.0000       300.00000       1.6586820       18.707333
       3500.0000       1000.0000       1.8766110       18.744294
       3500.0000       3000.0000       2.0424684       18.758534
       3500.0000       10000.000       2.1695487       18.766446
       3500.0000       30000.000       2.2430031       18.770416
       3500.0000       100000.00       2.2914980       18.774539
       3500.0000       300000.00       2.3171818       18.789857
       3750.0000    0.0010000000       1.2718908       1.7049436
       3750.0000    0.0030000000       1.2720484       1.7251431
       3750.0000     0.010000000       1.2725031       1.7925544
       3750.0000     0.030000000       1.2733297       1.9676805
       3750.0000      0.10000000       1.2745727       2.4953648
       3750.0000      0.30000000       1.2757734       3.7368621
       3750.0000       1.0000000       1.2772947       6.7927072
       3750.0000       3.0000000       1.2798340       11.143542
       3750.0000       10.000000       1.2873721       15.454793
       3750.0000       30.000000       1.3071380       17.611288
       3750.0000       100.00000       1.3661750       18.561525
       3750.0000       300.00000       1.4841180       18.856152
       3750.0000       1000.0000       1.6850075       18.958459
       3750.0000       3000.0000       1.8831562       18.988779
       3750.0000       10000.000       2.0605823       19.002781
       3750.0000       30000.000       2.1726419       19.009265
       3750.0000       100000.00       2.2501455       19.014583
       3750.0000       300000.00       2.2924077       19.028913
       4000.0000    0.0010000000       1.2718409       2.5691272
       4000.0000    0.0030000000       1.2718457       2.5765975
       4000.0000     0.010000000       1.2719071       2.6025813
       4000.0000     0.030000000       1.2720907       2.6751444
       4000.0000      0.10000000       1.2726117       2.9131032
       4000.0000      0.30000000       1.2735432       3.5067281
       4000.0000       1.0000000       1.2750399       5.1190546
       4000.0000       3.0000000       1.2768717       8.1176086
       4000.0000       10.000000       1.2805142       12.726190
       4000.0000       30.000000       1.2890300       16.208846
       4000.0000       100.00000       1.3158302       18.173384
       4000.0000       300.00000       1.3796565       18.867421
       4000.0000       1000.0000       1.5246988       19.127169
       4000.0000       3000.0000       1.7162585       19.200452
       4000.0000       10000.000       1.9284726       19.227404
       4000.0000       30000.000       2.0808290       19.237871
       4000.0000       100000.00       2.1938646       19.245071
       4000.0000       300000.00       2.2579514       19.259175
