Li Na K Rb Cs
  4.5027E-38  4.5027E-38  4.5027E-38  4.5027E-38  4.5027E-38
  4.5027E-38  4.5027E-38  4.5027E-38  4.5027E-38  4.5027E-38
  4.5027E-38  4.5027E-38  4.5027E-38  4.5027E-38  4.5027E-38
  4.5027E-38  4.5027E-38  4.5027E-38  4.5027E-38  4.5027E-38
  4.5027E-38  4.5027E-38  4.5027E-38  4.5027E-38  4.5027E-38
  4.5027E-38  4.5027E-38  4.5027E-38  4.5027E-38  4.5027E-38
  4.5027E-38  4.5027E-38  4.5027E-38  4.5027E-38  4.5027E-38
  4.5027E-38  4.5027E-38  4.5027E-38  4.5027E-38  4.5027E-38
  4.5027E-38  4.5027E-38  4.5027E-38  4.5027E-38  4.5027E-38
  4.5027E-38  4.5027E-38  4.5027E-38  4.5027E-38  4.5027E-38
  4.5027E-38  4.5027E-38  4.5027E-38  4.5027E-38  4.5027E-38
  4.5027E-38  4.5027E-38  4.5027E-38  4.5027E-38  4.5027E-38
  4.5027E-38  4.5027E-38  4.5027E-38  4.5027E-38  4.5027E-38
  4.5027E-38  4.5027E-38  4.5027E-38  4.5027E-38  4.5027E-38
  4.5027E-38  4.5027E-38  4.5027E-38  4.5027E-38  4.5027E-38
  4.5024E-38  4.5024E-38  4.5024E-38  4.5024E-38  4.5024E-38
  4.5024E-38  4.5024E-38  4.5024E-38  4.5024E-38  4.5024E-38
  4.5024E-38  4.5024E-38  4.5024E-38  4.5024E-38  4.5024E-38
  4.5026E-38  4.5026E-38  4.5026E-38  4.5026E-38  4.5026E-38
  4.5027E-38  4.5027E-38  4.5027E-38  4.5027E-38  4.5027E-38
  4.5027E-38  4.5027E-38  4.5027E-38  4.5027E-38  4.5027E-38
  4.5027E-38  4.5027E-38  4.5027E-38  4.5027E-38  4.5027E-38
  4.5027E-38  4.5027E-38  4.5027E-38  4.5027E-38  4.5027E-38
  4.5027E-38  4.5027E-38  4.5027E-38  4.5027E-38  4.5027E-38
  4.5027E-38  4.5027E-38  4.5027E-38  4.5027E-38  4.5027E-38
  4.5027E-38  4.5027E-38  4.5027E-38  4.5027E-38  4.5027E-38
  4.5027E-38  4.5027E-38  4.5027E-38  4.5027E-38  4.5027E-38
  4.5027E-38  4.5027E-38  4.5027E-38  4.5027E-38  4.5027E-38
  4.5027E-38  4.5027E-38  4.5027E-38  4.5027E-38  4.5027E-38
  4.5027E-38  4.5027E-38  4.5027E-38  4.5027E-38  4.5027E-38
  4.5027E-38  4.5027E-38  4.5027E-38  4.5027E-38  4.5027E-38
  4.5024E-38  4.5024E-38  4.5024E-38  4.5024E-38  4.5024E-38
  4.5024E-38  4.5024E-38  4.5024E-38  4.5024E-38  4.5024E-38
  4.5024E-38  4.5024E-38  4.5024E-38  4.5024E-38  4.5024E-38
  4.5024E-38  4.5024E-38  4.5024E-38  4.5024E-38  4.5024E-38
  4.5024E-38  4.5024E-38  4.5024E-38  4.5024E-38  4.5024E-38
  4.5024E-38  4.5024E-38  4.5024E-38  4.5024E-38  4.5024E-38
  4.5026E-38  4.5026E-38  4.5026E-38  4.5026E-38  4.5026E-38
  4.5027E-38  4.5027E-38  4.5027E-38  4.5027E-38  4.5027E-38
  4.5027E-38  4.5027E-38  4.5027E-38  4.5027E-38  4.5027E-38
  4.5027E-38  4.5027E-38  4.5027E-38  4.5027E-38  4.5027E-38
  4.5027E-38  4.5027E-38  4.5027E-38  4.5027E-38  4.5027E-38
  4.5027E-38  4.5027E-38  4.5027E-38  4.5027E-38  4.5027E-38
  4.5027E-38  4.5027E-38  4.5027E-38  4.5027E-38  4.5027E-38
  4.5027E-38  4.5027E-38  4.5027E-38  4.5027E-38  4.5027E-38
  4.5027E-38  4.5027E-38  4.5027E-38  4.5027E-38  4.5027E-38
  4.5027E-38  4.5027E-38  4.5027E-38  4.5027E-38  4.5027E-38
  4.5027E-38  4.5027E-38  4.5027E-38  4.5027E-38  4.5027E-38
  4.5024E-38  4.5024E-38  4.5024E-38  4.5024E-38  4.5024E-38
  4.5024E-38  4.5024E-38  4.5024E-38  4.5024E-38  4.5024E-38
  4.5024E-38  4.5024E-38  4.5024E-38  4.5024E-38  4.5024E-38
  4.5024E-38  4.5024E-38  4.5024E-38  4.5024E-38  4.5024E-38
  4.5024E-38  4.5024E-38  4.5024E-38  4.5024E-38  4.5024E-38
  4.5024E-38  4.5024E-38  4.5024E-38  4.5024E-38  4.5024E-38
  4.5024E-38  4.5024E-38  4.5024E-38  4.5024E-38  4.5024E-38
  4.5024E-38  4.5024E-38  4.5024E-38  4.5024E-38  4.5024E-38
  4.5025E-38  4.5025E-38  4.5025E-38  4.5025E-38  4.5025E-38
  4.5027E-38  4.5027E-38  4.5027E-38  4.5027E-38  4.5027E-38
  4.5027E-38  4.5027E-38  4.5027E-38  4.5027E-38  4.5027E-38
  4.5027E-38  4.5027E-38  4.5027E-38  4.5027E-38  4.5027E-38
  4.5027E-38  4.5027E-38  4.5027E-38  4.5027E-38  4.5027E-38
  4.5027E-38  4.5027E-38  4.5027E-38  4.5027E-38  4.5027E-38
  4.5027E-38  4.5027E-38  4.5027E-38  4.5027E-38  4.5027E-38
  4.5027E-38  4.5027E-38  4.5027E-38  4.5027E-38  4.5027E-38
  4.5027E-38  4.5027E-38  4.5027E-38  4.5027E-38  4.5027E-38
  4.5024E-38  4.5024E-38  4.5024E-38  4.5024E-38  4.5024E-38
  4.5024E-38  4.5024E-38  4.5024E-38  4.5024E-38  4.5024E-38
  4.5024E-38  4.5024E-38  4.5024E-38  4.5024E-38  4.5024E-38
  4.5024E-38  4.5024E-38  4.5024E-38  4.5024E-38  4.5024E-38
  4.5024E-38  4.5024E-38  4.5024E-38  4.5024E-38  4.5024E-38
  4.5024E-38  4.5024E-38  4.5024E-38  4.5024E-38  4.5024E-38
  4.5024E-38  4.5024E-38  4.5024E-38  4.5024E-38  4.5024E-38
  4.5024E-38  4.5024E-38  4.5024E-38  4.5024E-38  4.5024E-38
  4.5024E-38  4.5024E-38  4.5024E-38  4.5024E-38  4.5024E-38
  4.5024E-38  4.5024E-38  4.5024E-38  4.5024E-38  4.5024E-38
  4.5025E-38  4.5025E-38  4.5025E-38  4.5025E-38  4.5025E-38
  4.5027E-38  4.5027E-38  4.5027E-38  4.5027E-38  4.5027E-38
  4.5027E-38  4.5027E-38  4.5027E-38  4.5027E-38  4.5027E-38
  4.5027E-38  4.5027E-38  4.5027E-38  4.5027E-38  4.5027E-38
  4.5027E-38  4.5027E-38  4.5027E-38  4.5027E-38  4.5027E-38
  4.5027E-38  4.5027E-38  4.5027E-38  4.5027E-38  4.5027E-38
  4.5027E-38  4.5027E-38  4.5027E-38  4.5027E-38  4.5027E-38
  4.5023E-38  4.5023E-38  4.5023E-38  4.5023E-38  4.5023E-38
  4.5024E-38  4.5024E-38  4.5024E-38  4.5024E-38  4.5024E-38
  4.5024E-38  4.5024E-38  4.5024E-38  4.5024E-38  4.5024E-38
  4.5024E-38  4.5024E-38  4.5024E-38  4.5024E-38  4.5024E-38
  4.5024E-38  4.5024E-38  4.5024E-38  4.5024E-38  4.5024E-38
  4.5024E-38  4.5024E-38  4.5024E-38  4.5024E-38  4.5024E-38
  4.5024E-38  4.5024E-38  4.5024E-38  4.5024E-38  4.5024E-38
  4.5024E-38  4.5024E-38  4.5024E-38  4.5024E-38  4.5024E-38
  4.5024E-38  4.5024E-38  4.5024E-38  4.5024E-38  4.5024E-38
  4.5024E-38  4.5024E-38  4.5024E-38  4.5024E-38  4.5024E-38
  4.5024E-38  4.5024E-38  4.5024E-38  4.5024E-38  4.5024E-38
  4.5024E-38  4.5024E-38  4.5024E-38  4.5024E-38  4.5024E-38
  4.5026E-38  4.5026E-38  4.5026E-38  4.5026E-38  4.5026E-38
  4.5027E-38  4.5027E-38  4.5027E-38  4.5027E-38  4.5027E-38
  4.5027E-38  4.5027E-38  4.5027E-38  4.5027E-38  4.5027E-38
  4.5027E-38  4.5027E-38  4.5027E-38  4.5027E-38  4.5027E-38
  4.5027E-38  4.5027E-38  4.5027E-38  4.5027E-38  4.5027E-38
  4.5021E-38  4.5021E-38  4.5021E-38  4.5021E-38  4.5021E-38
  4.5023E-38  4.5023E-38  4.5023E-38  4.5023E-38  4.5023E-38
  4.5023E-38  4.5023E-38  4.5023E-38  4.5023E-38  4.5023E-38
  4.5024E-38  4.5024E-38  4.5024E-38  4.5024E-38  4.5024E-38
  4.5024E-38  4.5024E-38  4.5024E-38  4.5024E-38  4.5024E-38
  4.5024E-38  4.5024E-38  4.5024E-38  4.5024E-38  4.5024E-38
  4.5024E-38  4.5024E-38  4.5024E-38  4.5024E-38  4.5024E-38
  4.5024E-38  4.5024E-38  4.5024E-38  4.5024E-38  4.5024E-38
  4.5024E-38  4.5024E-38  4.5024E-38  4.5024E-38  4.5024E-38
  4.5024E-38  4.5024E-38  4.5024E-38  4.5024E-38  4.5024E-38
  4.5024E-38  4.5024E-38  4.5024E-38  4.5024E-38  4.5024E-38
  4.5024E-38  4.5024E-38  4.5024E-38  4.5024E-38  4.5024E-38
  4.5024E-38  4.5024E-38  4.5024E-38  4.5024E-38  4.5024E-38
  4.5024E-38  4.5024E-38  4.5024E-38  4.5024E-38  4.5024E-38
  4.5026E-38  4.5026E-38  4.5026E-38  4.5026E-38  4.5026E-38
  4.5027E-38  4.5027E-38  4.5027E-38  4.5027E-38  4.5027E-38
  4.5027E-38  4.5027E-38  4.5027E-38  4.5027E-38  4.5027E-38
  4.5005E-38  4.5005E-38  4.5005E-38  4.5005E-38  4.5005E-38
  4.5013E-38  4.5013E-38  4.5013E-38  4.5013E-38  4.5013E-38
  4.5020E-38  4.5020E-38  4.5020E-38  4.5020E-38  4.5020E-38
  4.5023E-38  4.5023E-38  4.5023E-38  4.5023E-38  4.5023E-38
  4.5023E-38  4.5023E-38  4.5023E-38  4.5023E-38  4.5023E-38
  4.5024E-38  4.5024E-38  4.5024E-38  4.5024E-38  4.5024E-38
  4.5024E-38  4.5024E-38  4.5024E-38  4.5024E-38  4.5024E-38
  4.5024E-38  4.5024E-38  4.5024E-38  4.5024E-38  4.5024E-38
  4.5024E-38  4.5024E-38  4.5024E-38  4.5024E-38  4.5024E-38
  4.5024E-38  4.5024E-38  4.5024E-38  4.5024E-38  4.5024E-38
  4.5024E-38  4.5024E-38  4.5024E-38  4.5024E-38  4.5024E-38
  4.5024E-38  4.5024E-38  4.5024E-38  4.5024E-38  4.5024E-38
  4.5024E-38  4.5024E-38  4.5024E-38  4.5024E-38  4.5024E-38
  4.5024E-38  4.5024E-38  4.5024E-38  4.5024E-38  4.5024E-38
  4.5024E-38  4.5024E-38  4.5024E-38  4.5024E-38  4.5024E-38
  4.5026E-38  4.5026E-38  4.5026E-38  4.5026E-38  4.5026E-38
  4.5027E-38  4.5027E-38  4.5027E-38  4.5027E-38  4.5027E-38
  4.5005E-38  4.5005E-38  4.5005E-38  4.5005E-38  4.5005E-38
  4.5005E-38  4.5005E-38  4.5005E-38  4.5005E-38  4.5005E-38
  4.5005E-38  4.5005E-38  4.5005E-38  4.5005E-38  4.5005E-38
  4.5013E-38  4.5013E-38  4.5013E-38  4.5013E-38  4.5013E-38
  4.5020E-38  4.5020E-38  4.5020E-38  4.5020E-38  4.5020E-38
  4.5022E-38  4.5022E-38  4.5022E-38  4.5022E-38  4.5022E-38
  4.5023E-38  4.5023E-38  4.5023E-38  4.5023E-38  4.5023E-38
  4.5024E-38  4.5024E-38  4.5024E-38  4.5024E-38  4.5024E-38
  4.5024E-38  4.5024E-38  4.5024E-38  4.5024E-38  4.5024E-38
  4.5024E-38  4.5024E-38  4.5024E-38  4.5024E-38  4.5024E-38
  4.5024E-38  4.5024E-38  4.5024E-38  4.5024E-38  4.5024E-38
  4.5024E-38  4.5024E-38  4.5024E-38  4.5024E-38  4.5024E-38
  4.5024E-38  4.5024E-38  4.5024E-38  4.5024E-38  4.5024E-38
  4.5024E-38  4.5024E-38  4.5024E-38  4.5024E-38  4.5024E-38
  4.5024E-38  4.5024E-38  4.5024E-38  4.5024E-38  4.5024E-38
  4.5024E-38  4.5024E-38  4.5024E-38  4.5024E-38  4.5024E-38
  4.5026E-38  4.5026E-38  4.5026E-38  4.5026E-38  4.5026E-38
  4.5005E-38  4.5005E-38  4.5005E-38  4.5005E-38  4.5005E-38
  4.5005E-38  4.5005E-38  4.5005E-38  4.5005E-38  4.5005E-38
  4.5005E-38  4.5005E-38  4.5005E-38  4.5005E-38  4.5005E-38
  4.5005E-38  4.5005E-38  4.5005E-38  4.5005E-38  4.5005E-38
  4.5005E-38  4.5005E-38  4.5005E-38  4.5005E-38  4.5005E-38
  4.5016E-38  4.5016E-38  4.5016E-38  4.5016E-38  4.5016E-38
  4.5021E-38  4.5021E-38  4.5021E-38  4.5021E-38  4.5021E-38
  4.5023E-38  4.5023E-38  4.5023E-38  4.5023E-38  4.5023E-38
  4.5024E-38  4.5024E-38  4.5024E-38  4.5024E-38  4.5024E-38
  4.5024E-38  4.5024E-38  4.5024E-38  4.5024E-38  4.5024E-38
  4.5024E-38  4.5024E-38  4.5024E-38  4.5024E-38  4.5024E-38
  4.5024E-38  4.5024E-38  4.5024E-38  4.5024E-38  4.5024E-38
  4.5025E-38  4.5025E-38  4.5025E-38  4.5025E-38  4.5025E-38
  4.5025E-38  4.5025E-38  4.5025E-38  4.5025E-38  4.5025E-38
  4.5025E-38  4.5025E-38  4.5025E-38  4.5025E-38  4.5025E-38
  4.5025E-38  4.5025E-38  4.5025E-38  4.5025E-38  4.5025E-38
  4.5025E-38  4.5025E-38  4.5025E-38  4.5025E-38  4.5025E-38
  4.5005E-38  4.5005E-38  4.5005E-38  4.5005E-38  4.5005E-38
  4.5005E-38  4.5005E-38  4.5005E-38  4.5005E-38  4.5005E-38
  4.5005E-38  4.5005E-38  4.5005E-38  4.5005E-38  4.5005E-38
  4.5005E-38  4.5005E-38  4.5005E-38  4.5005E-38  4.5005E-38
  4.5005E-38  4.5005E-38  4.5005E-38  4.5005E-38  4.5005E-38
  4.5005E-38  4.5005E-38  4.5005E-38  4.5005E-38  4.5005E-38
  4.5010E-38  4.5010E-38  4.5010E-38  4.5010E-38  4.5010E-38
  4.5019E-38  4.5019E-38  4.5019E-38  4.5019E-38  4.5019E-38
  4.5023E-38  4.5023E-38  4.5023E-38  4.5023E-38  4.5023E-38
  4.5024E-38  4.5024E-38  4.5024E-38  4.5024E-38  4.5024E-38
  4.5024E-38  4.5024E-38  4.5024E-38  4.5024E-38  4.5024E-38
  4.5025E-38  4.5025E-38  4.5025E-38  4.5025E-38  4.5025E-38
  4.5025E-38  4.5025E-38  4.5025E-38  4.5025E-38  4.5025E-38
  4.5025E-38  4.5025E-38  4.5025E-38  4.5025E-38  4.5025E-38
  4.5025E-38  4.5025E-38  4.5025E-38  4.5025E-38  4.5025E-38
  4.5025E-38  4.5025E-38  4.5025E-38  4.5025E-38  4.5025E-38
  4.5025E-38  4.5025E-38  4.5025E-38  4.5025E-38  4.5025E-38
  4.5005E-38  4.5005E-38  4.5005E-38  4.5005E-38  4.5005E-38
  4.5005E-38  4.5005E-38  4.5005E-38  4.5005E-38  4.5005E-38
  4.5005E-38  4.5005E-38  4.5005E-38  4.5005E-38  4.5005E-38
  4.5005E-38  4.5005E-38  4.5005E-38  4.5005E-38  4.5005E-38
  4.5005E-38  4.5005E-38  4.5005E-38  4.5005E-38  4.5005E-38
  4.5005E-38  4.5005E-38  4.5005E-38  4.5005E-38  4.5005E-38
  4.5005E-38  4.5005E-38  4.5005E-38  4.5005E-38  4.5005E-38
  4.5005E-38  4.5005E-38  4.5005E-38  4.5005E-38  4.5005E-38
  4.5017E-38  4.5017E-38  4.5017E-38  4.5017E-38  4.5017E-38
  4.5022E-38  4.5022E-38  4.5022E-38  4.5022E-38  4.5022E-38
  4.5024E-38  4.5024E-38  4.5024E-38  4.5024E-38  4.5024E-38
  4.5024E-38  4.5024E-38  4.5024E-38  4.5024E-38  4.5024E-38
  4.5024E-38  4.5024E-38  4.5024E-38  4.5024E-38  4.5024E-38
  4.5025E-38  4.5025E-38  4.5025E-38  4.5025E-38  4.5025E-38
  4.5025E-38  4.5025E-38  4.5025E-38  4.5025E-38  4.5025E-38
  4.5025E-38  4.5025E-38  4.5025E-38  4.5025E-38  4.5025E-38
  4.5025E-38  4.5025E-38  4.5025E-38  4.5025E-38  4.5025E-38
  4.5005E-38  4.5005E-38  4.5005E-38  4.5005E-38  4.5005E-38
  4.5005E-38  4.5005E-38  4.5005E-38  4.5005E-38  4.5005E-38
  4.5005E-38  4.5005E-38  4.5005E-38  4.5005E-38  4.5005E-38
  4.5005E-38  4.5005E-38  4.5005E-38  4.5005E-38  4.5005E-38
  4.5005E-38  4.5005E-38  4.5005E-38  4.5005E-38  4.5005E-38
  4.5005E-38  4.5005E-38  4.5005E-38  4.5005E-38  4.5005E-38
  4.5005E-38  4.5005E-38  4.5005E-38  4.5005E-38  4.5005E-38
  4.5005E-38  4.5005E-38  4.5005E-38  4.5005E-38  4.5005E-38
  4.5006E-38  4.5006E-38  4.5006E-38  4.5006E-38  4.5006E-38
  4.5014E-38  4.5014E-38  4.5014E-38  4.5014E-38  4.5014E-38
  4.5021E-38  4.5021E-38  4.5021E-38  4.5021E-38  4.5021E-38
  4.5024E-38  4.5024E-38  4.5024E-38  4.5024E-38  4.5024E-38
  4.5024E-38  4.5024E-38  4.5024E-38  4.5024E-38  4.5024E-38
  4.5024E-38  4.5024E-38  4.5024E-38  4.5024E-38  4.5024E-38
  4.5025E-38  4.5025E-38  4.5025E-38  4.5025E-38  4.5025E-38
  4.5025E-38  4.5025E-38  4.5025E-38  4.5025E-38  4.5025E-38
  4.5025E-38  4.5025E-38  4.5025E-38  4.5025E-38  4.5025E-38
  4.5006E-38  4.5006E-38  4.5006E-38  4.5006E-38  4.5006E-38
  4.5006E-38  4.5006E-38  4.5006E-38  4.5006E-38  4.5006E-38
  4.5005E-38  4.5005E-38  4.5005E-38  4.5005E-38  4.5005E-38
  4.5005E-38  4.5005E-38  4.5005E-38  4.5005E-38  4.5005E-38
  4.5005E-38  4.5005E-38  4.5005E-38  4.5005E-38  4.5005E-38
  4.5005E-38  4.5005E-38  4.5005E-38  4.5005E-38  4.5005E-38
  4.5005E-38  4.5005E-38  4.5005E-38  4.5005E-38  4.5005E-38
  4.5005E-38  4.5005E-38  4.5005E-38  4.5005E-38  4.5005E-38
  4.5006E-38  4.5006E-38  4.5006E-38  4.5006E-38  4.5006E-38
  4.5006E-38  4.5006E-38  4.5006E-38  4.5006E-38  4.5006E-38
  4.5013E-38  4.5013E-38  4.5013E-38  4.5013E-38  4.5013E-38
  4.5021E-38  4.5021E-38  4.5021E-38  4.5021E-38  4.5021E-38
  4.5023E-38  4.5023E-38  4.5023E-38  4.5023E-38  4.5023E-38
  4.5024E-38  4.5024E-38  4.5024E-38  4.5024E-38  4.5024E-38
  4.5024E-38  4.5024E-38  4.5024E-38  4.5024E-38  4.5024E-38
  4.5025E-38  4.5025E-38  4.5025E-38  4.5025E-38  4.5025E-38
  4.5025E-38  4.5025E-38  4.5025E-38  4.5025E-38  4.5025E-38
  4.5006E-38  4.5006E-38  4.5006E-38  4.5006E-38  4.5006E-38
  4.5006E-38  4.5006E-38  4.5006E-38  4.5006E-38  4.5006E-38
  4.5006E-38  4.5006E-38  4.5006E-38  4.5006E-38  4.5006E-38
  4.5006E-38  4.5006E-38  4.5006E-38  4.5006E-38  4.5006E-38
  4.5005E-38  4.5005E-38  4.5005E-38  4.5005E-38  4.5005E-38
  4.5005E-38  4.5005E-38  4.5005E-38  4.5005E-38  4.5005E-38
  4.5005E-38  4.5005E-38  4.5005E-38  4.5005E-38  4.5005E-38
  4.5005E-38  4.5005E-38  4.5005E-38  4.5005E-38  4.5005E-38
  4.5006E-38  4.5006E-38  4.5006E-38  4.5006E-38  4.5006E-38
  4.5006E-38  4.5006E-38  4.5006E-38  4.5006E-38  4.5006E-38
  4.5006E-38  4.5006E-38  4.5006E-38  4.5006E-38  4.5006E-38
  4.5011E-38  4.5011E-38  4.5011E-38  4.5011E-38  4.5011E-38
  4.5021E-38  4.5021E-38  4.5021E-38  4.5021E-38  4.5021E-38
  4.5023E-38  4.5023E-38  4.5023E-38  4.5023E-38  4.5023E-38
  4.5024E-38  4.5024E-38  4.5024E-38  4.5024E-38  4.5024E-38
  4.5024E-38  4.5024E-38  4.5024E-38  4.5024E-38  4.5024E-38
  4.5025E-38  4.5025E-38  4.5025E-38  4.5025E-38  4.5025E-38
  4.5006E-38  4.5006E-38  4.5006E-38  4.5006E-38  4.5006E-38
  4.5006E-38  4.5006E-38  4.5006E-38  4.5006E-38  4.5006E-38
  4.5006E-38  4.5006E-38  4.5006E-38  4.5006E-38  4.5006E-38
  4.5006E-38  4.5006E-38  4.5006E-38  4.5006E-38  4.5006E-38
  4.5006E-38  4.5006E-38  4.5006E-38  4.5006E-38  4.5006E-38
  4.5005E-38  4.5005E-38  4.5005E-38  4.5005E-38  4.5005E-38
  4.5005E-38  4.5005E-38  4.5005E-38  4.5005E-38  4.5005E-38
  4.5005E-38  4.5005E-38  4.5005E-38  4.5005E-38  4.5005E-38
  4.5006E-38  4.5006E-38  4.5006E-38  4.5006E-38  4.5006E-38
  4.5006E-38  4.5006E-38  4.5006E-38  4.5006E-38  4.5006E-38
  4.5006E-38  4.5006E-38  4.5006E-38  4.5006E-38  4.5006E-38
  4.5006E-38  4.5006E-38  4.5006E-38  4.5006E-38  4.5006E-38
  4.5012E-38  4.5012E-38  4.5012E-38  4.5012E-38  4.5012E-38
  4.5020E-38  4.5020E-38  4.5020E-38  4.5020E-38  4.5020E-38
  4.5023E-38  4.5023E-38  4.5023E-38  4.5023E-38  4.5023E-38
  4.5024E-38  4.5024E-38  4.5024E-38  4.5024E-38  4.5024E-38
  4.5024E-38  4.5024E-38  4.5024E-38  4.5024E-38  4.5024E-38
  4.5006E-38  4.5006E-38  4.5006E-38  4.5006E-38  4.5006E-38
  4.5006E-38  4.5006E-38  4.5006E-38  4.5006E-38  4.5006E-38
  4.5006E-38  4.5006E-38  4.5006E-38  4.5006E-38  4.5006E-38
  4.5006E-38  4.5006E-38  4.5006E-38  4.5006E-38  4.5006E-38
  4.5006E-38  4.5006E-38  4.5006E-38  4.5006E-38  4.5006E-38
  4.5006E-38  4.5006E-38  4.5006E-38  4.5006E-38  4.5006E-38
  4.5006E-38  4.5006E-38  4.5006E-38  4.5006E-38  4.5006E-38
  4.5006E-38  4.5006E-38  4.5006E-38  4.5006E-38  4.5006E-38
  4.5006E-38  4.5006E-38  4.5006E-38  4.5006E-38  4.5006E-38
  4.5006E-38  4.5006E-38  4.5006E-38  4.5006E-38  4.5006E-38
  4.5006E-38  4.5006E-38  4.5006E-38  4.5006E-38  4.5006E-38
  4.5006E-38  4.5006E-38  4.5006E-38  4.5006E-38  4.5006E-38
  4.5006E-38  4.5006E-38  4.5006E-38  4.5006E-38  4.5006E-38
  4.5013E-38  4.5013E-38  4.5013E-38  4.5013E-38  4.5013E-38
  4.5021E-38  4.5021E-38  4.5021E-38  4.5021E-38  4.5021E-38
  4.5023E-38  4.5023E-38  4.5023E-38  4.5023E-38  4.5023E-38
  4.5024E-38  4.5024E-38  4.5024E-38  4.5024E-38  4.5024E-38
  4.5006E-38  4.5006E-38  4.5006E-38  4.5006E-38  4.5006E-38
  4.5006E-38  4.5006E-38  4.5006E-38  4.5006E-38  4.5006E-38
  4.5006E-38  4.5006E-38  4.5006E-38  4.5006E-38  4.5006E-38
  4.5006E-38  4.5006E-38  4.5006E-38  4.5006E-38  4.5006E-38
  4.5006E-38  4.5006E-38  4.5006E-38  4.5006E-38  4.5006E-38
  4.5006E-38  4.5006E-38  4.5006E-38  4.5006E-38  4.5006E-38
  4.5006E-38  4.5006E-38  4.5006E-38  4.5006E-38  4.5006E-38
  4.5006E-38  4.5006E-38  4.5006E-38  4.5006E-38  4.5006E-38
  4.5006E-38  4.5006E-38  4.5006E-38  4.5006E-38  4.5006E-38
  4.5006E-38  4.5006E-38  4.5006E-38  4.5006E-38  4.5006E-38
  4.5006E-38  4.5006E-38  4.5006E-38  4.5006E-38  4.5006E-38
  4.5006E-38  4.5006E-38  4.5006E-38  4.5006E-38  4.5006E-38
  4.5006E-38  4.5006E-38  4.5006E-38  4.5006E-38  4.5006E-38
  4.5006E-38  4.5006E-38  4.5006E-38  4.5006E-38  4.5006E-38
  4.5016E-38  4.5016E-38  4.5016E-38  4.5016E-38  4.5016E-38
  4.5022E-38  4.5022E-38  4.5022E-38  4.5022E-38  4.5022E-38
  4.5024E-38  4.5024E-38  4.5024E-38  4.5024E-38  4.5024E-38
  4.5024E-38  4.5024E-38  4.5024E-38  4.5024E-38  4.5024E-38
  4.5007E-38  4.5007E-38  4.5007E-38  4.5007E-38  4.5007E-38
  4.5007E-38  4.5007E-38  4.5007E-38  4.5007E-38  4.5007E-38
  4.5007E-38  4.5007E-38  4.5007E-38  4.5007E-38  4.5007E-38
  4.5006E-38  4.5006E-38  4.5006E-38  4.5006E-38  4.5006E-38
  4.5006E-38  4.5006E-38  4.5006E-38  4.5006E-38  4.5006E-38
  4.5006E-38  4.5006E-38  4.5006E-38  4.5006E-38  4.5006E-38
  4.5006E-38  4.5006E-38  4.5006E-38  4.5006E-38  4.5006E-38
  4.5006E-38  4.5006E-38  4.5006E-38  4.5006E-38  4.5006E-38
  4.5006E-38  4.5006E-38  4.5006E-38  4.5006E-38  4.5006E-38
  4.5006E-38  4.5006E-38  4.5006E-38  4.5006E-38  4.5006E-38
  4.5006E-38  4.5006E-38  4.5006E-38  4.5006E-38  4.5006E-38
  4.5006E-38  4.5006E-38  4.5006E-38  4.5006E-38  4.5006E-38
  4.5006E-38  4.5006E-38  4.5006E-38  4.5006E-38  4.5006E-38
  4.5006E-38  4.5006E-38  4.5006E-38  4.5006E-38  4.5006E-38
  4.5006E-38  4.5006E-38  4.5006E-38  4.5006E-38  4.5006E-38
  4.5017E-38  4.5017E-38  4.5017E-38  4.5017E-38  4.5017E-38
  4.5022E-38  4.5022E-38  4.5022E-38  4.5022E-38  4.5022E-38
  4.5024E-38  4.5024E-38  4.5024E-38  4.5024E-38  4.5024E-38
  4.5007E-38  4.5007E-38  4.5007E-38  4.5007E-38  4.5007E-38
  4.5006E-38  4.5006E-38  4.5006E-38  4.5006E-38  4.5006E-38
  4.5007E-38  4.5007E-38  4.5007E-38  4.5007E-38  4.5007E-38
  4.5007E-38  4.5007E-38  4.5007E-38  4.5007E-38  4.5007E-38
  4.5006E-38  4.5006E-38  4.5006E-38  4.5006E-38  4.5006E-38
  4.5006E-38  4.5006E-38  4.5006E-38  4.5006E-38  4.5006E-38
  4.5006E-38  4.5006E-38  4.5006E-38  4.5006E-38  4.5006E-38
  4.5006E-38  4.5006E-38  4.5006E-38  4.5006E-38  4.5006E-38
  4.5006E-38  4.5006E-38  4.5006E-38  4.5006E-38  4.5006E-38
  4.5006E-38  4.5006E-38  4.5006E-38  4.5006E-38  4.5006E-38
  4.5006E-38  4.5006E-38  4.5006E-38  4.5006E-38  4.5006E-38
  4.5006E-38  4.5006E-38  4.5006E-38  4.5006E-38  4.5006E-38
  4.5006E-38  4.5006E-38  4.5006E-38  4.5006E-38  4.5006E-38
  4.5006E-38  4.5006E-38  4.5006E-38  4.5006E-38  4.5006E-38
  4.5006E-38  4.5006E-38  4.5006E-38  4.5006E-38  4.5006E-38
  4.5014E-38  4.5014E-38  4.5014E-38  4.5014E-38  4.5014E-38
  4.5021E-38  4.5021E-38  4.5021E-38  4.5021E-38  4.5021E-38
  4.5023E-38  4.5023E-38  4.5023E-38  4.5023E-38  4.5023E-38
  4.5007E-38  4.5007E-38  4.5007E-38  4.5007E-38  4.5007E-38
  4.5007E-38  4.5007E-38  4.5007E-38  4.5007E-38  4.5007E-38
  4.5006E-38  4.5006E-38  4.5006E-38  4.5006E-38  4.5006E-38
  4.5007E-38  4.5007E-38  4.5007E-38  4.5007E-38  4.5007E-38
  4.5006E-38  4.5006E-38  4.5006E-38  4.5006E-38  4.5006E-38
  4.5006E-38  4.5006E-38  4.5006E-38  4.5006E-38  4.5006E-38
  4.5006E-38  4.5006E-38  4.5006E-38  4.5006E-38  4.5006E-38
  4.5006E-38  4.5006E-38  4.5006E-38  4.5006E-38  4.5006E-38
  4.5006E-38  4.5006E-38  4.5006E-38  4.5006E-38  4.5006E-38
  4.5006E-38  4.5006E-38  4.5006E-38  4.5006E-38  4.5006E-38
  4.5006E-38  4.5006E-38  4.5006E-38  4.5006E-38  4.5006E-38
  4.5006E-38  4.5006E-38  4.5006E-38  4.5006E-38  4.5006E-38
  4.5006E-38  4.5006E-38  4.5006E-38  4.5006E-38  4.5006E-38
  4.5006E-38  4.5006E-38  4.5006E-38  4.5006E-38  4.5006E-38
  4.5006E-38  4.5006E-38  4.5006E-38  4.5006E-38  4.5006E-38
  4.5009E-38  4.5009E-38  4.5009E-38  4.5009E-38  4.5009E-38
  4.5020E-38  4.5020E-38  4.5020E-38  4.5020E-38  4.5020E-38
  4.5023E-38  4.5023E-38  4.5023E-38  4.5023E-38  4.5023E-38
  4.5006E-38  4.5006E-38  4.5006E-38  4.5006E-38  4.5006E-38
  4.5007E-38  4.5007E-38  4.5007E-38  4.5007E-38  4.5007E-38
  4.5007E-38  4.5007E-38  4.5007E-38  4.5007E-38  4.5007E-38
  4.5007E-38  4.5007E-38  4.5007E-38  4.5007E-38  4.5007E-38
  4.5007E-38  4.5007E-38  4.5007E-38  4.5007E-38  4.5007E-38
  4.5006E-38  4.5006E-38  4.5006E-38  4.5006E-38  4.5006E-38
  4.5006E-38  4.5006E-38  4.5006E-38  4.5006E-38  4.5006E-38
  4.5006E-38  4.5006E-38  4.5006E-38  4.5006E-38  4.5006E-38
  4.5006E-38  4.5006E-38  4.5006E-38  4.5006E-38  4.5006E-38
  4.5006E-38  4.5006E-38  4.5006E-38  4.5006E-38  4.5006E-38
  4.5006E-38  4.5006E-38  4.5006E-38  4.5006E-38  4.5006E-38
  4.5006E-38  4.5006E-38  4.5006E-38  4.5006E-38  4.5006E-38
  4.5006E-38  4.5006E-38  4.5006E-38  4.5006E-38  4.5006E-38
  4.5006E-38  4.5006E-38  4.5006E-38  4.5006E-38  4.5006E-38
  4.5006E-38  4.5006E-38  4.5006E-38  4.5006E-38  4.5006E-38
  4.5006E-38  4.5006E-38  4.5006E-38  4.5006E-38  4.5006E-38
  4.5016E-38  4.5016E-38  4.5016E-38  4.5016E-38  4.5016E-38
  4.5022E-38  4.5022E-38  4.5022E-38  4.5022E-38  4.5022E-38
  4.5000E-38  4.5000E-38  4.5000E-38  4.5000E-38  4.5000E-38
  4.5000E-38  4.5000E-38  4.5000E-38  4.5000E-38  4.5000E-38
  4.5000E-38  4.5000E-38  4.5000E-38  4.5000E-38  4.5000E-38
  4.5000E-38  4.5000E-38  4.5000E-38  4.5000E-38  4.5000E-38
  4.5000E-38  4.5000E-38  4.5000E-38  4.5000E-38  4.5000E-38
  4.5000E-38  4.5000E-38  4.5000E-38  4.5000E-38  4.5000E-38
  4.5000E-38  4.5000E-38  4.5000E-38  4.5000E-38  4.5000E-38
  4.5000E-38  4.5000E-38  4.5000E-38  4.5000E-38  4.5000E-38
  4.5000E-38  4.5000E-38  4.5000E-38  4.5000E-38  4.5000E-38
  4.5000E-38  4.5000E-38  4.5000E-38  4.5000E-38  4.5000E-38
  4.5000E-38  4.5000E-38  4.5000E-38  4.5000E-38  4.5000E-38
  4.5000E-38  4.5000E-38  4.5000E-38  4.5000E-38  4.5000E-38
  4.5000E-38  4.5000E-38  4.5000E-38  4.5000E-38  4.5000E-38
  4.5000E-38  4.5000E-38  4.5000E-38  4.5000E-38  4.5000E-38
  4.5000E-38  4.5000E-38  4.5000E-38  4.5000E-38  4.5000E-38
  4.5000E-38  4.5000E-38  4.5000E-38  4.5000E-38  4.5000E-38
  4.5003E-38  4.5003E-38  4.5003E-38  4.5003E-38  4.5003E-38
  4.5013E-38  4.5013E-38  4.5013E-38  4.5013E-38  4.5013E-38
  4.5000E-38  4.5000E-38  4.5000E-38  4.5000E-38  4.5000E-38
  4.5000E-38  4.5000E-38  4.5000E-38  4.5000E-38  4.5000E-38
  4.5000E-38  4.5000E-38  4.5000E-38  4.5000E-38  4.5000E-38
  4.5000E-38  4.5000E-38  4.5000E-38  4.5000E-38  4.5000E-38
  4.5000E-38  4.5000E-38  4.5000E-38  4.5000E-38  4.5000E-38
  4.5000E-38  4.5000E-38  4.5000E-38  4.5000E-38  4.5000E-38
  4.5000E-38  4.5000E-38  4.5000E-38  4.5000E-38  4.5000E-38
  4.5000E-38  4.5000E-38  4.5000E-38  4.5000E-38  4.5000E-38
  4.5000E-38  4.5000E-38  4.5000E-38  4.5000E-38  4.5000E-38
  4.5000E-38  4.5000E-38  4.5000E-38  4.5000E-38  4.5000E-38
  4.5000E-38  4.5000E-38  4.5000E-38  4.5000E-38  4.5000E-38
  4.5000E-38  4.5000E-38  4.5000E-38  4.5000E-38  4.5000E-38
  4.5000E-38  4.5000E-38  4.5000E-38  4.5000E-38  4.5000E-38
  4.5000E-38  4.5000E-38  4.5000E-38  4.5000E-38  4.5000E-38
  4.5000E-38  4.5000E-38  4.5000E-38  4.5000E-38  4.5000E-38
  4.5000E-38  4.5000E-38  4.5000E-38  4.5000E-38  4.5000E-38
  4.5000E-38  4.5000E-38  4.5000E-38  4.5000E-38  4.5000E-38
  4.5009E-38  4.5009E-38  4.5009E-38  4.5009E-38  4.5009E-38
  4.5000E-38  4.5000E-38  4.5000E-38  4.5000E-38  4.5000E-38
  4.5000E-38  4.5000E-38  4.5000E-38  4.5000E-38  4.5000E-38
  4.5000E-38  4.5000E-38  4.5000E-38  4.5000E-38  4.5000E-38
  4.5000E-38  4.5000E-38  4.5000E-38  4.5000E-38  4.5000E-38
  4.5000E-38  4.5000E-38  4.5000E-38  4.5000E-38  4.5000E-38
  4.5000E-38  4.5000E-38  4.5000E-38  4.5000E-38  4.5000E-38
  4.5000E-38  4.5000E-38  4.5000E-38  4.5000E-38  4.5000E-38
  4.5000E-38  4.5000E-38  4.5000E-38  4.5000E-38  4.5000E-38
  4.5000E-38  4.5000E-38  4.5000E-38  4.5000E-38  4.5000E-38
  4.5000E-38  4.5000E-38  4.5000E-38  4.5000E-38  4.5000E-38
  4.5000E-38  4.5000E-38  4.5000E-38  4.5000E-38  4.5000E-38
  4.5000E-38  4.5000E-38  4.5000E-38  4.5000E-38  4.5000E-38
  4.5000E-38  4.5000E-38  4.5000E-38  4.5000E-38  4.5000E-38
  4.5000E-38  4.5000E-38  4.5000E-38  4.5000E-38  4.5000E-38
  4.5000E-38  4.5000E-38  4.5000E-38  4.5000E-38  4.5000E-38
  4.5000E-38  4.5000E-38  4.5000E-38  4.5000E-38  4.5000E-38
  4.5000E-38  4.5000E-38  4.5000E-38  4.5000E-38  4.5000E-38
  4.5003E-38  4.5003E-38  4.5003E-38  4.5003E-38  4.5003E-38
  4.5000E-38  4.5000E-38  4.5000E-38  4.5000E-38  4.5000E-38
  4.5000E-38  4.5000E-38  4.5000E-38  4.5000E-38  4.5000E-38
  4.5000E-38  4.5000E-38  4.5000E-38  4.5000E-38  4.5000E-38
  4.5000E-38  4.5000E-38  4.5000E-38  4.5000E-38  4.5000E-38
  4.5000E-38  4.5000E-38  4.5000E-38  4.5000E-38  4.5000E-38
  4.5000E-38  4.5000E-38  4.5000E-38  4.5000E-38  4.5000E-38
  4.5000E-38  4.5000E-38  4.5000E-38  4.5000E-38  4.5000E-38
  4.5000E-38  4.5000E-38  4.5000E-38  4.5000E-38  4.5000E-38
  4.5000E-38  4.5000E-38  4.5000E-38  4.5000E-38  4.5000E-38
  4.5000E-38  4.5000E-38  4.5000E-38  4.5000E-38  4.5000E-38
  4.5000E-38  4.5000E-38  4.5000E-38  4.5000E-38  4.5000E-38
  4.5000E-38  4.5000E-38  4.5000E-38  4.5000E-38  4.5000E-38
  4.5000E-38  4.5000E-38  4.5000E-38  4.5000E-38  4.5000E-38
  4.5000E-38  4.5000E-38  4.5000E-38  4.5000E-38  4.5000E-38
  4.5000E-38  4.5000E-38  4.5000E-38  4.5000E-38  4.5000E-38
  4.5000E-38  4.5000E-38  4.5000E-38  4.5000E-38  4.5000E-38
  4.5000E-38  4.5000E-38  4.5000E-38  4.5000E-38  4.5000E-38
  4.5000E-38  4.5000E-38  4.5000E-38  4.5000E-38  4.5000E-38
  4.5000E-38  4.5000E-38  4.5000E-38  4.5000E-38  4.5000E-38
  4.5000E-38  4.5000E-38  4.5000E-38  4.5000E-38  4.5000E-38
  4.5000E-38  4.5000E-38  4.5000E-38  4.5000E-38  4.5000E-38
  4.5000E-38  4.5000E-38  4.5000E-38  4.5000E-38  4.5000E-38
  4.5000E-38  4.5000E-38  4.5000E-38  4.5000E-38  4.5000E-38
  4.5000E-38  4.5000E-38  4.5000E-38  4.5000E-38  4.5000E-38
  4.5000E-38  4.5000E-38  4.5000E-38  4.5000E-38  4.5000E-38
  4.5000E-38  4.5000E-38  4.5000E-38  4.5000E-38  4.5000E-38
  4.5000E-38  4.5000E-38  4.5000E-38  4.5000E-38  4.5000E-38
  4.5000E-38  4.5000E-38  4.5000E-38  4.5000E-38  4.5000E-38
  4.5000E-38  4.5000E-38  4.5000E-38  4.5000E-38  4.5000E-38
  4.5000E-38  4.5000E-38  4.5000E-38  4.5000E-38  4.5000E-38
  4.5000E-38  4.5000E-38  4.5000E-38  4.5000E-38  4.5000E-38
  4.5000E-38  4.5000E-38  4.5000E-38  4.5000E-38  4.5000E-38
  4.5000E-38  4.5000E-38  4.5000E-38  4.5000E-38  4.5000E-38
  4.5000E-38  4.5000E-38  4.5000E-38  4.5000E-38  4.5000E-38
  4.5000E-38  4.5000E-38  4.5000E-38  4.5000E-38  4.5000E-38
  4.5000E-38  4.5000E-38  4.5000E-38  4.5000E-38  4.5000E-38
  4.5000E-38  4.5000E-38  4.5000E-38  4.5000E-38  4.5000E-38
  4.5000E-38  4.5000E-38  4.5000E-38  4.5000E-38  4.5000E-38
  4.5000E-38  4.5000E-38  4.5000E-38  4.5000E-38  4.5000E-38
  4.5000E-38  4.5000E-38  4.5000E-38  4.5000E-38  4.5000E-38
  4.5000E-38  4.5000E-38  4.5000E-38  4.5000E-38  4.5000E-38
  4.5001E-38  4.5001E-38  4.5001E-38  4.5001E-38  4.5001E-38
  4.5000E-38  4.5000E-38  4.5000E-38  4.5000E-38  4.5000E-38
  4.5000E-38  4.5000E-38  4.5000E-38  4.5000E-38  4.5000E-38
  4.5000E-38  4.5000E-38  4.5000E-38  4.5000E-38  4.5000E-38
  4.5000E-38  4.5000E-38  4.5000E-38  4.5000E-38  4.5000E-38
  4.5000E-38  4.5000E-38  4.5000E-38  4.5000E-38  4.5000E-38
  4.5000E-38  4.5000E-38  4.5000E-38  4.5000E-38  4.5000E-38
  4.5000E-38  4.5000E-38  4.5000E-38  4.5000E-38  4.5000E-38
  4.5000E-38  4.5000E-38  4.5000E-38  4.5000E-38  4.5000E-38
  4.5000E-38  4.5000E-38  4.5000E-38  4.5000E-38  4.5000E-38
  4.5000E-38  4.5000E-38  4.5000E-38  4.5000E-38  4.5000E-38
  4.5000E-38  4.5000E-38  4.5000E-38  4.5000E-38  4.5000E-38
  4.5000E-38  4.5000E-38  4.5000E-38  4.5000E-38  4.5000E-38
  4.5000E-38  4.5000E-38  4.5000E-38  4.5000E-38  4.5000E-38
  4.5000E-38  4.5000E-38  4.5000E-38  4.5000E-38  4.5000E-38
  4.5000E-38  4.5000E-38  4.5000E-38  4.5000E-38  4.5000E-38
  4.5000E-38  4.5000E-38  4.5000E-38  4.5000E-38  4.5000E-38
  4.5000E-38  4.5000E-38  4.5000E-38  4.5000E-38  4.5000E-38
  4.5000E-38  4.5000E-38  4.5000E-38  4.5000E-38  4.5000E-38
  4.5000E-38  4.5000E-38  4.5000E-38  4.5000E-38  4.5000E-38
  4.5000E-38  4.5000E-38  4.5000E-38  4.5000E-38  4.5000E-38
  4.5000E-38  4.5000E-38  4.5000E-38  4.5000E-38  4.5000E-38
  4.5000E-38  4.5000E-38  4.5000E-38  4.5000E-38  4.5000E-38
  4.5000E-38  4.5000E-38  4.5000E-38  4.5000E-38  4.5000E-38
  4.5000E-38  4.5000E-38  4.5000E-38  4.5000E-38  4.5000E-38
  4.5000E-38  4.5000E-38  4.5000E-38  4.5000E-38  4.5000E-38
  4.5000E-38  4.5000E-38  4.5000E-38  4.5000E-38  4.5000E-38
  4.5000E-38  4.5000E-38  4.5000E-38  4.5000E-38  4.5000E-38
  4.5000E-38  4.5000E-38  4.5000E-38  4.5000E-38  4.5000E-38
  4.5000E-38  4.5000E-38  4.5000E-38  4.5000E-38  4.5000E-38
  4.5000E-38  4.5000E-38  4.5000E-38  4.5000E-38  4.5000E-38
  4.5003E-38  1.7958E-21  1.8358E-30  2.1571E-29  9.0964E-30
  4.5003E-38  5.9866E-22  3.1017E-31  3.6445E-30  1.5369E-30
  4.5003E-38  1.7961E-22  4.6586E-32  5.4740E-31  2.3083E-31
  4.5003E-38  5.9873E-23  8.5340E-33  1.0028E-31  4.2286E-32
  4.5003E-38  1.7962E-23  1.3585E-33  1.5963E-32  6.7314E-33
  4.5002E-38  5.9874E-24  2.5712E-34  3.0213E-33  1.2741E-33
  4.5003E-38  1.7962E-24  4.1810E-35  4.9129E-34  2.0717E-34
  4.5003E-38  5.9874E-25  8.0031E-36  9.4039E-35  3.9656E-35
  4.5003E-38  1.7962E-25  1.3106E-36  1.5400E-35  6.4942E-36
  4.5002E-38  5.9872E-26  2.5179E-37  2.9587E-36  1.2477E-36
  4.5002E-38  1.7962E-26  4.5002E-38  4.8565E-37  2.0479E-37
  4.5002E-38  5.9872E-27  4.5002E-38  9.3412E-38  4.5002E-38
  4.5002E-38  1.7962E-27  4.5002E-38  4.5002E-38  4.5002E-38
  4.5002E-38  5.9872E-28  4.5002E-38  4.5002E-38  4.5002E-38
  4.5002E-38  1.7962E-28  4.5002E-38  4.5002E-38  4.5002E-38
  4.5002E-38  5.9872E-29  4.5002E-38  4.5002E-38  4.5002E-38
  4.5002E-38  1.7962E-29  4.5002E-38  4.5002E-38  4.5002E-38
  4.5002E-38  5.9872E-30  4.5002E-38  4.5002E-38  4.5002E-38
  4.1954E-35  2.4603E-19  7.2898E-27  7.2467E-26  1.3545E-26
  8.0742E-36  8.2020E-20  1.0282E-27  1.0221E-26  4.5139E-27
  1.3267E-36  2.4609E-20  1.3090E-28  1.3012E-27  5.7465E-28
  2.5533E-37  8.2039E-21  2.1442E-29  2.1315E-28  9.4135E-29
  4.5003E-38  2.4613E-21  3.1427E-30  3.1241E-29  1.3797E-29
  4.5003E-38  8.2050E-22  5.6730E-31  5.6395E-30  2.4905E-30
  4.5003E-38  2.4616E-22  8.9409E-32  8.8882E-31  3.9253E-31
  4.5003E-38  8.2052E-23  1.6831E-32  1.6732E-31  7.3895E-32
  4.5002E-38  2.4615E-23  2.7275E-33  2.7113E-32  1.1975E-32
  4.5003E-38  8.2051E-24  5.2115E-34  5.1807E-33  2.2879E-33
  4.5002E-38  2.4615E-24  8.5253E-35  8.4749E-34  3.7428E-34
  4.5002E-38  8.2051E-25  1.6370E-35  1.6273E-34  7.1865E-35
  4.5002E-38  2.4615E-25  2.6859E-36  2.6700E-35  1.1792E-35
  4.5002E-38  8.2052E-26  5.1654E-37  5.1349E-36  2.2677E-36
  4.5002E-38  2.4615E-26  8.4838E-38  8.4337E-37  3.7246E-37
  4.5002E-38  8.2052E-27  4.5002E-38  1.6227E-37  7.1663E-38
  4.5002E-38  2.4615E-27  4.5002E-38  4.5002E-38  4.5002E-38
  4.5002E-38  8.2052E-28  4.5002E-38  4.5002E-38  4.5002E-38
  1.1400E-31  1.9375E-17  1.6763E-23  1.4359E-22  1.2477E-24
  2.1939E-32  6.4587E-18  2.0533E-24  1.7589E-23  4.5849E-25
  3.6050E-33  1.9378E-18  2.1833E-25  1.8702E-24  1.6251E-25
  6.9379E-34  6.4602E-19  3.0289E-26  2.5947E-25  6.7634E-26
  1.1400E-34  1.9383E-19  3.7862E-27  3.2433E-26  1.4919E-26
  2.1939E-35  6.4617E-20  6.1134E-28  5.2368E-27  2.4088E-27
  3.6050E-36  1.9387E-20  8.8540E-29  7.5845E-28  3.4887E-28
  6.9377E-37  6.4626E-21  1.5866E-29  1.3591E-28  6.2516E-29
  1.1400E-37  1.9388E-21  2.4879E-30  2.1311E-29  9.8026E-30
  4.5003E-38  6.4628E-22  4.6704E-31  4.0006E-30  1.8402E-30
  4.5002E-38  1.9388E-22  7.5549E-32  6.4717E-31  2.9768E-31
  4.5002E-38  6.4628E-23  1.4422E-32  1.2354E-31  5.6826E-32
  4.5002E-38  1.9388E-23  2.3578E-33  2.0198E-32  9.2905E-33
  4.5002E-38  6.4628E-24  4.5259E-34  3.8770E-33  1.7833E-33
  4.5002E-38  1.9388E-24  7.4250E-35  6.3604E-34  2.9257E-34
  4.5002E-38  6.4628E-25  1.4278E-35  1.2231E-34  5.6257E-35
  4.5002E-38  1.9388E-25  2.3448E-36  2.0087E-35  9.2394E-36
  4.5002E-38  6.4628E-26  4.5115E-37  3.8647E-36  1.7777E-36
  1.3416E-28  9.5754E-16  2.0101E-20  7.2236E-20  8.4578E-23
  2.5820E-29  3.1919E-16  2.3146E-21  1.7353E-20  2.9218E-23
  4.2426E-30  9.5762E-17  2.2259E-22  1.6688E-21  9.3661E-24
  8.1649E-31  3.1923E-17  2.7301E-23  2.0467E-22  3.4461E-24
  1.3416E-31  9.5779E-18  2.9085E-24  2.1804E-23  1.2238E-24
  2.5820E-32  3.1930E-18  4.0433E-25  3.0313E-24  5.1039E-25
  4.2425E-33  9.5803E-19  5.0660E-26  3.7979E-25  1.8112E-25
  8.1648E-34  3.1938E-19  8.1951E-27  6.1438E-26  2.9299E-26
  1.3416E-34  9.5820E-20  1.1888E-27  8.9119E-27  4.2499E-27
  2.5818E-35  3.1941E-20  2.1322E-28  1.5985E-27  7.6230E-28
  4.2421E-36  9.5824E-21  3.3456E-29  2.5081E-28  1.1961E-28
  8.1639E-37  3.1942E-21  6.2830E-30  4.7105E-29  2.2463E-29
  1.3415E-37  9.5827E-22  1.0167E-30  7.6216E-30  3.6346E-30
  4.5002E-38  3.1943E-22  1.9410E-31  1.4551E-30  6.9393E-31
  4.5002E-38  9.5828E-23  3.1736E-32  2.3792E-31  1.1346E-31
  4.5002E-38  3.1943E-23  6.0919E-33  4.5671E-32  2.1779E-32
  4.5002E-38  9.5828E-24  9.9943E-34  7.4927E-33  3.5731E-33
  4.5002E-38  3.1943E-24  1.9218E-34  1.4408E-33  6.8709E-34
  7.7529E-26  3.1859E-14  1.2428E-17  2.8157E-18  3.9606E-21
  1.4920E-26  1.0620E-14  1.3996E-18  9.5128E-19  1.3381E-21
  2.4515E-27  3.1859E-15  1.2926E-19  2.9286E-19  4.1193E-22
  4.7181E-28  1.0620E-15  1.4955E-20  9.9428E-20  1.4298E-22
  7.7527E-29  3.1862E-16  1.4503E-21  9.6419E-21  4.6219E-23
  1.4920E-29  1.0622E-16  1.7989E-22  1.1960E-21  1.7199E-23
  2.4515E-30  3.1868E-17  1.9487E-23  1.2956E-22  6.2106E-24
  4.7181E-31  1.0624E-17  2.7582E-24  1.8337E-23  2.6371E-24
  7.7525E-32  3.1875E-18  3.5247E-25  2.3433E-24  1.1233E-24
  1.4919E-32  1.0626E-18  5.7907E-26  3.8498E-25  1.8960E-25
  2.4514E-33  3.1880E-19  8.5070E-27  5.6558E-26  2.7855E-26
  4.7177E-34  1.0627E-19  1.5379E-27  1.0225E-26  5.0355E-27
  7.7518E-35  3.1882E-20  2.4262E-28  1.6131E-27  7.9442E-28
  1.4919E-35  1.0628E-20  4.5700E-29  3.0384E-28  1.4964E-28
  2.4513E-36  3.1883E-21  7.4085E-30  4.9255E-29  2.4257E-29
  4.7177E-37  1.0628E-21  1.4159E-30  9.4131E-30  4.6359E-30
  7.7518E-38  3.1884E-22  2.3163E-31  1.5400E-30  7.5845E-31
  4.5002E-38  1.0628E-22  4.4479E-32  2.9572E-31  1.4564E-31
  5.2918E-19  1.8346E-10  1.6907E-11  2.5526E-14  5.6571E-17
  1.0194E-19  6.1149E-11  5.6435E-12  8.5202E-15  1.8882E-17
  1.6761E-20  1.8341E-11  1.0395E-12  2.5617E-15  5.6767E-18
  3.2260E-21  6.1131E-12  1.1589E-13  8.5686E-16  1.8988E-18
  5.3016E-22  1.8339E-12  1.0503E-14  2.5886E-16  5.7362E-19
  1.0204E-22  6.1130E-13  1.1801E-15  8.7256E-17  1.9336E-19
  1.6768E-23  1.8339E-13  1.0852E-16  2.6746E-17  5.9269E-20
  3.2270E-24  6.1133E-14  1.2473E-17  9.2221E-18  2.0436E-20
  5.3026E-25  1.8341E-14  1.1955E-18  2.9465E-18  6.5295E-21
  1.0205E-25  6.1139E-15  1.4596E-19  7.2022E-19  2.3915E-21
  1.6768E-26  1.8344E-15  1.5443E-20  7.6204E-20  8.4346E-22
  3.2269E-27  6.1151E-16  2.1306E-21  1.0514E-20  3.4913E-22
  5.3022E-28  1.8347E-16  2.6469E-22  1.3062E-21  1.4458E-22
  1.0204E-28  6.1164E-17  4.2525E-23  2.0984E-22  6.9684E-23
  1.6767E-29  1.8351E-17  6.1334E-24  3.0266E-23  1.6127E-23
  3.2268E-30  6.1173E-18  1.0963E-24  5.4093E-24  2.8823E-24
  5.3022E-31  1.8353E-18  1.7158E-25  8.4668E-25  4.5114E-25
  1.0204E-31  6.1177E-19  3.2179E-26  1.5879E-25  8.4610E-26
  7.4535E-15  1.3820E-07  1.2625E-08  1.9753E-11  6.7425E-14
  2.4894E-15  4.6157E-08  5.1702E-09  7.9876E-12  2.5938E-14
  7.4735E-16  1.3857E-08  1.7162E-09  2.6361E-12  8.3745E-15
  2.4915E-16  4.6196E-09  5.9204E-10  9.0761E-13  2.8633E-15
  7.4738E-17  1.3858E-09  1.8001E-10  2.7577E-13  8.6776E-16
  1.7842E-17  4.6186E-10  6.0320E-11  9.2389E-14  2.9052E-16
  2.9400E-18  1.3855E-10  1.8180E-11  2.7845E-14  8.7531E-17
  5.6667E-19  4.6185E-11  2.3271E-12  9.3364E-15  2.9348E-17
  9.3201E-20  1.3856E-11  2.1166E-13  2.8307E-15  8.8976E-18
  1.7945E-20  4.6186E-12  2.3914E-14  9.5949E-16  3.0160E-18
  2.9496E-21  1.3856E-12  2.2221E-15  2.9718E-16  9.3411E-19
  5.6771E-22  4.6188E-13  2.5945E-16  1.0410E-16  3.2719E-19
  9.3291E-23  1.3857E-13  2.5555E-17  3.4178E-17  1.0743E-19
  1.7954E-23  4.6193E-14  3.2360E-18  1.2691E-17  4.0812E-20
  2.9502E-24  1.3860E-14  3.6097E-19  1.4157E-18  1.5175E-20
  5.6777E-25  4.6205E-15  5.2648E-20  2.0648E-19  6.6400E-21
  9.3295E-26  1.3863E-15  6.9431E-21  2.7229E-20  2.9189E-21
  1.7955E-26  4.6214E-16  1.1680E-21  4.5805E-21  1.4730E-21
  4.6456E-13  1.7622E-06  6.2296E-08  1.0715E-10  7.6666E-13
  3.3997E-13  1.7622E-06  6.2271E-08  1.0712E-10  7.6622E-13
  2.2652E-13  1.7621E-06  6.2232E-08  1.0706E-10  7.6562E-13
  1.2953E-13  8.4875E-07  4.5469E-08  7.5971E-11  4.4891E-13
  6.4215E-14  2.5764E-07  2.3466E-08  3.7775E-11  1.8394E-13
  2.8211E-14  8.6181E-08  1.0847E-08  1.7102E-11  7.6037E-14
  8.4727E-15  2.5884E-08  3.9465E-09  6.1536E-12  2.6155E-14
  2.8250E-15  8.6303E-09  1.4196E-09  2.2043E-12  9.2226E-15
  8.4760E-16  2.5894E-09  4.4018E-10  6.8233E-13  2.8376E-15
  2.4959E-16  8.6315E-10  1.4872E-10  2.3040E-13  9.5645E-16
  4.1288E-17  2.5894E-10  3.1879E-11  6.9916E-14  2.9005E-16
  7.9732E-18  8.6317E-11  3.5887E-12  2.3617E-14  9.7960E-17
  1.3129E-18  2.5896E-11  3.3067E-13  7.2550E-15  3.0089E-17
  2.5294E-19  8.6319E-12  3.8117E-14  2.5090E-15  1.0406E-17
  4.1588E-20  2.5896E-12  3.6726E-15  8.0584E-16  3.3421E-18
  8.0062E-21  8.6328E-13  4.5161E-16  2.9728E-16  1.2329E-18
  1.3158E-21  2.5901E-13  4.8301E-17  1.0599E-16  4.3954E-19
  2.5325E-22  8.6348E-14  6.7434E-18  2.2041E-17  1.8410E-19
  2.3641E-12  1.7584E-06  6.7949E-08  1.1858E-10  1.1299E-12
  2.2103E-12  1.7577E-06  6.7769E-08  1.1823E-10  1.1239E-12
  1.9753E-12  1.7573E-06  6.7649E-08  1.1800E-10  1.1200E-12
  1.6941E-12  1.7571E-06  6.7574E-08  1.1787E-10  1.1177E-12
  1.3346E-12  1.7569E-06  6.7502E-08  1.1775E-10  1.1157E-12
  1.0023E-12  1.7568E-06  6.7421E-08  1.1763E-10  1.1138E-12
  6.7654E-13  1.7190E-06  6.6757E-08  1.1643E-10  1.0934E-12
  3.4177E-13  5.8548E-07  4.2077E-08  7.0448E-11  5.0178E-13
  1.5914E-13  1.7707E-07  2.1069E-08  3.4117E-11  2.0404E-13
  7.8258E-14  5.9171E-08  9.5230E-09  1.5136E-11  8.3517E-14
  2.5294E-14  1.7767E-08  3.4188E-09  5.3786E-12  2.8540E-14
  8.4340E-15  5.9241E-09  1.2262E-09  1.9216E-12  1.0059E-14
  2.5305E-15  1.7774E-09  3.8150E-10  5.9686E-13  3.1081E-15
  5.7228E-16  5.9249E-10  8.5307E-11  2.0350E-13  1.0581E-15
  9.4835E-17  1.7775E-10  7.8770E-12  6.2690E-14  3.2576E-16
  1.8330E-17  5.9250E-11  9.0748E-13  2.1673E-14  1.1261E-16
  3.0200E-18  1.7776E-11  8.7298E-14  6.9507E-15  3.6110E-17
  5.8197E-19  5.9257E-12  1.0711E-14  2.5584E-15  1.3291E-17
  9.6066E-12  1.7814E-06  8.1828E-08  1.4680E-10  2.1372E-12
  8.5064E-12  1.7709E-06  7.8626E-08  1.4030E-10  1.9399E-12
  7.7613E-12  1.7630E-06  7.6329E-08  1.3569E-10  1.8113E-12
  7.2940E-12  1.7584E-06  7.5033E-08  1.3310E-10  1.7431E-12
  6.8557E-12  1.7553E-06  7.4179E-08  1.3141E-10  1.6998E-12
  6.4160E-12  1.7536E-06  7.3713E-08  1.3050E-10  1.6770E-12
  5.7953E-12  1.7525E-06  7.3393E-08  1.2989E-10  1.6619E-12
  5.0450E-12  1.7518E-06  7.3180E-08  1.2950E-10  1.6527E-12
  3.9603E-12  1.7513E-06  7.2911E-08  1.2908E-10  1.6428E-12
  2.7622E-12  1.7506E-06  7.2387E-08  1.2832E-10  1.6256E-12
  1.6691E-12  1.5764E-06  6.8961E-08  1.2210E-10  1.4839E-12
  8.6378E-13  5.3606E-07  4.4106E-08  7.5101E-11  6.9127E-13
  4.1993E-13  1.6206E-07  2.2547E-08  3.7101E-11  2.8537E-13
  2.0935E-13  5.4145E-08  1.0423E-08  1.6810E-11  1.1883E-13
  9.0570E-14  1.6258E-08  3.8468E-09  6.1305E-12  4.1551E-14
  3.7634E-14  5.4207E-09  1.4133E-09  2.2406E-12  1.4959E-14
  1.1292E-14  1.6264E-09  3.0984E-10  7.1794E-13  4.7648E-15
  2.2500E-15  5.4217E-10  3.6039E-11  2.5133E-13  1.6649E-15
  8.7180E-11  1.8470E-06  1.1064E-07  2.0860E-10  6.6684E-12
  5.8451E-11  1.8353E-06  1.0564E-07  1.9755E-10  5.4689E-12
  3.9963E-11  1.8192E-06  9.9348E-08  1.8389E-10  4.3599E-12
  3.0128E-11  1.8031E-06  9.3641E-08  1.7172E-10  3.6075E-12
  2.3784E-11  1.7862E-06  8.8247E-08  1.6042E-10  3.0471E-12
  2.0335E-11  1.7734E-06  8.4495E-08  1.5268E-10  2.7212E-12
  1.7959E-11  1.7631E-06  8.1655E-08  1.4688E-10  2.5023E-12
  1.6424E-11  1.7568E-06  7.9982E-08  1.4350E-10  2.3835E-12
  1.4929E-11  1.7524E-06  7.8830E-08  1.4121E-10  2.3064E-12
  1.3298E-11  1.7498E-06  7.8134E-08  1.3987E-10  2.2627E-12
  1.0477E-11  1.7479E-06  7.7416E-08  1.3862E-10  2.2236E-12
  7.4295E-12  1.7459E-06  7.6489E-08  1.3716E-10  2.1803E-12
  4.9213E-12  1.7429E-06  7.5116E-08  1.3508E-10  2.1209E-12
  3.2622E-12  1.7387E-06  7.3237E-08  1.3228E-10  2.0437E-12
  1.6692E-12  5.8181E-07  4.7830E-08  8.3259E-11  9.6135E-13
  8.8293E-13  1.9547E-07  2.6893E-08  4.5313E-11  4.3719E-13
  4.2521E-13  5.8816E-08  1.2097E-08  1.9870E-11  1.7254E-13
  2.0712E-13  1.9624E-08  5.1147E-09  8.2825E-12  6.8738E-14
  7.3200E-10  1.8666E-06  1.2022E-07  2.2935E-10  9.9044E-12
  5.1793E-10  1.8643E-06  1.1926E-07  2.2766E-10  9.8947E-12
  3.3633E-10  1.8601E-06  1.1746E-07  2.2387E-10  9.3541E-12
  2.2156E-10  1.8539E-06  1.1489E-07  2.1818E-10  8.4589E-12
  1.4077E-10  1.8436E-06  1.1082E-07  2.0916E-10  7.2166E-12
  9.5629E-11  1.8307E-06  1.0605E-07  1.9867E-10  6.0576E-12
  6.5792E-11  1.8135E-06  1.0019E-07  1.8594E-10  4.9634E-12
  4.9319E-11  1.7968E-06  9.4979E-08  1.7484E-10  4.2077E-12
  3.7873E-11  1.7799E-06  9.0156E-08  1.6473E-10  3.6377E-12
  3.0557E-11  1.7674E-06  8.6846E-08  1.5789E-10  3.3026E-12
  2.3445E-11  1.7575E-06  8.4316E-08  1.5275E-10  3.0735E-12
  1.5721E-11  1.7513E-06  8.2649E-08  1.4949E-10  2.9381E-12
  8.6137E-12  1.7459E-06  8.1007E-08  1.4653E-10  2.8228E-12
  5.2083E-12  1.7411E-06  7.9481E-08  1.4396E-10  2.7291E-12
  3.0433E-12  1.7348E-06  7.7361E-08  1.4058E-10  2.6127E-12
  1.8300E-12  1.7261E-06  7.4480E-08  1.3608E-10  2.4664E-12
  1.0133E-12  1.0648E-06  6.0958E-08  1.1038E-10  1.7157E-12
  5.7394E-13  3.5993E-07  3.7588E-08  6.5824E-11  8.1467E-13
  1.5705E-09  1.8691E-06  1.2054E-07  2.2405E-10  7.1465E-12
  1.4398E-09  1.8689E-06  1.2083E-07  2.2772E-10  8.5532E-12
  1.2405E-09  1.8682E-06  1.2081E-07  2.2955E-10  9.6519E-12
  1.0163E-09  1.8669E-06  1.2045E-07  2.2972E-10  1.0187E-11
  7.5671E-10  1.8645E-06  1.1959E-07  2.2839E-10  1.0271E-11
  5.4295E-10  1.8607E-06  1.1822E-07  2.2558E-10  9.9183E-12
  3.6013E-10  1.8541E-06  1.1580E-07  2.2029E-10  9.1137E-12
  2.4369E-10  1.8450E-06  1.1255E-07  2.1311E-10  8.0997E-12
  1.6088E-10  1.8310E-06  1.0785E-07  2.0278E-10  6.8771E-12
  1.1382E-10  1.8150E-06  1.0289E-07  1.9199E-10  5.8464E-12
  8.1506E-11  1.7960E-06  9.7435E-08  1.8033E-10  4.9439E-12
  6.1172E-11  1.7796E-06  9.3064E-08  1.7115E-10  4.3509E-12
  4.0972E-11  1.7644E-06  8.9169E-08  1.6321E-10  3.9045E-12
  2.6085E-11  1.7530E-06  8.6259E-08  1.5753E-10  3.6199E-12
  1.6358E-11  1.7422E-06  8.3539E-08  1.5251E-10  3.3912E-12
  1.0556E-11  1.7319E-06  8.0978E-08  1.4808E-10  3.2068E-12
  6.2884E-12  1.7170E-06  7.7330E-08  1.4206E-10  2.9770E-12
  3.8104E-12  1.6960E-06  7.2532E-08  1.3425E-10  2.7038E-12
  1.7630E-09  1.8687E-06  1.1589E-07  1.9227E-10  3.2231E-12
  1.7366E-09  1.8690E-06  1.1832E-07  2.0820E-10  4.6940E-12
  1.6870E-09  1.8691E-06  1.1981E-07  2.1914E-10  6.4860E-12
  1.6125E-09  1.8690E-06  1.2050E-07  2.2497E-10  8.0245E-12
  1.4904E-09  1.8685E-06  1.2080E-07  2.2843E-10  9.3506E-12
  1.3293E-09  1.8677E-06  1.2073E-07  2.2973E-10  1.0131E-11
  1.1027E-09  1.8660E-06  1.2028E-07  2.2961E-10  1.0517E-11
  8.6946E-10  1.8633E-06  1.1941E-07  2.2811E-10  1.0470E-11
  6.2495E-10  1.8582E-06  1.1776E-07  2.2468E-10  1.0012E-11
  4.4123E-10  1.8510E-06  1.1540E-07  2.1951E-10  9.2609E-12
  2.9456E-10  1.8391E-06  1.1168E-07  2.1134E-10  8.1810E-12
  2.0424E-10  1.8244E-06  1.0735E-07  2.0188E-10  7.1201E-12
  1.3595E-10  1.8051E-06  1.0202E-07  1.9041E-10  6.0590E-12
  8.8125E-11  1.7862E-06  9.7084E-08  1.8011E-10  5.2695E-12
  5.4179E-11  1.7657E-06  9.2103E-08  1.7004E-10  4.6189E-12
  3.6260E-11  1.7477E-06  8.8144E-08  1.6235E-10  4.1892E-12
  2.2976E-11  1.7271E-06  8.3954E-08  1.5465E-10  3.8121E-12
  1.4626E-11  1.7034E-06  7.9532E-08  1.4695E-10  3.4793E-12
  1.7899E-09  1.8651E-06  9.8098E-08  1.2123E-10  1.1196E-12
  1.7859E-09  1.8671E-06  1.0748E-07  1.5471E-10  1.8874E-12
  1.7760E-09  1.8682E-06  1.1373E-07  1.8390E-10  3.1154E-12
  1.7590E-09  1.8688E-06  1.1705E-07  2.0262E-10  4.5748E-12
  1.7260E-09  1.8690E-06  1.1912E-07  2.1581E-10  6.3723E-12
  1.6750E-09  1.8689E-06  1.2013E-07  2.2302E-10  7.9370E-12
  1.5839E-09  1.8685E-06  1.2065E-07  2.2745E-10  9.3130E-12
  1.4651E-09  1.8679E-06  1.2074E-07  2.2939E-10  1.0157E-11
  1.2796E-09  1.8663E-06  1.2047E-07  2.2984E-10  1.0635E-11
  1.0690E-09  1.8638E-06  1.1980E-07  2.2889E-10  1.0703E-11
  8.1590E-10  1.8591E-06  1.1845E-07  2.2621E-10  1.0404E-11
  6.0008E-10  1.8521E-06  1.1644E-07  2.2191E-10  9.8110E-12
  4.0630E-10  1.8405E-06  1.1316E-07  2.1477E-10  8.8685E-12
  2.6622E-10  1.8254E-06  1.0908E-07  2.0597E-10  7.8493E-12
  1.5411E-10  1.8037E-06  1.0355E-07  1.9430E-10  6.7181E-12
  9.7374E-11  1.7798E-06  9.8090E-08  1.8310E-10  5.8223E-12
  6.1630E-11  1.7502E-06  9.2173E-08  1.7135E-10  5.0419E-12
  4.0240E-11  1.7185E-06  8.6685E-08  1.6095E-10  4.4627E-12
  1.7847E-09  1.8506E-06  5.7244E-08  4.7049E-11  3.2896E-13
  1.7894E-09  1.8590E-06  7.8042E-08  7.8685E-11  6.4451E-13
  1.7902E-09  1.8640E-06  9.5265E-08  1.1819E-10  1.2314E-12
  1.7873E-09  1.8664E-06  1.0566E-07  1.5224E-10  2.0690E-12
  1.7788E-09  1.8679E-06  1.1266E-07  1.8217E-10  3.3840E-12
  1.7640E-09  1.8686E-06  1.1642E-07  2.0147E-10  4.9048E-12
  1.7350E-09  1.8688E-06  1.1876E-07  2.1512E-10  6.7179E-12
  1.6898E-09  1.8687E-06  1.1992E-07  2.2260E-10  8.2444E-12
  1.6080E-09  1.8683E-06  1.2053E-07  2.2720E-10  9.5484E-12
  1.4939E-09  1.8674E-06  1.2066E-07  2.2923E-10  1.0330E-11
  1.3296E-09  1.8656E-06  1.2040E-07  2.2975E-10  1.0767E-11
  1.1289E-09  1.8625E-06  1.1975E-07  2.2884E-10  1.0828E-11
  8.7956E-10  1.8569E-06  1.1838E-07  2.2618E-10  1.0550E-11
  6.4247E-10  1.8484E-06  1.1631E-07  2.2182E-10  9.9916E-12
  3.9409E-10  1.8336E-06  1.1273E-07  2.1425E-10  9.0603E-12
  2.3609E-10  1.8133E-06  1.0808E-07  2.0454E-10  8.0130E-12
  1.4260E-10  1.7822E-06  1.0181E-07  1.9169E-10  6.8574E-12
  9.1675E-11  1.7443E-06  9.5267E-08  1.7867E-10  5.8990E-12
  1.7526E-09  1.7942E-06  1.8213E-08  1.1966E-11  8.2445E-14
  1.7728E-09  1.8297E-06  3.4913E-08  2.5682E-11  1.8700E-13
  1.7843E-09  1.8492E-06  5.8673E-08  5.1967E-11  4.2447E-13
  1.7888E-09  1.8583E-06  7.9116E-08  8.4935E-11  8.1850E-13
  1.7892E-09  1.8636E-06  9.5956E-08  1.2477E-10  1.5354E-12
  1.7854E-09  1.8662E-06  1.0609E-07  1.5800E-10  2.5281E-12
  1.7754E-09  1.8677E-06  1.1290E-07  1.8641E-10  4.0115E-12
  1.7581E-09  1.8683E-06  1.1654E-07  2.0435E-10  5.6265E-12
  1.7247E-09  1.8685E-06  1.1881E-07  2.1684E-10  7.4219E-12
  1.6729E-09  1.8682E-06  1.1991E-07  2.2357E-10  8.8310E-12
  1.5802E-09  1.8673E-06  1.2044E-07  2.2761E-10  9.9589E-12
  1.4508E-09  1.8658E-06  1.2048E-07  2.2923E-10  1.0588E-11
  1.2748E-09  1.8627E-06  1.2007E-07  2.2929E-10  1.0894E-11
  1.0595E-09  1.8577E-06  1.1917E-07  2.2785E-10  1.0859E-11
  7.6822E-10  1.8482E-06  1.1734E-07  2.2424E-10  1.0483E-11
  4.8916E-10  1.8334E-06  1.1439E-07  2.1826E-10  9.7974E-12
  2.9073E-10  1.8070E-06  1.0951E-07  2.0830E-10  8.7500E-12
  1.8447E-10  1.7699E-06  1.0345E-07  1.9607E-10  7.6493E-12
  1.6616E-09  1.6069E-06  5.1693E-09  3.3563E-12  2.5234E-14
  1.7208E-09  1.7263E-06  1.0729E-08  7.1971E-12  5.4902E-14
  1.7574E-09  1.7985E-06  2.3046E-08  1.6675E-11  1.3193E-13
  1.7753E-09  1.8321E-06  4.1440E-08  3.3948E-11  2.8805E-13
  1.7848E-09  1.8504E-06  6.5200E-08  6.4369E-11  6.2571E-13
  1.7877E-09  1.8590E-06  8.4280E-08  9.9558E-11  1.1634E-12
  1.7857E-09  1.8639E-06  9.9374E-08  1.3896E-10  2.0983E-12
  1.7788E-09  1.8663E-06  1.0825E-07  1.6972E-10  3.3193E-12
  1.7632E-09  1.8675E-06  1.1413E-07  1.9464E-10  5.0064E-12
  1.7374E-09  1.8679E-06  1.1723E-07  2.0975E-10  6.6748E-12
  1.6885E-09  1.8676E-06  1.1912E-07  2.1993E-10  8.3501E-12
  1.6148E-09  1.8666E-06  1.1996E-07  2.2521E-10  9.5407E-12
  1.4879E-09  1.8644E-06  1.2023E-07  2.2807E-10  1.0403E-11
  1.3191E-09  1.8607E-06  1.1996E-07  2.2872E-10  1.0815E-11
  1.0918E-09  1.8535E-06  1.1904E-07  2.2757E-10  1.0914E-11
  7.9469E-10  1.8418E-06  1.1726E-07  2.2433E-10  1.0666E-11
  4.9844E-10  1.8193E-06  1.1380E-07  2.1754E-10  1.0011E-11
  3.2185E-10  1.7850E-06  1.0891E-07  2.0783E-10  9.1137E-12
  1.4532E-09  1.1902E-06  1.6933E-09  1.1462E-12  9.5155E-15
  1.5935E-09  1.4577E-06  3.6234E-09  2.4794E-12  2.0686E-14
  1.6868E-09  1.6484E-06  7.9764E-09  5.5935E-12  4.7209E-14
  1.7357E-09  1.7505E-06  1.5996E-08  1.1749E-11  1.0147E-13
  1.7651E-09  1.8107E-06  3.1981E-08  2.5928E-11  2.3655E-13
  1.7785E-09  1.8383E-06  5.2433E-08  4.8988E-11  4.9188E-13
  1.7843E-09  1.8535E-06  7.5252E-08  8.4658E-11  1.0061E-12
  1.7836E-09  1.8605E-06  9.1828E-08  1.2124E-10  1.7748E-12
  1.7764E-09  1.8645E-06  1.0420E-07  1.5808E-10  3.0183E-12
  1.7620E-09  1.8662E-06  1.1123E-07  1.8439E-10  4.4996E-12
  1.7326E-09  1.8668E-06  1.1578E-07  2.0433E-10  6.3238E-12
  1.6863E-09  1.8663E-06  1.1809E-07  2.1577E-10  7.9117E-12
  1.6022E-09  1.8646E-06  1.1936E-07  2.2303E-10  9.3147E-12
  1.4821E-09  1.8613E-06  1.1972E-07  2.2635E-10  1.0190E-11
  1.2868E-09  1.8548E-06  1.1937E-07  2.2730E-10  1.0716E-11
  1.0351E-09  1.8440E-06  1.1823E-07  2.2590E-10  1.0834E-11
  7.1207E-10  1.8230E-06  1.1563E-07  2.2127E-10  1.0556E-11
  4.7798E-10  1.7899E-06  1.1160E-07  2.1355E-10  9.9506E-12
  1.0526E-09  5.9767E-07  5.1319E-10  3.6465E-13  3.3229E-15
  1.3306E-09  9.7459E-07  1.2786E-09  9.1255E-13  8.3336E-15
  1.5315E-09  1.3268E-06  3.0487E-09  2.1972E-12  2.0161E-14
  1.6438E-09  1.5510E-06  6.2869E-09  4.6116E-12  4.2689E-14
  1.7156E-09  1.7030E-06  1.3356E-08  1.0188E-11  9.6250E-14
  1.7517E-09  1.7810E-06  2.5366E-08  2.0746E-11  2.0389E-13
  1.7718E-09  1.8256E-06  4.5610E-08  4.2449E-11  4.5474E-13
  1.7793E-09  1.8458E-06  6.6760E-08  7.2556E-11  8.8781E-13
  1.7789E-09  1.8570E-06  8.6798E-08  1.1212E-10  1.6867E-12
  1.7711E-09  1.8620E-06  9.9910E-08  1.4722E-10  2.7809E-12
  1.7519E-09  1.8646E-06  1.0913E-07  1.7853E-10  4.3708E-12
  1.7196E-09  1.8650E-06  1.1414E-07  1.9883E-10  6.0317E-12
  1.6587E-09  1.8638E-06  1.1720E-07  2.1305E-10  7.7922E-12
  1.5682E-09  1.8608E-06  1.1856E-07  2.2051E-10  9.1042E-12
  1.4147E-09  1.8542E-06  1.1890E-07  2.2440E-10  1.0088E-11
  1.2040E-09  1.8435E-06  1.1825E-07  2.2483E-10  1.0560E-11
  8.8213E-10  1.8222E-06  1.1612E-07  2.2177E-10  1.0609E-11
  6.2352E-10  1.7885E-06  1.1257E-07  2.1536E-10  1.0265E-11
  4.8873E-10  1.7276E-07  1.2769E-10  9.5140E-14  9.4436E-16
  8.7129E-10  4.2708E-07  3.9332E-10  2.9356E-13  2.9228E-15
  1.2336E-09  8.3069E-07  1.1412E-09  8.5547E-13  8.5349E-15
  1.4582E-09  1.1860E-06  2.6095E-09  1.9715E-12  1.9711E-14
  1.6103E-09  1.4763E-06  5.8390E-09  4.4876E-12  4.5273E-14
  1.6914E-09  1.6469E-06  1.1559E-08  9.1594E-12  9.3961E-14
  1.7407E-09  1.7562E-06  2.3223E-08  1.9633E-11  2.0925E-13
  1.7635E-09  1.8095E-06  4.0220E-08  3.7661E-11  4.3018E-13
  1.7732E-09  1.8390E-06  6.2944E-08  6.8806E-11  8.9672E-13
  1.7720E-09  1.8523E-06  8.2055E-08  1.0437E-10  1.6207E-12
  1.7599E-09  1.8594E-06  9.7666E-08  1.4340E-10  2.8199E-12
  1.7361E-09  1.8621E-06  1.0698E-07  1.7312E-10  4.2737E-12
  1.6887E-09  1.8620E-06  1.1310E-07  1.9656E-10  6.0913E-12
  1.6159E-09  1.8595E-06  1.1615E-07  2.1019E-10  7.6913E-12
  1.4891E-09  1.8529E-06  1.1760E-07  2.1853E-10  9.1030E-12
  1.3135E-09  1.8417E-06  1.1757E-07  2.2153E-10  9.9514E-12
  1.0298E-09  1.8196E-06  1.1593E-07  2.2034E-10  1.0353E-11
  7.4028E-10  1.7839E-06  1.1255E-07  2.1480E-10  1.0232E-11
  6.5376E-11  1.8223E-08  1.6254E-11  1.2929E-14  1.4393E-16
  1.8792E-10  5.7221E-08  5.2823E-11  4.2030E-14  4.6793E-16
  5.0078E-10  1.9165E-07  1.9772E-10  1.5748E-13  1.7578E-15
  8.9660E-10  4.6509E-07  6.0296E-10  4.8139E-13  5.3789E-15
  1.2611E-09  8.7600E-07  1.6994E-09  1.3648E-12  1.5300E-14
  1.4800E-09  1.2237E-06  3.7839E-09  3.0715E-12  3.4582E-14
  1.6240E-09  1.5012E-06  8.2346E-09  6.8364E-12  7.7987E-14
  1.6983E-09  1.6618E-06  1.5789E-08  1.3630E-11  1.5922E-13
  1.7412E-09  1.7633E-06  3.0053E-08  2.8037E-11  3.4505E-13
  1.7577E-09  1.8123E-06  4.8686E-08  5.0753E-11  6.8198E-13
  1.7585E-09  1.8393E-06  7.0949E-08  8.6015E-11  1.3478E-12
  1.7449E-09  1.8509E-06  8.8165E-08  1.2233E-10  2.3127E-12
  1.7105E-09  1.8557E-06  1.0146E-07  1.5864E-10  3.7855E-12
  1.6539E-09  1.8552E-06  1.0900E-07  1.8408E-10  5.3987E-12
  1.5512E-09  1.8494E-06  1.1351E-07  2.0245E-10  7.1804E-12
  1.4066E-09  1.8376E-06  1.1510E-07  2.1159E-10  8.5329E-12
  1.1717E-09  1.8135E-06  1.1451E-07  2.1461E-10  9.4900E-12
  8.9489E-10  1.7748E-06  1.1163E-07  2.1126E-10  9.7832E-12
  9.2881E-12  2.7333E-09  3.1840E-12  2.6826E-15  3.3022E-17
  2.6166E-11  7.7597E-09  9.0817E-12  7.6520E-15  9.4173E-17
  8.6066E-11  2.6539E-08  3.1587E-11  2.6619E-14  3.2761E-16
  2.4730E-10  8.4899E-08  1.0607E-10  8.9434E-14  1.1032E-15
  6.1738E-10  2.7192E-07  3.9375E-10  3.3258E-13  4.1047E-15
  1.0167E-09  5.9529E-07  1.1301E-09  9.5827E-13  1.1854E-14
  1.3471E-09  1.0104E-06  2.9600E-09  2.5332E-12  3.1510E-14
  1.5349E-09  1.3281E-06  6.2623E-09  5.4459E-12  6.8319E-14
  1.6533E-09  1.5676E-06  1.3012E-08  1.1696E-11  1.4987E-13
  1.7105E-09  1.7009E-06  2.3740E-08  2.2533E-11  2.9978E-13
  1.7375E-09  1.7823E-06  4.1683E-08  4.3635E-11  6.2712E-13
  1.7387E-09  1.8203E-06  6.1585E-08  7.2771E-11  1.1761E-12
  1.7169E-09  1.8397E-06  8.1908E-08  1.1151E-10  2.1613E-12
  1.6718E-09  1.8456E-06  9.5844E-08  1.4594E-10  3.4444E-12
  1.5846E-09  1.8429E-06  1.0556E-07  1.7599E-10  5.1617E-12
  1.4583E-09  1.8316E-06  1.1019E-07  1.9409E-10  6.7601E-12
  1.2532E-09  1.8060E-06  1.1154E-07  2.0388E-10  8.1846E-12
  9.9989E-10  1.7639E-06  1.0958E-07  2.0425E-10  8.9236E-12
  2.4242E-12  7.6952E-10  1.1456E-12  1.0153E-15  1.3658E-17
  5.5357E-12  1.7613E-09  2.6244E-12  2.3258E-15  3.1277E-17
  1.5465E-11  4.9364E-09  7.3776E-12  6.5388E-15  8.7907E-17
  4.3960E-11  1.4246E-08  2.1471E-11  1.9032E-14  2.5586E-16
  1.4634E-10  5.0508E-08  7.8467E-11  6.9580E-14  9.3733E-16
  3.9465E-10  1.5862E-07  2.6793E-10  2.3785E-13  3.2049E-15
  8.2931E-10  4.3941E-07  9.2279E-10  8.2208E-13  1.1099E-14
  1.1933E-09  8.1083E-07  2.3779E-09  2.1335E-12  2.8936E-14
  1.4582E-09  1.1999E-06  5.6529E-09  5.1505E-12  7.0569E-14
  1.5988E-09  1.4637E-06  1.1212E-08  1.0485E-11  1.4602E-13
  1.6803E-09  1.6487E-06  2.1827E-08  2.1482E-11  3.1042E-13
  1.7108E-09  1.7458E-06  3.6854E-08  3.9174E-11  6.0238E-13
  1.7088E-09  1.8014E-06  5.7753E-08  6.9091E-11  1.1919E-12
  1.6768E-09  1.8242E-06  7.6583E-08  1.0341E-10  2.0761E-12
  1.6028E-09  1.8303E-06  9.2606E-08  1.4092E-10  3.4611E-12
  1.4896E-09  1.8221E-06  1.0182E-07  1.6836E-10  4.9926E-12
  1.3032E-09  1.7965E-06  1.0645E-07  1.8713E-10  6.6453E-12
  1.0701E-09  1.7518E-06  1.0619E-07  1.9320E-10  7.7619E-12
  1.0559E-12  3.5686E-10  6.6099E-13  6.1266E-16  8.9201E-18
  2.0917E-12  7.0905E-10  1.3138E-12  1.2177E-15  1.7721E-17
  4.7104E-12  1.6028E-09  2.9723E-12  2.7550E-15  4.0075E-17
  1.0881E-11  3.7159E-09  6.9044E-12  6.3999E-15  9.3073E-17
  3.1357E-11  1.0812E-08  2.0218E-11  1.8743E-14  2.7257E-16
  9.2372E-11  3.2954E-08  6.2778E-11  5.8212E-14  8.4810E-16
  2.9520E-10  1.1821E-07  2.4036E-10  2.2312E-13  3.2512E-15
  6.5931E-10  3.2600E-07  7.7316E-10  7.1968E-13  1.0504E-14
  1.0919E-09  7.0694E-07  2.2959E-09  2.1526E-12  3.1572E-14
  1.3748E-09  1.0787E-06  5.2135E-09  4.9531E-12  7.3314E-14
  1.5583E-09  1.4001E-06  1.1204E-08  1.0935E-11  1.6503E-13
  1.6446E-09  1.5943E-06  2.0607E-08  2.1005E-11  3.2720E-13
  1.6790E-09  1.7194E-06  3.6485E-08  4.0196E-11  6.6861E-13
  1.6675E-09  1.7786E-06  5.5007E-08  6.6951E-11  1.2307E-12
  1.6094E-09  1.8055E-06  7.5198E-08  1.0359E-10  2.2298E-12
  1.5086E-09  1.8062E-06  8.9457E-08  1.3666E-10  3.5036E-12
  1.3363E-09  1.7837E-06  9.8626E-08  1.6433E-10  5.1189E-12
  1.1181E-09  1.7378E-06  1.0107E-07  1.7759E-10  6.4524E-12
  4.4293E-13  1.6157E-10  3.8649E-13  3.7750E-16  6.0322E-18
  8.7299E-13  3.1884E-10  7.6280E-13  7.4505E-16  1.1899E-17
  1.8006E-12  6.5909E-10  1.5774E-12  1.5407E-15  2.4592E-17
  3.5284E-12  1.2954E-09  3.1021E-12  3.0300E-15  4.8348E-17
  7.7930E-12  2.8745E-09  6.8934E-12  6.7332E-15  1.0742E-16
  1.7733E-11  6.5806E-09  1.5834E-11  1.5467E-14  2.4674E-16
  5.1274E-11  1.9351E-08  4.7068E-11  4.5987E-14  7.3477E-16
  1.5093E-10  5.9980E-08  1.5052E-10  1.4716E-13  2.3510E-15
  4.3866E-10  2.0253E-07  5.6285E-10  5.5142E-13  8.8208E-15
  8.4054E-10  4.8367E-07  1.6544E-09  1.6290E-12  2.6151E-14
  1.2274E-09  8.9323E-07  4.3986E-09  4.3832E-12  7.0982E-14
  1.4519E-09  1.2334E-06  9.2221E-09  9.3816E-12  1.5431E-13
  1.5804E-09  1.5002E-06  1.8425E-08  1.9511E-11  3.3136E-13
  1.6204E-09  1.6494E-06  3.1516E-08  3.5438E-11  6.3415E-13
  1.5971E-09  1.7356E-06  5.0419E-08  6.2338E-11  1.2266E-12
  1.5177E-09  1.7649E-06  6.8370E-08  9.3716E-11  2.1004E-12
  1.3637E-09  1.7567E-06  8.3701E-08  1.2783E-10  3.4152E-12
  1.1613E-09  1.7141E-06  9.1030E-08  1.5031E-10  4.7432E-12
  1.7578E-13  6.8640E-11  2.0510E-13  2.0966E-16  3.6355E-18
  3.8440E-13  1.5017E-10  4.4874E-13  4.5872E-16  7.9503E-18
  8.4604E-13  3.3080E-10  9.8870E-13  1.0107E-15  1.7507E-17
  1.6633E-12  6.5127E-10  1.9470E-12  1.9904E-15  3.4462E-17
  3.4262E-12  1.3450E-09  4.0238E-12  4.1134E-15  7.1194E-17
  6.7279E-12  2.6511E-09  7.9406E-12  8.1177E-15  1.4047E-16
  1.5069E-11  5.9767E-09  1.7955E-11  1.8357E-14  3.1763E-16
  3.5529E-11  1.4248E-08  4.3105E-11  4.4076E-14  7.6379E-16
  1.0725E-10  4.4525E-08  1.3785E-10  1.4103E-13  2.4436E-15
  2.9797E-10  1.3554E-07  4.4725E-10  4.5828E-13  7.9475E-15
  6.9457E-10  3.8479E-07  1.5113E-09  1.5559E-12  2.7079E-14
  1.0795E-09  7.3961E-07  3.8574E-09  4.0106E-12  7.0324E-14
  1.3695E-09  1.1332E-06  8.9712E-09  9.5250E-12  1.6982E-13
  1.5063E-09  1.4068E-06  1.7083E-08  1.8761E-11  3.4406E-13
  1.5477E-09  1.5950E-06  3.0826E-08  3.5962E-11  6.9682E-13
  1.5042E-09  1.6825E-06  4.7200E-08  5.9614E-11  1.2552E-12
  1.3751E-09  1.7086E-06  6.5423E-08  9.1686E-11  2.2060E-12
  1.1886E-09  1.6795E-06  7.7459E-08  1.1898E-10  3.3289E-12
  4.7697E-14  2.0050E-11  7.6219E-14  8.1859E-17  1.5528E-18
  1.2019E-13  5.0526E-11  1.9208E-13  2.0630E-16  3.9116E-18
  3.0835E-13  1.2968E-10  4.9302E-13  5.2951E-16  1.0035E-17
  6.8005E-13  2.8614E-10  1.0880E-12  1.1685E-15  2.2136E-17
  1.5069E-12  6.3471E-10  2.4142E-12  2.5929E-15  4.9095E-17
  2.9724E-12  1.2541E-09  4.7729E-12  5.1262E-15  9.7031E-17
  6.1337E-12  2.5961E-09  9.8921E-12  1.0625E-14  2.0108E-16
  1.2093E-11  5.1433E-09  1.9643E-11  2.1100E-14  3.9928E-16
  2.7554E-11  1.1833E-08  4.5446E-11  4.8823E-14  9.2515E-16
  6.6651E-11  2.9176E-08  1.1356E-10  1.2204E-13  2.3121E-15
  1.9616E-10  9.0943E-08  3.6940E-10  3.9748E-13  7.5356E-15
  4.7441E-10  2.4912E-07  1.1239E-09  1.2132E-12  2.3058E-14
  8.9770E-10  5.8098E-07  3.3264E-09  3.6228E-12  6.9349E-14
  1.2128E-09  9.4785E-07  7.5364E-09  8.3440E-12  1.6194E-13
  1.3987E-09  1.2864E-06  1.5729E-08  1.7991E-11  3.5921E-13
  1.4372E-09  1.4884E-06  2.7251E-08  3.2718E-11  6.8394E-13
  1.3617E-09  1.5966E-06  4.3502E-08  5.6416E-11  1.2817E-12
  1.2036E-09  1.6084E-06  5.8082E-08  8.2059E-11  2.0845E-12
  1.1956E-14  5.3529E-12  2.5052E-14  2.8083E-17  5.7668E-19
  3.3860E-14  1.5160E-11  7.0950E-14  7.9534E-17  1.6327E-18
  9.9535E-14  4.4569E-11  2.0859E-13  2.3383E-16  4.7978E-18
  2.4905E-13  1.1154E-10  5.2205E-13  5.8522E-16  1.2003E-17
  6.3208E-13  2.8320E-10  1.3258E-12  1.4861E-15  3.0467E-17
  1.3781E-12  6.1791E-10  2.8935E-12  3.2437E-15  6.6471E-17
  3.0221E-12  1.3571E-09  6.3589E-12  7.1286E-15  1.4604E-16
  5.9389E-12  2.6734E-09  1.2542E-11  1.4061E-14  2.8800E-16
  1.2361E-11  5.5909E-09  2.6297E-11  2.9483E-14  6.0390E-16
  2.5128E-11  1.1457E-08  5.4150E-11  6.0722E-14  1.2452E-15
  6.0951E-11  2.8288E-08  1.3541E-10  1.5191E-13  3.1147E-15
  1.5161E-10  7.3142E-08  3.6090E-10  4.0529E-13  8.3152E-15
  3.9653E-10  2.1197E-07  1.1434E-09  1.2881E-12  2.6499E-14
  7.5413E-10  4.7554E-07  3.0665E-09  3.4801E-12  7.2037E-14
  1.1098E-09  8.6113E-07  7.6269E-09  8.8049E-12  1.8501E-13
  1.2831E-09  1.1774E-06  1.4988E-08  1.7800E-11  3.8387E-13
  1.3021E-09  1.4030E-06  2.7036E-08  3.3772E-11  7.6599E-13
  1.1930E-09  1.4881E-06  4.0303E-08  5.3764E-11  1.3142E-12
  3.3282E-15  1.5731E-12  8.8310E-15  1.0279E-17  2.2671E-19
  9.5365E-15  4.5076E-12  2.5306E-14  2.9457E-17  6.4942E-19
  3.0363E-14  1.4353E-11  8.0574E-14  9.3793E-17  2.0670E-18
  8.4469E-14  3.9930E-11  2.2417E-13  2.6094E-16  5.7484E-18
  2.4225E-13  1.1453E-10  6.4305E-13  7.4854E-16  1.6483E-17
  5.9157E-13  2.7978E-10  1.5711E-12  1.8288E-15  4.0254E-17
  1.4571E-12  6.8962E-10  3.8738E-12  4.5095E-15  9.9224E-17
  3.0932E-12  1.4658E-09  8.2398E-12  9.5919E-15  2.1100E-16
  6.6534E-12  3.1610E-09  1.7795E-11  2.0717E-14  4.5569E-16
  1.3083E-11  6.2426E-09  3.5238E-11  4.1028E-14  9.0244E-16
  2.8209E-11  1.3578E-08  7.7104E-11  8.9793E-14  1.9772E-15
  6.1346E-11  3.0002E-08  1.7244E-10  2.0091E-13  4.4237E-15
  1.5633E-10  7.9522E-08  4.7212E-10  5.5074E-13  1.2138E-14
  3.5793E-10  1.9752E-07  1.2622E-09  1.4770E-12  3.2637E-14
  7.1499E-10  4.6454E-07  3.5418E-09  4.1788E-12  9.3023E-14
  1.0183E-09  7.9816E-07  7.9450E-09  9.5255E-12  2.1519E-13
  1.1747E-09  1.1253E-06  1.6212E-08  2.0065E-11  4.6751E-13
  1.1457E-09  1.3046E-06  2.6688E-08  3.4589E-11  8.4636E-13
  1.4954E-15  7.4052E-13  4.8842E-15  5.8802E-18  1.3841E-19
  3.5461E-15  1.7564E-12  1.1585E-14  1.3947E-17  3.2819E-19
  1.0247E-14  5.0761E-12  3.3481E-14  4.0308E-17  9.4815E-19
  2.8687E-14  1.4212E-11  9.3741E-14  1.1286E-16  2.6537E-18
  8.8951E-14  4.4072E-11  2.9070E-13  3.4998E-16  8.2261E-18
  2.3926E-13  1.1856E-10  7.8207E-13  9.4153E-16  2.2122E-17
  6.5785E-13  3.2609E-10  2.1514E-12  2.5901E-15  6.0834E-17
  1.5433E-12  7.6547E-10  5.0522E-12  6.0826E-15  1.4281E-16
  3.6333E-12  1.8047E-09  1.1923E-11  1.4354E-14  3.3696E-16
  7.4682E-12  3.7187E-09  2.4608E-11  2.9629E-14  6.9552E-16
  1.5918E-11  7.9662E-09  5.2905E-11  6.3710E-14  1.4957E-15
  3.2291E-11  1.6301E-08  1.0897E-10  1.3127E-13  3.0845E-15
  7.4951E-11  3.8573E-08  2.6192E-10  3.1572E-13  7.4209E-15
  1.6913E-10  9.0392E-08  6.3420E-10  7.6558E-13  1.8016E-14
  3.8968E-10  2.2771E-07  1.7376E-09  2.1059E-12  4.9735E-14
  6.9142E-10  4.6741E-07  4.1782E-09  5.1074E-12  1.2159E-13
  9.6895E-10  8.0657E-07  9.5328E-09  1.1881E-11  2.8822E-13
  1.0486E-09  1.0642E-06  1.7253E-08  2.2182E-11  5.5568E-13
