Li Na K Rb Cs
  4.5017E-38  4.5017E-38  4.5017E-38  4.5017E-38  4.5017E-38
  4.5017E-38  4.5017E-38  4.5017E-38  4.5017E-38  4.5017E-38
  4.5017E-38  4.5017E-38  4.5017E-38  4.5017E-38  4.5017E-38
  4.5017E-38  4.5017E-38  4.5017E-38  4.5017E-38  4.5017E-38
  4.5017E-38  4.5017E-38  4.5017E-38  4.5017E-38  4.5017E-38
  4.5017E-38  4.5017E-38  4.5017E-38  4.5017E-38  4.5017E-38
  4.5017E-38  4.5017E-38  4.5017E-38  4.5017E-38  4.5017E-38
  4.5017E-38  4.5017E-38  4.5017E-38  4.5017E-38  4.5017E-38
  4.5017E-38  4.5017E-38  4.5017E-38  4.5017E-38  4.5017E-38
  4.5017E-38  4.5017E-38  4.5017E-38  4.5017E-38  4.5017E-38
  4.5017E-38  4.5017E-38  4.5017E-38  4.5017E-38  4.5017E-38
  4.5017E-38  4.5017E-38  4.5017E-38  4.5017E-38  4.5017E-38
  4.5017E-38  4.5017E-38  4.5017E-38  4.5017E-38  4.5017E-38
  4.5017E-38  4.5017E-38  4.5017E-38  4.5017E-38  4.5017E-38
  4.5017E-38  4.5017E-38  4.5017E-38  4.5017E-38  4.5017E-38
  4.5015E-38  4.5015E-38  4.5015E-38  4.5015E-38  4.5015E-38
  4.5015E-38  4.5015E-38  4.5015E-38  4.5015E-38  4.5015E-38
  4.5015E-38  4.5015E-38  4.5015E-38  4.5015E-38  4.5015E-38
  4.5016E-38  4.5016E-38  4.5016E-38  4.5016E-38  4.5016E-38
  4.5017E-38  4.5017E-38  4.5017E-38  4.5017E-38  4.5017E-38
  4.5017E-38  4.5017E-38  4.5017E-38  4.5017E-38  4.5017E-38
  4.5017E-38  4.5017E-38  4.5017E-38  4.5017E-38  4.5017E-38
  4.5017E-38  4.5017E-38  4.5017E-38  4.5017E-38  4.5017E-38
  4.5017E-38  4.5017E-38  4.5017E-38  4.5017E-38  4.5017E-38
  4.5017E-38  4.5017E-38  4.5017E-38  4.5017E-38  4.5017E-38
  4.5017E-38  4.5017E-38  4.5017E-38  4.5017E-38  4.5017E-38
  4.5017E-38  4.5017E-38  4.5017E-38  4.5017E-38  4.5017E-38
  4.5017E-38  4.5017E-38  4.5017E-38  4.5017E-38  4.5017E-38
  4.5017E-38  4.5017E-38  4.5017E-38  4.5017E-38  4.5017E-38
  4.5017E-38  4.5017E-38  4.5017E-38  4.5017E-38  4.5017E-38
  4.5017E-38  4.5017E-38  4.5017E-38  4.5017E-38  4.5017E-38
  4.5015E-38  4.5015E-38  4.5015E-38  4.5015E-38  4.5015E-38
  4.5015E-38  4.5015E-38  4.5015E-38  4.5015E-38  4.5015E-38
  4.5015E-38  4.5015E-38  4.5015E-38  4.5015E-38  4.5015E-38
  4.5015E-38  4.5015E-38  4.5015E-38  4.5015E-38  4.5015E-38
  4.5015E-38  4.5015E-38  4.5015E-38  4.5015E-38  4.5015E-38
  4.5015E-38  4.5015E-38  4.5015E-38  4.5015E-38  4.5015E-38
  4.5016E-38  4.5016E-38  4.5016E-38  4.5016E-38  4.5016E-38
  4.5017E-38  4.5017E-38  4.5017E-38  4.5017E-38  4.5017E-38
  4.5017E-38  4.5017E-38  4.5017E-38  4.5017E-38  4.5017E-38
  4.5017E-38  4.5017E-38  4.5017E-38  4.5017E-38  4.5017E-38
  4.5017E-38  4.5017E-38  4.5017E-38  4.5017E-38  4.5017E-38
  4.5017E-38  4.5017E-38  4.5017E-38  4.5017E-38  4.5017E-38
  4.5017E-38  4.5017E-38  4.5017E-38  4.5017E-38  4.5017E-38
  4.5017E-38  4.5017E-38  4.5017E-38  4.5017E-38  4.5017E-38
  4.5017E-38  4.5017E-38  4.5017E-38  4.5017E-38  4.5017E-38
  4.5017E-38  4.5017E-38  4.5017E-38  4.5017E-38  4.5017E-38
  4.5017E-38  4.5017E-38  4.5017E-38  4.5017E-38  4.5017E-38
  4.5015E-38  4.5015E-38  4.5015E-38  4.5015E-38  4.5015E-38
  4.5015E-38  4.5015E-38  4.5015E-38  4.5015E-38  4.5015E-38
  4.5015E-38  4.5015E-38  4.5015E-38  4.5015E-38  4.5015E-38
  4.5015E-38  4.5015E-38  4.5015E-38  4.5015E-38  4.5015E-38
  4.5015E-38  4.5015E-38  4.5015E-38  4.5015E-38  4.5015E-38
  4.5015E-38  4.5015E-38  4.5015E-38  4.5015E-38  4.5015E-38
  4.5015E-38  4.5015E-38  4.5015E-38  4.5015E-38  4.5015E-38
  4.5015E-38  4.5015E-38  4.5015E-38  4.5015E-38  4.5015E-38
  4.5015E-38  4.5015E-38  4.5015E-38  4.5015E-38  4.5015E-38
  4.5017E-38  4.5017E-38  4.5017E-38  4.5017E-38  4.5017E-38
  4.5017E-38  4.5017E-38  4.5017E-38  4.5017E-38  4.5017E-38
  4.5017E-38  4.5017E-38  4.5017E-38  4.5017E-38  4.5017E-38
  4.5017E-38  4.5017E-38  4.5017E-38  4.5017E-38  4.5017E-38
  4.5017E-38  4.5017E-38  4.5017E-38  4.5017E-38  4.5017E-38
  4.5017E-38  4.5017E-38  4.5017E-38  4.5017E-38  4.5017E-38
  4.5017E-38  4.5017E-38  4.5017E-38  4.5017E-38  4.5017E-38
  4.5017E-38  4.5017E-38  4.5017E-38  4.5017E-38  4.5017E-38
  4.5015E-38  4.5015E-38  4.5015E-38  4.5015E-38  4.5015E-38
  4.5015E-38  4.5015E-38  4.5015E-38  4.5015E-38  4.5015E-38
  4.5015E-38  4.5015E-38  4.5015E-38  4.5015E-38  4.5015E-38
  4.5015E-38  4.5015E-38  4.5015E-38  4.5015E-38  4.5015E-38
  4.5015E-38  4.5015E-38  4.5015E-38  4.5015E-38  4.5015E-38
  4.5015E-38  4.5015E-38  4.5015E-38  4.5015E-38  4.5015E-38
  4.5015E-38  4.5015E-38  4.5015E-38  4.5015E-38  4.5015E-38
  4.5015E-38  4.5015E-38  4.5015E-38  4.5015E-38  4.5015E-38
  4.5015E-38  4.5015E-38  4.5015E-38  4.5015E-38  4.5015E-38
  4.5015E-38  4.5015E-38  4.5015E-38  4.5015E-38  4.5015E-38
  4.5015E-38  4.5015E-38  4.5015E-38  4.5015E-38  4.5015E-38
  4.5016E-38  4.5016E-38  4.5016E-38  4.5016E-38  4.5016E-38
  4.5017E-38  4.5017E-38  4.5017E-38  4.5017E-38  4.5017E-38
  4.5017E-38  4.5017E-38  4.5017E-38  4.5017E-38  4.5017E-38
  4.5017E-38  4.5017E-38  4.5017E-38  4.5017E-38  4.5017E-38
  4.5017E-38  4.5017E-38  4.5017E-38  4.5017E-38  4.5017E-38
  4.5017E-38  4.5017E-38  4.5017E-38  4.5017E-38  4.5017E-38
  4.5015E-38  4.5015E-38  4.5015E-38  4.5015E-38  4.5015E-38
  4.5015E-38  4.5015E-38  4.5015E-38  4.5015E-38  4.5015E-38
  4.5015E-38  4.5015E-38  4.5015E-38  4.5015E-38  4.5015E-38
  4.5015E-38  4.5015E-38  4.5015E-38  4.5015E-38  4.5015E-38
  4.5015E-38  4.5015E-38  4.5015E-38  4.5015E-38  4.5015E-38
  4.5015E-38  4.5015E-38  4.5015E-38  4.5015E-38  4.5015E-38
  4.5015E-38  4.5015E-38  4.5015E-38  4.5015E-38  4.5015E-38
  4.5015E-38  4.5015E-38  4.5015E-38  4.5015E-38  4.5015E-38
  4.5015E-38  4.5015E-38  4.5015E-38  4.5015E-38  4.5015E-38
  4.5015E-38  4.5015E-38  4.5015E-38  4.5015E-38  4.5015E-38
  4.5015E-38  4.5015E-38  4.5015E-38  4.5015E-38  4.5015E-38
  4.5015E-38  4.5015E-38  4.5015E-38  4.5015E-38  4.5015E-38
  4.5016E-38  4.5016E-38  4.5016E-38  4.5016E-38  4.5016E-38
  4.5017E-38  4.5017E-38  4.5017E-38  4.5017E-38  4.5017E-38
  4.5017E-38  4.5017E-38  4.5017E-38  4.5017E-38  4.5017E-38
  4.5017E-38  4.5017E-38  4.5017E-38  4.5017E-38  4.5017E-38
  4.5017E-38  4.5017E-38  4.5017E-38  4.5017E-38  4.5017E-38
  4.5012E-38  4.5012E-38  4.5012E-38  4.5012E-38  4.5012E-38
  4.5014E-38  4.5014E-38  4.5014E-38  4.5014E-38  4.5014E-38
  4.5015E-38  4.5015E-38  4.5015E-38  4.5015E-38  4.5015E-38
  4.5015E-38  4.5015E-38  4.5015E-38  4.5015E-38  4.5015E-38
  4.5015E-38  4.5015E-38  4.5015E-38  4.5015E-38  4.5015E-38
  4.5015E-38  4.5015E-38  4.5015E-38  4.5015E-38  4.5015E-38
  4.5015E-38  4.5015E-38  4.5015E-38  4.5015E-38  4.5015E-38
  4.5015E-38  4.5015E-38  4.5015E-38  4.5015E-38  4.5015E-38
  4.5015E-38  4.5015E-38  4.5015E-38  4.5015E-38  4.5015E-38
  4.5015E-38  4.5015E-38  4.5015E-38  4.5015E-38  4.5015E-38
  4.5015E-38  4.5015E-38  4.5015E-38  4.5015E-38  4.5015E-38
  4.5015E-38  4.5015E-38  4.5015E-38  4.5015E-38  4.5015E-38
  4.5015E-38  4.5015E-38  4.5015E-38  4.5015E-38  4.5015E-38
  4.5015E-38  4.5015E-38  4.5015E-38  4.5015E-38  4.5015E-38
  4.5016E-38  4.5016E-38  4.5016E-38  4.5016E-38  4.5016E-38
  4.5017E-38  4.5017E-38  4.5017E-38  4.5017E-38  4.5017E-38
  4.5017E-38  4.5017E-38  4.5017E-38  4.5017E-38  4.5017E-38
  4.5003E-38  4.5003E-38  4.5003E-38  4.5003E-38  4.5003E-38
  4.5004E-38  4.5004E-38  4.5004E-38  4.5004E-38  4.5004E-38
  4.5012E-38  4.5012E-38  4.5012E-38  4.5012E-38  4.5012E-38
  4.5014E-38  4.5014E-38  4.5014E-38  4.5014E-38  4.5014E-38
  4.5015E-38  4.5015E-38  4.5015E-38  4.5015E-38  4.5015E-38
  4.5015E-38  4.5015E-38  4.5015E-38  4.5015E-38  4.5015E-38
  4.5015E-38  4.5015E-38  4.5015E-38  4.5015E-38  4.5015E-38
  4.5015E-38  4.5015E-38  4.5015E-38  4.5015E-38  4.5015E-38
  4.5015E-38  4.5015E-38  4.5015E-38  4.5015E-38  4.5015E-38
  4.5015E-38  4.5015E-38  4.5015E-38  4.5015E-38  4.5015E-38
  4.5015E-38  4.5015E-38  4.5015E-38  4.5015E-38  4.5015E-38
  4.5015E-38  4.5015E-38  4.5015E-38  4.5015E-38  4.5015E-38
  4.5015E-38  4.5015E-38  4.5015E-38  4.5015E-38  4.5015E-38
  4.5015E-38  4.5015E-38  4.5015E-38  4.5015E-38  4.5015E-38
  4.5015E-38  4.5015E-38  4.5015E-38  4.5015E-38  4.5015E-38
  4.5016E-38  4.5016E-38  4.5016E-38  4.5016E-38  4.5016E-38
  4.5017E-38  4.5017E-38  4.5017E-38  4.5017E-38  4.5017E-38
  4.5003E-38  4.5003E-38  4.5003E-38  4.5003E-38  4.5003E-38
  4.5003E-38  4.5003E-38  4.5003E-38  4.5003E-38  4.5003E-38
  4.5003E-38  4.5003E-38  4.5003E-38  4.5003E-38  4.5003E-38
  4.5005E-38  4.5005E-38  4.5005E-38  4.5005E-38  4.5005E-38
  4.5012E-38  4.5012E-38  4.5012E-38  4.5012E-38  4.5012E-38
  4.5014E-38  4.5014E-38  4.5014E-38  4.5014E-38  4.5014E-38
  4.5015E-38  4.5015E-38  4.5015E-38  4.5015E-38  4.5015E-38
  4.5015E-38  4.5015E-38  4.5015E-38  4.5015E-38  4.5015E-38
  4.5015E-38  4.5015E-38  4.5015E-38  4.5015E-38  4.5015E-38
  4.5015E-38  4.5015E-38  4.5015E-38  4.5015E-38  4.5015E-38
  4.5015E-38  4.5015E-38  4.5015E-38  4.5015E-38  4.5015E-38
  4.5015E-38  4.5015E-38  4.5015E-38  4.5015E-38  4.5015E-38
  4.5015E-38  4.5015E-38  4.5015E-38  4.5015E-38  4.5015E-38
  4.5015E-38  4.5015E-38  4.5015E-38  4.5015E-38  4.5015E-38
  4.5015E-38  4.5015E-38  4.5015E-38  4.5015E-38  4.5015E-38
  4.5015E-38  4.5015E-38  4.5015E-38  4.5015E-38  4.5015E-38
  4.5016E-38  4.5016E-38  4.5016E-38  4.5016E-38  4.5016E-38
  4.5003E-38  4.5003E-38  4.5003E-38  4.5003E-38  4.5003E-38
  4.5003E-38  4.5003E-38  4.5003E-38  4.5003E-38  4.5003E-38
  4.5003E-38  4.5003E-38  4.5003E-38  4.5003E-38  4.5003E-38
  4.5003E-38  4.5003E-38  4.5003E-38  4.5003E-38  4.5003E-38
  4.5003E-38  4.5003E-38  4.5003E-38  4.5003E-38  4.5003E-38
  4.5007E-38  4.5007E-38  4.5007E-38  4.5007E-38  4.5007E-38
  4.5013E-38  4.5013E-38  4.5013E-38  4.5013E-38  4.5013E-38
  4.5014E-38  4.5014E-38  4.5014E-38  4.5014E-38  4.5014E-38
  4.5015E-38  4.5015E-38  4.5015E-38  4.5015E-38  4.5015E-38
  4.5015E-38  4.5015E-38  4.5015E-38  4.5015E-38  4.5015E-38
  4.5015E-38  4.5015E-38  4.5015E-38  4.5015E-38  4.5015E-38
  4.5016E-38  4.5016E-38  4.5016E-38  4.5016E-38  4.5016E-38
  4.5016E-38  4.5016E-38  4.5016E-38  4.5016E-38  4.5016E-38
  4.5016E-38  4.5016E-38  4.5016E-38  4.5016E-38  4.5016E-38
  4.5016E-38  4.5016E-38  4.5016E-38  4.5016E-38  4.5016E-38
  4.5016E-38  4.5016E-38  4.5016E-38  4.5016E-38  4.5016E-38
  4.5016E-38  4.5016E-38  4.5016E-38  4.5016E-38  4.5016E-38
  4.5003E-38  4.5003E-38  4.5003E-38  4.5003E-38  4.5003E-38
  4.5003E-38  4.5003E-38  4.5003E-38  4.5003E-38  4.5003E-38
  4.5003E-38  4.5003E-38  4.5003E-38  4.5003E-38  4.5003E-38
  4.5003E-38  4.5003E-38  4.5003E-38  4.5003E-38  4.5003E-38
  4.5003E-38  4.5003E-38  4.5003E-38  4.5003E-38  4.5003E-38
  4.5003E-38  4.5003E-38  4.5003E-38  4.5003E-38  4.5003E-38
  4.5003E-38  4.5003E-38  4.5003E-38  4.5003E-38  4.5003E-38
  4.5011E-38  4.5011E-38  4.5011E-38  4.5011E-38  4.5011E-38
  4.5014E-38  4.5014E-38  4.5014E-38  4.5014E-38  4.5014E-38
  4.5015E-38  4.5015E-38  4.5015E-38  4.5015E-38  4.5015E-38
  4.5015E-38  4.5015E-38  4.5015E-38  4.5015E-38  4.5015E-38
  4.5015E-38  4.5015E-38  4.5015E-38  4.5015E-38  4.5015E-38
  4.5015E-38  4.5015E-38  4.5015E-38  4.5015E-38  4.5015E-38
  4.5016E-38  4.5016E-38  4.5016E-38  4.5016E-38  4.5016E-38
  4.5016E-38  4.5016E-38  4.5016E-38  4.5016E-38  4.5016E-38
  4.5016E-38  4.5016E-38  4.5016E-38  4.5016E-38  4.5016E-38
  4.5016E-38  4.5016E-38  4.5016E-38  4.5016E-38  4.5016E-38
  4.5003E-38  4.5003E-38  4.5003E-38  4.5003E-38  4.5003E-38
  4.5003E-38  4.5003E-38  4.5003E-38  4.5003E-38  4.5003E-38
  4.5003E-38  4.5003E-38  4.5003E-38  4.5003E-38  4.5003E-38
  4.5003E-38  4.5003E-38  4.5003E-38  4.5003E-38  4.5003E-38
  4.5003E-38  4.5003E-38  4.5003E-38  4.5003E-38  4.5003E-38
  4.5003E-38  4.5003E-38  4.5003E-38  4.5003E-38  4.5003E-38
  4.5003E-38  4.5003E-38  4.5003E-38  4.5003E-38  4.5003E-38
  4.5004E-38  4.5004E-38  4.5004E-38  4.5004E-38  4.5004E-38
  4.5008E-38  4.5008E-38  4.5008E-38  4.5008E-38  4.5008E-38
  4.5013E-38  4.5013E-38  4.5013E-38  4.5013E-38  4.5013E-38
  4.5015E-38  4.5015E-38  4.5015E-38  4.5015E-38  4.5015E-38
  4.5015E-38  4.5015E-38  4.5015E-38  4.5015E-38  4.5015E-38
  4.5015E-38  4.5015E-38  4.5015E-38  4.5015E-38  4.5015E-38
  4.5015E-38  4.5015E-38  4.5015E-38  4.5015E-38  4.5015E-38
  4.5016E-38  4.5016E-38  4.5016E-38  4.5016E-38  4.5016E-38
  4.5016E-38  4.5016E-38  4.5016E-38  4.5016E-38  4.5016E-38
  4.5016E-38  4.5016E-38  4.5016E-38  4.5016E-38  4.5016E-38
  4.5004E-38  4.5004E-38  4.5004E-38  4.5004E-38  4.5004E-38
  4.5003E-38  4.5003E-38  4.5003E-38  4.5003E-38  4.5003E-38
  4.5003E-38  4.5003E-38  4.5003E-38  4.5003E-38  4.5003E-38
  4.5003E-38  4.5003E-38  4.5003E-38  4.5003E-38  4.5003E-38
  4.5003E-38  4.5003E-38  4.5003E-38  4.5003E-38  4.5003E-38
  4.5003E-38  4.5003E-38  4.5003E-38  4.5003E-38  4.5003E-38
  4.5003E-38  4.5003E-38  4.5003E-38  4.5003E-38  4.5003E-38
  4.5004E-38  4.5004E-38  4.5004E-38  4.5004E-38  4.5004E-38
  4.5004E-38  4.5004E-38  4.5004E-38  4.5004E-38  4.5004E-38
  4.5005E-38  4.5005E-38  4.5005E-38  4.5005E-38  4.5005E-38
  4.5012E-38  4.5012E-38  4.5012E-38  4.5012E-38  4.5012E-38
  4.5014E-38  4.5014E-38  4.5014E-38  4.5014E-38  4.5014E-38
  4.5015E-38  4.5015E-38  4.5015E-38  4.5015E-38  4.5015E-38
  4.5015E-38  4.5015E-38  4.5015E-38  4.5015E-38  4.5015E-38
  4.5015E-38  4.5015E-38  4.5015E-38  4.5015E-38  4.5015E-38
  4.5015E-38  4.5015E-38  4.5015E-38  4.5015E-38  4.5015E-38
  4.5016E-38  4.5016E-38  4.5016E-38  4.5016E-38  4.5016E-38
  4.5004E-38  4.5004E-38  4.5004E-38  4.5004E-38  4.5004E-38
  4.5004E-38  4.5004E-38  4.5004E-38  4.5004E-38  4.5004E-38
  4.5004E-38  4.5004E-38  4.5004E-38  4.5004E-38  4.5004E-38
  4.5003E-38  4.5003E-38  4.5003E-38  4.5003E-38  4.5003E-38
  4.5003E-38  4.5003E-38  4.5003E-38  4.5003E-38  4.5003E-38
  4.5003E-38  4.5003E-38  4.5003E-38  4.5003E-38  4.5003E-38
  4.5003E-38  4.5003E-38  4.5003E-38  4.5003E-38  4.5003E-38
  4.5003E-38  4.5003E-38  4.5003E-38  4.5003E-38  4.5003E-38
  4.5004E-38  4.5004E-38  4.5004E-38  4.5004E-38  4.5004E-38
  4.5004E-38  4.5004E-38  4.5004E-38  4.5004E-38  4.5004E-38
  4.5004E-38  4.5004E-38  4.5004E-38  4.5004E-38  4.5004E-38
  4.5011E-38  4.5011E-38  4.5011E-38  4.5011E-38  4.5011E-38
  4.5014E-38  4.5014E-38  4.5014E-38  4.5014E-38  4.5014E-38
  4.5015E-38  4.5015E-38  4.5015E-38  4.5015E-38  4.5015E-38
  4.5015E-38  4.5015E-38  4.5015E-38  4.5015E-38  4.5015E-38
  4.5015E-38  4.5015E-38  4.5015E-38  4.5015E-38  4.5015E-38
  4.5016E-38  4.5016E-38  4.5016E-38  4.5016E-38  4.5016E-38
  4.5004E-38  4.5004E-38  4.5004E-38  4.5004E-38  4.5004E-38
  4.5004E-38  4.5004E-38  4.5004E-38  4.5004E-38  4.5004E-38
  4.5004E-38  4.5004E-38  4.5004E-38  4.5004E-38  4.5004E-38
  4.5004E-38  4.5004E-38  4.5004E-38  4.5004E-38  4.5004E-38
  4.5003E-38  4.5003E-38  4.5003E-38  4.5003E-38  4.5003E-38
  4.5003E-38  4.5003E-38  4.5003E-38  4.5003E-38  4.5003E-38
  4.5003E-38  4.5003E-38  4.5003E-38  4.5003E-38  4.5003E-38
  4.5004E-38  4.5004E-38  4.5004E-38  4.5004E-38  4.5004E-38
  4.5004E-38  4.5004E-38  4.5004E-38  4.5004E-38  4.5004E-38
  4.5004E-38  4.5004E-38  4.5004E-38  4.5004E-38  4.5004E-38
  4.5004E-38  4.5004E-38  4.5004E-38  4.5004E-38  4.5004E-38
  4.5004E-38  4.5004E-38  4.5004E-38  4.5004E-38  4.5004E-38
  4.5011E-38  4.5011E-38  4.5011E-38  4.5011E-38  4.5011E-38
  4.5014E-38  4.5014E-38  4.5014E-38  4.5014E-38  4.5014E-38
  4.5015E-38  4.5015E-38  4.5015E-38  4.5015E-38  4.5015E-38
  4.5015E-38  4.5015E-38  4.5015E-38  4.5015E-38  4.5015E-38
  4.5015E-38  4.5015E-38  4.5015E-38  4.5015E-38  4.5015E-38
  4.5004E-38  4.5004E-38  4.5004E-38  4.5004E-38  4.5004E-38
  4.5004E-38  4.5004E-38  4.5004E-38  4.5004E-38  4.5004E-38
  4.5004E-38  4.5004E-38  4.5004E-38  4.5004E-38  4.5004E-38
  4.5004E-38  4.5004E-38  4.5004E-38  4.5004E-38  4.5004E-38
  4.5004E-38  4.5004E-38  4.5004E-38  4.5004E-38  4.5004E-38
  4.5004E-38  4.5004E-38  4.5004E-38  4.5004E-38  4.5004E-38
  4.5003E-38  4.5003E-38  4.5003E-38  4.5003E-38  4.5003E-38
  4.5004E-38  4.5004E-38  4.5004E-38  4.5004E-38  4.5004E-38
  4.5004E-38  4.5004E-38  4.5004E-38  4.5004E-38  4.5004E-38
  4.5004E-38  4.5004E-38  4.5004E-38  4.5004E-38  4.5004E-38
  4.5004E-38  4.5004E-38  4.5004E-38  4.5004E-38  4.5004E-38
  4.5004E-38  4.5004E-38  4.5004E-38  4.5004E-38  4.5004E-38
  4.5004E-38  4.5004E-38  4.5004E-38  4.5004E-38  4.5004E-38
  4.5011E-38  4.5011E-38  4.5011E-38  4.5011E-38  4.5011E-38
  4.5014E-38  4.5014E-38  4.5014E-38  4.5014E-38  4.5014E-38
  4.5015E-38  4.5015E-38  4.5015E-38  4.5015E-38  4.5015E-38
  4.5015E-38  4.5015E-38  4.5015E-38  4.5015E-38  4.5015E-38
  4.5004E-38  4.5004E-38  4.5004E-38  4.5004E-38  4.5004E-38
  4.5004E-38  4.5004E-38  4.5004E-38  4.5004E-38  4.5004E-38
  4.5004E-38  4.5004E-38  4.5004E-38  4.5004E-38  4.5004E-38
  4.5004E-38  4.5004E-38  4.5004E-38  4.5004E-38  4.5004E-38
  4.5004E-38  4.5004E-38  4.5004E-38  4.5004E-38  4.5004E-38
  4.5004E-38  4.5004E-38  4.5004E-38  4.5004E-38  4.5004E-38
  4.5004E-38  4.5004E-38  4.5004E-38  4.5004E-38  4.5004E-38
  4.5004E-38  4.5004E-38  4.5004E-38  4.5004E-38  4.5004E-38
  4.5004E-38  4.5004E-38  4.5004E-38  4.5004E-38  4.5004E-38
  4.5004E-38  4.5004E-38  4.5004E-38  4.5004E-38  4.5004E-38
  4.5004E-38  4.5004E-38  4.5004E-38  4.5004E-38  4.5004E-38
  4.5004E-38  4.5004E-38  4.5004E-38  4.5004E-38  4.5004E-38
  4.5004E-38  4.5004E-38  4.5004E-38  4.5004E-38  4.5004E-38
  4.5004E-38  4.5004E-38  4.5004E-38  4.5004E-38  4.5004E-38
  4.5012E-38  4.5012E-38  4.5012E-38  4.5012E-38  4.5012E-38
  4.5014E-38  4.5014E-38  4.5014E-38  4.5014E-38  4.5014E-38
  4.5015E-38  4.5015E-38  4.5015E-38  4.5015E-38  4.5015E-38
  4.5004E-38  4.5004E-38  4.5004E-38  4.5004E-38  4.5004E-38
  4.5004E-38  4.5004E-38  4.5004E-38  4.5004E-38  4.5004E-38
  4.5004E-38  4.5004E-38  4.5004E-38  4.5004E-38  4.5004E-38
  4.5004E-38  4.5004E-38  4.5004E-38  4.5004E-38  4.5004E-38
  4.5004E-38  4.5004E-38  4.5004E-38  4.5004E-38  4.5004E-38
  4.5004E-38  4.5004E-38  4.5004E-38  4.5004E-38  4.5004E-38
  4.5004E-38  4.5004E-38  4.5004E-38  4.5004E-38  4.5004E-38
  4.5004E-38  4.5004E-38  4.5004E-38  4.5004E-38  4.5004E-38
  4.5004E-38  4.5004E-38  4.5004E-38  4.5004E-38  4.5004E-38
  4.5004E-38  4.5004E-38  4.5004E-38  4.5004E-38  4.5004E-38
  4.5004E-38  4.5004E-38  4.5004E-38  4.5004E-38  4.5004E-38
  4.5004E-38  4.5004E-38  4.5004E-38  4.5004E-38  4.5004E-38
  4.5004E-38  4.5004E-38  4.5004E-38  4.5004E-38  4.5004E-38
  4.5004E-38  4.5004E-38  4.5004E-38  4.5004E-38  4.5004E-38
  4.5006E-38  4.5006E-38  4.5006E-38  4.5006E-38  4.5006E-38
  4.5012E-38  4.5012E-38  4.5012E-38  4.5012E-38  4.5012E-38
  4.5015E-38  4.5015E-38  4.5015E-38  4.5015E-38  4.5015E-38
  4.5015E-38  4.5015E-38  4.5015E-38  4.5015E-38  4.5015E-38
  4.5004E-38  4.5004E-38  4.5004E-38  4.5004E-38  4.5004E-38
  4.5004E-38  4.5004E-38  4.5004E-38  4.5004E-38  4.5004E-38
  4.5004E-38  4.5004E-38  4.5004E-38  4.5004E-38  4.5004E-38
  4.5004E-38  4.5004E-38  4.5004E-38  4.5004E-38  4.5004E-38
  4.5004E-38  4.5004E-38  4.5004E-38  4.5004E-38  4.5004E-38
  4.5004E-38  4.5004E-38  4.5004E-38  4.5004E-38  4.5004E-38
  4.5004E-38  4.5004E-38  4.5004E-38  4.5004E-38  4.5004E-38
  4.5004E-38  4.5004E-38  4.5004E-38  4.5004E-38  4.5004E-38
  4.5004E-38  4.5004E-38  4.5004E-38  4.5004E-38  4.5004E-38
  4.5004E-38  4.5004E-38  4.5004E-38  4.5004E-38  4.5004E-38
  4.5004E-38  4.5004E-38  4.5004E-38  4.5004E-38  4.5004E-38
  4.5004E-38  4.5004E-38  4.5004E-38  4.5004E-38  4.5004E-38
  4.5004E-38  4.5004E-38  4.5004E-38  4.5004E-38  4.5004E-38
  4.5004E-38  4.5004E-38  4.5004E-38  4.5004E-38  4.5004E-38
  4.5004E-38  4.5004E-38  4.5004E-38  4.5004E-38  4.5004E-38
  4.5008E-38  4.5008E-38  4.5008E-38  4.5008E-38  4.5008E-38
  4.5013E-38  4.5013E-38  4.5013E-38  4.5013E-38  4.5013E-38
  4.5015E-38  4.5015E-38  4.5015E-38  4.5015E-38  4.5015E-38
  4.5004E-38  4.5004E-38  4.5004E-38  4.5004E-38  4.5004E-38
  4.5004E-38  4.5004E-38  4.5004E-38  4.5004E-38  4.5004E-38
  4.5004E-38  4.5004E-38  4.5004E-38  4.5004E-38  4.5004E-38
  4.5004E-38  4.5004E-38  4.5004E-38  4.5004E-38  4.5004E-38
  4.5004E-38  4.5004E-38  4.5004E-38  4.5004E-38  4.5004E-38
  4.5004E-38  4.5004E-38  4.5004E-38  4.5004E-38  4.5004E-38
  4.5004E-38  4.5004E-38  4.5004E-38  4.5004E-38  4.5004E-38
  4.5004E-38  4.5004E-38  4.5004E-38  4.5004E-38  4.5004E-38
  4.5004E-38  4.5004E-38  4.5004E-38  4.5004E-38  4.5004E-38
  4.5004E-38  4.5004E-38  4.5004E-38  4.5004E-38  4.5004E-38
  4.5004E-38  4.5004E-38  4.5004E-38  4.5004E-38  4.5004E-38
  4.5004E-38  4.5004E-38  4.5004E-38  4.5004E-38  4.5004E-38
  4.5004E-38  4.5004E-38  4.5004E-38  4.5004E-38  4.5004E-38
  4.5004E-38  4.5004E-38  4.5004E-38  4.5004E-38  4.5004E-38
  4.5004E-38  4.5004E-38  4.5004E-38  4.5004E-38  4.5004E-38
  4.5005E-38  4.5005E-38  4.5005E-38  4.5005E-38  4.5005E-38
  4.5012E-38  4.5012E-38  4.5012E-38  4.5012E-38  4.5012E-38
  4.5014E-38  4.5014E-38  4.5014E-38  4.5014E-38  4.5014E-38
  4.5004E-38  4.5004E-38  4.5004E-38  4.5004E-38  4.5004E-38
  4.5004E-38  4.5004E-38  4.5004E-38  4.5004E-38  4.5004E-38
  4.5004E-38  4.5004E-38  4.5004E-38  4.5004E-38  4.5004E-38
  4.5004E-38  4.5004E-38  4.5004E-38  4.5004E-38  4.5004E-38
  4.5004E-38  4.5004E-38  4.5004E-38  4.5004E-38  4.5004E-38
  4.5004E-38  4.5004E-38  4.5004E-38  4.5004E-38  4.5004E-38
  4.5004E-38  4.5004E-38  4.5004E-38  4.5004E-38  4.5004E-38
  4.5004E-38  4.5004E-38  4.5004E-38  4.5004E-38  4.5004E-38
  4.5004E-38  4.5004E-38  4.5004E-38  4.5004E-38  4.5004E-38
  4.5004E-38  4.5004E-38  4.5004E-38  4.5004E-38  4.5004E-38
  4.5004E-38  4.5004E-38  4.5004E-38  4.5004E-38  4.5004E-38
  4.5004E-38  4.5004E-38  4.5004E-38  4.5004E-38  4.5004E-38
  4.5004E-38  4.5004E-38  4.5004E-38  4.5004E-38  4.5004E-38
  4.5004E-38  4.5004E-38  4.5004E-38  4.5004E-38  4.5004E-38
  4.5004E-38  4.5004E-38  4.5004E-38  4.5004E-38  4.5004E-38
  4.5004E-38  4.5004E-38  4.5004E-38  4.5004E-38  4.5004E-38
  4.5011E-38  4.5011E-38  4.5011E-38  4.5011E-38  4.5011E-38
  4.5014E-38  4.5014E-38  4.5014E-38  4.5014E-38  4.5014E-38
  4.5004E-38  4.5004E-38  4.5004E-38  4.5004E-38  4.5004E-38
  4.5004E-38  4.5004E-38  4.5004E-38  4.5004E-38  4.5004E-38
  4.5004E-38  4.5004E-38  4.5004E-38  4.5004E-38  4.5004E-38
  4.5004E-38  4.5004E-38  4.5004E-38  4.5004E-38  4.5004E-38
  4.5004E-38  4.5004E-38  4.5004E-38  4.5004E-38  4.5004E-38
  4.5004E-38  4.5004E-38  4.5004E-38  4.5004E-38  4.5004E-38
  4.5004E-38  4.5004E-38  4.5004E-38  4.5004E-38  4.5004E-38
  4.5004E-38  4.5004E-38  4.5004E-38  4.5004E-38  4.5004E-38
  4.5004E-38  4.5004E-38  4.5004E-38  4.5004E-38  4.5004E-38
  4.5004E-38  4.5004E-38  4.5004E-38  4.5004E-38  4.5004E-38
  4.5004E-38  4.5004E-38  4.5004E-38  4.5004E-38  4.5004E-38
  4.5004E-38  4.5004E-38  4.5004E-38  4.5004E-38  4.5004E-38
  4.5004E-38  4.5004E-38  4.5004E-38  4.5004E-38  4.5004E-38
  4.5004E-38  4.5004E-38  4.5004E-38  4.5004E-38  4.5004E-38
  4.5004E-38  4.5004E-38  4.5004E-38  4.5004E-38  4.5004E-38
  4.5004E-38  4.5004E-38  4.5004E-38  4.5004E-38  4.5004E-38
  4.5007E-38  4.5007E-38  4.5007E-38  4.5007E-38  4.5007E-38
  4.5013E-38  4.5013E-38  4.5013E-38  4.5013E-38  4.5013E-38
  4.5000E-38  4.5000E-38  4.5000E-38  4.5000E-38  4.5000E-38
  4.5000E-38  4.5000E-38  4.5000E-38  4.5000E-38  4.5000E-38
  4.5000E-38  4.5000E-38  4.5000E-38  4.5000E-38  4.5000E-38
  4.5000E-38  4.5000E-38  4.5000E-38  4.5000E-38  4.5000E-38
  4.5000E-38  4.5000E-38  4.5000E-38  4.5000E-38  4.5000E-38
  4.5000E-38  4.5000E-38  4.5000E-38  4.5000E-38  4.5000E-38
  4.5000E-38  4.5000E-38  4.5000E-38  4.5000E-38  4.5000E-38
  4.5000E-38  4.5000E-38  4.5000E-38  4.5000E-38  4.5000E-38
  4.5000E-38  4.5000E-38  4.5000E-38  4.5000E-38  4.5000E-38
  4.5000E-38  4.5000E-38  4.5000E-38  4.5000E-38  4.5000E-38
  4.5000E-38  4.5000E-38  4.5000E-38  4.5000E-38  4.5000E-38
  4.5000E-38  4.5000E-38  4.5000E-38  4.5000E-38  4.5000E-38
  4.5000E-38  4.5000E-38  4.5000E-38  4.5000E-38  4.5000E-38
  4.5000E-38  4.5000E-38  4.5000E-38  4.5000E-38  4.5000E-38
  4.5000E-38  4.5000E-38  4.5000E-38  4.5000E-38  4.5000E-38
  4.5000E-38  4.5000E-38  4.5000E-38  4.5000E-38  4.5000E-38
  4.5000E-38  4.5000E-38  4.5000E-38  4.5000E-38  4.5000E-38
  4.5007E-38  4.5007E-38  4.5007E-38  4.5007E-38  4.5007E-38
  4.5000E-38  4.5000E-38  4.5000E-38  4.5000E-38  4.5000E-38
  4.5000E-38  4.5000E-38  4.5000E-38  4.5000E-38  4.5000E-38
  4.5000E-38  4.5000E-38  4.5000E-38  4.5000E-38  4.5000E-38
  4.5000E-38  4.5000E-38  4.5000E-38  4.5000E-38  4.5000E-38
  4.5000E-38  4.5000E-38  4.5000E-38  4.5000E-38  4.5000E-38
  4.5000E-38  4.5000E-38  4.5000E-38  4.5000E-38  4.5000E-38
  4.5000E-38  4.5000E-38  4.5000E-38  4.5000E-38  4.5000E-38
  4.5000E-38  4.5000E-38  4.5000E-38  4.5000E-38  4.5000E-38
  4.5000E-38  4.5000E-38  4.5000E-38  4.5000E-38  4.5000E-38
  4.5000E-38  4.5000E-38  4.5000E-38  4.5000E-38  4.5000E-38
  4.5000E-38  4.5000E-38  4.5000E-38  4.5000E-38  4.5000E-38
  4.5000E-38  4.5000E-38  4.5000E-38  4.5000E-38  4.5000E-38
  4.5000E-38  4.5000E-38  4.5000E-38  4.5000E-38  4.5000E-38
  4.5000E-38  4.5000E-38  4.5000E-38  4.5000E-38  4.5000E-38
  4.5000E-38  4.5000E-38  4.5000E-38  4.5000E-38  4.5000E-38
  4.5000E-38  4.5000E-38  4.5000E-38  4.5000E-38  4.5000E-38
  4.5000E-38  4.5000E-38  4.5000E-38  4.5000E-38  4.5000E-38
  4.5003E-38  4.5003E-38  4.5003E-38  4.5003E-38  4.5003E-38
  4.5000E-38  4.5000E-38  4.5000E-38  4.5000E-38  4.5000E-38
  4.5000E-38  4.5000E-38  4.5000E-38  4.5000E-38  4.5000E-38
  4.5000E-38  4.5000E-38  4.5000E-38  4.5000E-38  4.5000E-38
  4.5000E-38  4.5000E-38  4.5000E-38  4.5000E-38  4.5000E-38
  4.5000E-38  4.5000E-38  4.5000E-38  4.5000E-38  4.5000E-38
  4.5000E-38  4.5000E-38  4.5000E-38  4.5000E-38  4.5000E-38
  4.5000E-38  4.5000E-38  4.5000E-38  4.5000E-38  4.5000E-38
  4.5000E-38  4.5000E-38  4.5000E-38  4.5000E-38  4.5000E-38
  4.5000E-38  4.5000E-38  4.5000E-38  4.5000E-38  4.5000E-38
  4.5000E-38  4.5000E-38  4.5000E-38  4.5000E-38  4.5000E-38
  4.5000E-38  4.5000E-38  4.5000E-38  4.5000E-38  4.5000E-38
  4.5000E-38  4.5000E-38  4.5000E-38  4.5000E-38  4.5000E-38
  4.5000E-38  4.5000E-38  4.5000E-38  4.5000E-38  4.5000E-38
  4.5000E-38  4.5000E-38  4.5000E-38  4.5000E-38  4.5000E-38
  4.5000E-38  4.5000E-38  4.5000E-38  4.5000E-38  4.5000E-38
  4.5000E-38  4.5000E-38  4.5000E-38  4.5000E-38  4.5000E-38
  4.5000E-38  4.5000E-38  4.5000E-38  4.5000E-38  4.5000E-38
  4.5000E-38  4.5000E-38  4.5000E-38  4.5000E-38  4.5000E-38
  4.5000E-38  4.5000E-38  4.5000E-38  4.5000E-38  4.5000E-38
  4.5000E-38  4.5000E-38  4.5000E-38  4.5000E-38  4.5000E-38
  4.5000E-38  4.5000E-38  4.5000E-38  4.5000E-38  4.5000E-38
  4.5000E-38  4.5000E-38  4.5000E-38  4.5000E-38  4.5000E-38
  4.5000E-38  4.5000E-38  4.5000E-38  4.5000E-38  4.5000E-38
  4.5000E-38  4.5000E-38  4.5000E-38  4.5000E-38  4.5000E-38
  4.5000E-38  4.5000E-38  4.5000E-38  4.5000E-38  4.5000E-38
  4.5000E-38  4.5000E-38  4.5000E-38  4.5000E-38  4.5000E-38
  4.5000E-38  4.5000E-38  4.5000E-38  4.5000E-38  4.5000E-38
  4.5000E-38  4.5000E-38  4.5000E-38  4.5000E-38  4.5000E-38
  4.5000E-38  4.5000E-38  4.5000E-38  4.5000E-38  4.5000E-38
  4.5000E-38  4.5000E-38  4.5000E-38  4.5000E-38  4.5000E-38
  4.5000E-38  4.5000E-38  4.5000E-38  4.5000E-38  4.5000E-38
  4.5000E-38  4.5000E-38  4.5000E-38  4.5000E-38  4.5000E-38
  4.5000E-38  4.5000E-38  4.5000E-38  4.5000E-38  4.5000E-38
  4.5000E-38  4.5000E-38  4.5000E-38  4.5000E-38  4.5000E-38
  4.5000E-38  4.5000E-38  4.5000E-38  4.5000E-38  4.5000E-38
  4.5000E-38  4.5000E-38  4.5000E-38  4.5000E-38  4.5000E-38
  4.5000E-38  4.5000E-38  4.5000E-38  4.5000E-38  4.5000E-38
  4.5000E-38  4.5000E-38  4.5000E-38  4.5000E-38  4.5000E-38
  4.5000E-38  4.5000E-38  4.5000E-38  4.5000E-38  4.5000E-38
  4.5000E-38  4.5000E-38  4.5000E-38  4.5000E-38  4.5000E-38
  4.5000E-38  4.5000E-38  4.5000E-38  4.5000E-38  4.5000E-38
  4.5000E-38  4.5000E-38  4.5000E-38  4.5000E-38  4.5000E-38
  4.5000E-38  4.5000E-38  4.5000E-38  4.5000E-38  4.5000E-38
  4.5000E-38  4.5000E-38  4.5000E-38  4.5000E-38  4.5000E-38
  4.5000E-38  4.5000E-38  4.5000E-38  4.5000E-38  4.5000E-38
  4.5000E-38  4.5000E-38  4.5000E-38  4.5000E-38  4.5000E-38
  4.5000E-38  4.5000E-38  4.5000E-38  4.5000E-38  4.5000E-38
  4.5000E-38  4.5000E-38  4.5000E-38  4.5000E-38  4.5000E-38
  4.5000E-38  4.5000E-38  4.5000E-38  4.5000E-38  4.5000E-38
  4.5000E-38  4.5000E-38  4.5000E-38  4.5000E-38  4.5000E-38
  4.5000E-38  4.5000E-38  4.5000E-38  4.5000E-38  4.5000E-38
  4.5000E-38  4.5000E-38  4.5000E-38  4.5000E-38  4.5000E-38
  4.5000E-38  4.5000E-38  4.5000E-38  4.5000E-38  4.5000E-38
  4.5000E-38  4.5000E-38  4.5000E-38  4.5000E-38  4.5000E-38
  4.5000E-38  4.5000E-38  4.5000E-38  4.5000E-38  4.5000E-38
  4.5000E-38  4.5000E-38  4.5000E-38  4.5000E-38  4.5000E-38
  4.5000E-38  4.5000E-38  4.5000E-38  4.5000E-38  4.5000E-38
  4.5000E-38  4.5000E-38  4.5000E-38  4.5000E-38  4.5000E-38
  4.5000E-38  4.5000E-38  4.5000E-38  4.5000E-38  4.5000E-38
  4.5000E-38  4.5000E-38  4.5000E-38  4.5000E-38  4.5000E-38
  4.5000E-38  4.5000E-38  4.5000E-38  4.5000E-38  4.5000E-38
  4.5000E-38  4.5000E-38  4.5000E-38  4.5000E-38  4.5000E-38
  4.5000E-38  4.5000E-38  4.5000E-38  4.5000E-38  4.5000E-38
  4.5000E-38  4.5000E-38  4.5000E-38  4.5000E-38  4.5000E-38
  4.5000E-38  4.5000E-38  4.5000E-38  4.5000E-38  4.5000E-38
  4.5000E-38  4.5000E-38  4.5000E-38  4.5000E-38  4.5000E-38
  4.5000E-38  4.5000E-38  4.5000E-38  4.5000E-38  4.5000E-38
  4.5000E-38  4.5000E-38  4.5000E-38  4.5000E-38  4.5000E-38
  4.5000E-38  4.5000E-38  4.5000E-38  4.5000E-38  4.5000E-38
  4.5000E-38  4.5000E-38  4.5000E-38  4.5000E-38  4.5000E-38
  4.5000E-38  4.5000E-38  4.5000E-38  4.5000E-38  4.5000E-38
  4.5000E-38  4.5000E-38  4.5000E-38  4.5000E-38  4.5000E-38
  4.5000E-38  4.5000E-38  4.5000E-38  4.5000E-38  4.5000E-38
  4.5000E-38  4.5000E-38  4.5000E-38  4.5000E-38  4.5000E-38
  4.5000E-38  4.5000E-38  4.5000E-38  4.5000E-38  4.5000E-38
  4.5000E-38  4.5000E-38  4.5000E-38  4.5000E-38  4.5000E-38
  4.5000E-38  4.5000E-38  4.5000E-38  4.5000E-38  4.5000E-38
  4.5000E-38  4.5000E-38  4.5000E-38  4.5000E-38  4.5000E-38
  4.5000E-38  4.5000E-38  4.5000E-38  4.5000E-38  4.5000E-38
  4.5000E-38  4.5000E-38  4.5000E-38  4.5000E-38  4.5000E-38
  4.5000E-38  4.5000E-38  4.5000E-38  4.5000E-38  4.5000E-38
  4.5000E-38  4.5000E-38  4.5000E-38  4.5000E-38  4.5000E-38
  4.5000E-38  4.5000E-38  4.5000E-38  4.5000E-38  4.5000E-38
  4.5000E-38  4.5000E-38  4.5000E-38  4.5000E-38  4.5000E-38
  4.5000E-38  4.5000E-38  4.5000E-38  4.5000E-38  4.5000E-38
  4.5000E-38  4.5000E-38  4.5000E-38  4.5000E-38  4.5000E-38
  4.5000E-38  4.5000E-38  4.5000E-38  4.5000E-38  4.5000E-38
  4.5000E-38  4.5000E-38  4.5000E-38  4.5000E-38  4.5000E-38
  4.5000E-38  4.5000E-38  4.5000E-38  4.5000E-38  4.5000E-38
  4.5000E-38  4.5000E-38  4.5000E-38  4.5000E-38  4.5000E-38
  4.5002E-38  2.2612E-21  3.1279E-30  3.6753E-29  1.5499E-29
  4.5002E-38  7.5379E-22  5.1588E-31  6.0618E-30  2.5562E-30
  4.5002E-38  2.2616E-22  7.6028E-32  8.9335E-31  3.7672E-31
  4.5002E-38  7.5389E-23  1.3770E-32  1.6181E-31  6.8234E-32
  4.5001E-38  2.2617E-23  2.1753E-33  2.5561E-32  1.0778E-32
  4.5002E-38  7.5392E-24  4.1003E-34  4.8180E-33  2.0317E-33
  4.5002E-38  2.2618E-24  6.6499E-35  7.8139E-34  3.2951E-34
  4.5002E-38  7.5392E-25  1.2711E-35  1.4937E-34  6.2985E-35
  4.5002E-38  2.2617E-25  2.0800E-36  2.4440E-35  1.0306E-35
  4.5001E-38  7.5390E-26  3.9942E-37  4.6933E-36  1.9792E-36
  4.5001E-38  2.2618E-26  6.5544E-38  7.7016E-37  3.2477E-37
  4.5001E-38  7.5390E-27  4.5001E-38  1.4811E-37  6.2460E-38
  4.5001E-38  2.2618E-27  4.5001E-38  4.5001E-38  4.5001E-38
  4.5001E-38  7.5390E-28  4.5001E-38  4.5001E-38  4.5001E-38
  4.5001E-38  2.2618E-28  4.5001E-38  4.5001E-38  4.5001E-38
  4.5001E-38  7.5390E-29  4.5001E-38  4.5001E-38  4.5001E-38
  4.5001E-38  2.2618E-29  4.5001E-38  4.5001E-38  4.5001E-38
  4.5001E-38  7.5390E-30  4.5001E-38  4.5001E-38  4.5001E-38
  6.6509E-35  3.0978E-19  1.3447E-26  1.3368E-25  1.5764E-26
  1.2799E-35  1.0327E-19  1.8401E-27  1.8292E-26  6.4709E-27
  2.1032E-36  3.0986E-20  2.2642E-28  2.2508E-27  9.9403E-28
  4.0476E-37  1.0329E-20  3.6093E-29  3.5880E-28  1.5846E-28
  6.6508E-38  3.0992E-21  5.1711E-30  5.1406E-29  2.2703E-29
  4.5001E-38  1.0331E-21  9.2035E-31  9.1491E-30  4.0405E-30
  4.5002E-38  3.0995E-22  1.4364E-31  1.4279E-30  6.3058E-31
  4.5002E-38  1.0331E-22  2.6893E-32  2.6734E-31  1.1807E-31
  4.5002E-38  3.0995E-23  4.3429E-33  4.3172E-32  1.9066E-32
  4.5001E-38  1.0331E-23  8.2829E-34  8.2340E-33  3.6364E-33
  4.5001E-38  3.0995E-24  1.3534E-34  1.3454E-33  5.9418E-34
  4.5001E-38  1.0332E-24  2.5972E-35  2.5818E-34  1.1402E-34
  4.5001E-38  3.0996E-25  4.2600E-36  4.2348E-35  1.8703E-35
  4.5001E-38  1.0332E-25  8.1909E-37  8.1425E-36  3.5960E-36
  4.5001E-38  3.0996E-26  1.3451E-37  1.3371E-36  5.9055E-37
  4.5001E-38  1.0332E-26  4.5001E-38  2.5727E-37  1.1361E-37
  4.5001E-38  3.0996E-27  4.5001E-38  4.5001E-38  4.5001E-38
  4.5001E-38  1.0332E-27  4.5001E-38  4.5001E-38  4.5001E-38
  1.8073E-31  2.4396E-17  3.2492E-23  2.7833E-22  1.5259E-24
  3.4780E-32  8.1324E-18  3.9126E-24  3.3516E-23  5.5121E-25
  5.7149E-33  2.4400E-18  4.0530E-25  3.4719E-24  1.9033E-25
  1.0998E-33  8.1341E-19  5.4594E-26  4.6766E-25  7.6912E-26
  1.8073E-34  2.4406E-19  6.5941E-27  5.6487E-26  2.5983E-26
  3.4780E-35  8.1361E-20  1.0349E-27  8.8653E-27  4.0778E-27
  5.7149E-36  2.4411E-20  1.4629E-28  1.2531E-27  5.7639E-28
  1.0998E-36  8.1374E-21  2.5810E-29  2.2109E-28  1.0169E-28
  1.8072E-37  2.4413E-21  4.0032E-30  3.4291E-29  1.5774E-29
  4.5002E-38  8.1378E-22  7.4697E-31  6.3987E-30  2.9432E-30
  4.5001E-38  2.4414E-22  1.2036E-31  1.0310E-30  4.7426E-31
  4.5001E-38  8.1379E-23  2.2929E-32  1.9642E-31  9.0347E-32
  4.5001E-38  2.4414E-23  3.7439E-33  3.2071E-32  1.4751E-32
  4.5001E-38  8.1380E-24  7.1816E-34  6.1519E-33  2.8298E-33
  4.5001E-38  2.4414E-24  1.1777E-34  1.0088E-33  4.6404E-34
  4.5001E-38  8.1380E-25  2.2642E-35  1.9395E-34  8.9212E-35
  4.5001E-38  2.4414E-25  3.7179E-36  3.1849E-35  1.4649E-35
  4.5001E-38  8.1380E-26  7.1528E-37  6.1273E-36  2.8184E-36
  2.1268E-28  1.2057E-15  3.9707E-20  9.0029E-20  1.0541E-22
  4.0930E-29  4.0190E-16  4.5407E-21  3.0885E-20  3.6162E-23
  6.7255E-30  1.2057E-16  4.3129E-22  3.2334E-21  1.1449E-23
  1.2943E-30  4.0195E-17  5.1992E-23  3.8978E-22  4.1406E-24
  2.1268E-31  1.2059E-17  5.3949E-24  4.0445E-23  1.4321E-24
  4.0930E-32  4.0203E-18  7.2811E-25  5.4587E-24  5.7987E-25
  6.7255E-33  1.2062E-18  8.8154E-26  6.6089E-25  2.3402E-25
  1.2944E-33  4.0214E-19  1.3864E-26  1.0393E-25  4.9563E-26
  2.1268E-34  1.2065E-19  1.9630E-27  1.4717E-26  7.0179E-27
  4.0929E-35  4.0219E-20  3.4673E-28  2.5995E-27  1.2396E-27
  6.7252E-36  1.2066E-20  5.3823E-29  4.0351E-28  1.9243E-28
  1.2942E-36  4.0221E-21  1.0048E-29  7.5328E-29  3.5923E-29
  2.1267E-37  1.2066E-21  1.6196E-30  1.2141E-29  5.7901E-30
  4.5001E-38  4.0222E-22  3.0858E-31  2.3134E-30  1.1032E-30
  4.5001E-38  1.2066E-22  5.0389E-32  3.7776E-31  1.8015E-31
  4.5001E-38  4.0222E-23  9.6663E-33  7.2468E-32  3.4559E-32
  4.5001E-38  1.2066E-23  1.5852E-33  1.1884E-32  5.6673E-33
  4.5001E-38  4.0222E-24  3.0476E-34  2.2848E-33  1.0895E-33
  1.2290E-25  4.0115E-14  2.4708E-17  3.5318E-18  4.9678E-21
  2.3652E-26  1.3371E-14  2.7750E-18  1.1900E-18  1.6739E-21
  3.8864E-27  4.0115E-15  2.5498E-19  3.6447E-19  5.1267E-22
  7.4794E-28  1.3372E-15  2.9271E-20  1.2552E-19  1.7657E-22
  1.2289E-28  4.0118E-16  2.7997E-21  1.8614E-20  5.6293E-23
  2.3652E-29  1.3373E-16  3.4081E-22  2.2659E-21  2.0558E-23
  3.8864E-30  4.0125E-17  3.5900E-23  2.3868E-22  7.2183E-24
  7.4794E-31  1.3377E-17  4.9289E-24  3.2769E-23  2.9731E-24
  1.2289E-31  4.0135E-18  6.0884E-25  4.0479E-24  1.2241E-24
  2.3651E-32  1.3380E-18  9.7364E-26  6.4732E-25  3.1880E-25
  3.8863E-33  4.0142E-19  1.3988E-26  9.2995E-26  4.5799E-26
  7.4789E-34  1.3381E-19  2.4937E-27  1.6580E-26  8.1652E-27
  1.2289E-34  4.0145E-20  3.8964E-28  2.5905E-27  1.2758E-27
  2.3651E-35  1.3382E-20  7.3005E-29  4.8538E-28  2.3905E-28
  3.8861E-36  4.0147E-21  1.1795E-29  7.8418E-29  3.8620E-29
  7.4789E-37  1.3382E-21  2.2501E-30  1.4959E-29  7.3675E-30
  1.2289E-37  4.0147E-22  3.6772E-31  2.4448E-30  1.2040E-30
  4.5001E-38  1.3382E-22  7.0569E-32  4.6918E-31  2.3107E-31
  8.3869E-19  2.3097E-10  2.1268E-11  3.2110E-14  7.1171E-17
  1.6156E-19  7.6987E-11  7.1002E-12  1.0719E-14  2.3756E-17
  2.6563E-20  2.3093E-11  2.0721E-12  3.2218E-15  7.1397E-18
  5.1134E-21  7.6973E-12  2.3088E-13  1.0770E-15  2.3868E-18
  8.4039E-22  2.3092E-12  2.0895E-14  3.2491E-16  7.2001E-19
  1.6176E-22  7.6973E-13  2.3425E-15  1.0927E-16  2.4216E-19
  2.6581E-23  2.3092E-13  2.1448E-16  3.3351E-17  7.3907E-20
  5.1156E-24  7.6976E-14  2.4489E-17  1.1424E-17  2.5316E-20
  8.4060E-25  2.3094E-14  2.3197E-18  3.6071E-18  7.9935E-21
  1.6178E-25  7.6983E-15  2.7855E-19  1.2995E-18  2.8795E-21
  2.6582E-26  2.3097E-15  2.8727E-20  1.4176E-19  9.8992E-22
  5.1156E-27  7.6999E-16  3.8496E-21  1.8996E-20  3.9796E-22
  8.4057E-28  2.3102E-16  4.6209E-22  2.2802E-21  1.5924E-22
  1.6177E-28  7.7015E-17  7.2135E-23  3.5595E-22  7.4573E-23
  2.6581E-29  2.3107E-17  1.0148E-23  5.0077E-23  2.6683E-23
  5.1155E-30  7.7029E-18  1.7851E-24  8.8084E-24  4.6935E-24
  8.4057E-31  2.3110E-18  2.7626E-25  1.3632E-24  7.2637E-25
  1.6177E-31  7.7034E-19  5.1487E-26  2.5406E-25  1.3537E-25
  9.3574E-15  1.7351E-07  1.2944E-08  2.0529E-11  7.4201E-14
  3.1310E-15  5.8054E-08  5.8121E-09  9.0411E-12  3.0150E-14
  9.4059E-16  1.7440E-08  2.0635E-09  3.1778E-12  1.0194E-14
  3.1364E-16  5.8154E-09  7.3247E-10  1.1239E-12  3.5585E-15
  9.4097E-17  1.7447E-09  2.2530E-10  3.4527E-13  1.0876E-15
  2.8236E-17  5.8153E-10  7.5746E-11  1.1603E-13  3.6498E-16
  4.6566E-18  1.7446E-10  2.2845E-11  3.4988E-14  1.1000E-16
  8.9785E-19  5.8154E-11  4.6318E-12  1.1723E-14  3.6852E-17
  1.4771E-19  1.7447E-11  4.2042E-13  3.5473E-15  1.1150E-17
  2.8443E-20  5.8155E-12  4.7344E-14  1.1984E-15  3.7669E-18
  4.6754E-21  1.7447E-12  4.3716E-15  3.6886E-16  1.1594E-18
  8.9993E-22  5.8157E-13  5.0561E-16  1.2798E-16  4.0229E-19
  1.4789E-22  1.7448E-13  4.9001E-17  4.1347E-17  1.2996E-19
  2.8462E-23  5.8164E-14  6.0733E-18  1.5374E-17  4.8325E-20
  4.6770E-24  1.7452E-14  6.5715E-19  2.5773E-18  1.7430E-20
  9.0010E-25  5.8177E-15  9.2898E-20  3.6433E-19  7.3917E-21
  1.4790E-25  1.7456E-15  1.1856E-20  4.6499E-20  3.1446E-21
  2.8464E-26  5.8191E-16  1.9459E-21  7.6315E-21  1.5484E-21
  3.6202E-13  1.1120E-06  3.9323E-08  6.7636E-11  4.8403E-13
  2.7992E-13  1.1119E-06  3.9308E-08  6.7611E-11  4.8373E-13
  1.9603E-13  1.1119E-06  3.9290E-08  6.7584E-11  4.8342E-13
  1.3241E-13  1.0520E-06  3.8439E-08  6.5977E-11  4.6395E-13
  6.5765E-14  3.2270E-07  2.2162E-08  3.6379E-11  1.9499E-13
  3.4012E-14  1.0830E-07  1.1324E-08  1.8065E-11  8.4411E-14
  1.0661E-14  3.2571E-08  4.5285E-09  7.0986E-12  3.0803E-14
  3.5564E-15  1.0864E-08  1.7178E-09  2.6732E-12  1.1274E-14
  1.0672E-15  3.2602E-09  5.4635E-10  8.4754E-13  3.5338E-15
  3.5576E-16  1.0868E-09  1.8603E-10  2.8828E-13  1.1978E-15
  6.5315E-17  3.2606E-10  5.6531E-11  8.7572E-14  3.6339E-16
  1.2625E-17  1.0868E-10  7.1184E-12  2.9553E-14  1.2260E-16
  2.0799E-18  3.2606E-11  6.5300E-13  9.0383E-15  3.7488E-17
  4.0083E-19  1.0870E-11  7.4741E-14  3.1037E-15  1.2873E-17
  6.5916E-20  3.2608E-12  7.1103E-15  9.8426E-16  4.0821E-18
  1.2691E-20  1.0870E-12  8.5907E-16  3.5676E-16  1.4796E-18
  2.0859E-21  3.2613E-13  8.9454E-17  1.2383E-16  5.1357E-19
  4.0147E-22  1.0872E-13  1.2121E-17  3.9620E-17  2.0878E-19
  1.5538E-12  1.1100E-06  4.3031E-08  7.5121E-11  7.1817E-13
  1.4782E-12  1.1094E-06  4.2855E-08  7.4780E-11  7.1222E-13
  1.3643E-12  1.1091E-06  4.2743E-08  7.4564E-11  7.0846E-13
  1.2203E-12  1.1089E-06  4.2679E-08  7.4445E-11  7.0643E-13
  1.0177E-12  1.1087E-06  4.2630E-08  7.4358E-11  7.0495E-13
  8.0687E-13  1.1086E-06  4.2587E-08  7.4290E-11  7.0384E-13
  5.7535E-13  1.1085E-06  4.2513E-08  7.4184E-11  7.0215E-13
  3.4716E-13  7.2901E-07  3.6139E-08  6.2052E-11  5.1791E-13
  1.6332E-13  2.2215E-07  2.0225E-08  3.3330E-11  2.1729E-13
  8.2397E-14  7.4410E-08  1.0089E-08  1.6202E-11  9.3413E-14
  3.1837E-14  2.2363E-08  3.9569E-09  6.2542E-12  3.3787E-14
  1.0618E-14  7.4584E-09  1.4877E-09  2.3360E-12  1.2313E-14
  3.1861E-15  2.2380E-09  4.7295E-10  7.4042E-13  3.8644E-15
  9.0274E-16  7.4604E-10  1.6193E-10  2.5325E-13  1.3178E-15
  1.4995E-16  2.2382E-10  1.5551E-11  7.8058E-14  4.0571E-16
  2.9015E-17  7.4606E-11  1.7801E-12  2.6817E-14  1.3934E-16
  4.7837E-18  2.2383E-11  1.6914E-13  8.4955E-15  4.4136E-17
  9.2218E-19  7.4614E-12  2.0395E-14  3.0736E-15  1.5968E-17
  6.9795E-12  1.1310E-06  5.3936E-08  9.7353E-11  1.5097E-12
  5.9253E-12  1.1228E-06  5.1256E-08  9.1860E-11  1.3244E-12
  5.2364E-12  1.1161E-06  4.9209E-08  8.7717E-11  1.2008E-12
  4.8438E-12  1.1119E-06  4.8005E-08  8.5301E-11  1.1344E-12
  4.5364E-12  1.1090E-06  4.7193E-08  8.3683E-11  1.0920E-12
  4.2843E-12  1.1074E-06  4.6750E-08  8.2807E-11  1.0697E-12
  3.9658E-12  1.1063E-06  4.6458E-08  8.2237E-11  1.0555E-12
  3.5794E-12  1.1057E-06  4.6287E-08  8.1913E-11  1.0476E-12
  2.9619E-12  1.1053E-06  4.6118E-08  8.1624E-11  1.0407E-12
  2.2048E-12  1.1049E-06  4.5866E-08  8.1246E-11  1.0320E-12
  1.4737E-12  1.1042E-06  4.5422E-08  8.0605E-11  1.0178E-12
  8.8419E-13  6.6813E-07  3.7655E-08  6.5655E-11  7.1045E-13
  4.3276E-13  2.0338E-07  2.1485E-08  3.5975E-11  3.0274E-13
  2.2028E-13  6.8099E-08  1.0927E-08  1.7815E-11  1.3193E-13
  9.9018E-14  2.0464E-08  4.3985E-09  7.0469E-12  4.8704E-14
  4.4132E-14  6.8248E-09  1.6959E-09  2.6953E-12  1.8136E-14
  1.4217E-14  2.0479E-09  5.5317E-10  8.7564E-13  5.8264E-15
  3.5394E-15  6.8268E-10  7.0560E-11  3.1000E-13  2.0555E-15
  7.8978E-11  1.1700E-06  7.1921E-08  1.3636E-10  4.8690E-12
  5.1428E-11  1.1644E-06  6.9351E-08  1.3061E-10  4.0901E-12
  3.3526E-11  1.1559E-06  6.5757E-08  1.2269E-10  3.2740E-12
  2.3987E-11  1.1463E-06  6.2093E-08  1.1475E-10  2.6648E-12
  1.7863E-11  1.1351E-06  5.8222E-08  1.0653E-10  2.1794E-12
  1.4582E-11  1.1257E-06  5.5252E-08  1.0033E-10  1.8832E-12
  1.2416E-11  1.1173E-06  5.2825E-08  9.5334E-11  1.6780E-12
  1.1157E-11  1.1117E-06  5.1321E-08  9.2272E-11  1.5643E-12
  1.0129E-11  1.1077E-06  5.0264E-08  9.0142E-11  1.4902E-12
  9.1677E-12  1.1054E-06  4.9649E-08  8.8927E-11  1.4496E-12
  7.5753E-12  1.1038E-06  4.9130E-08  8.7969E-11  1.4188E-12
  5.8218E-12  1.1025E-06  4.8645E-08  8.7156E-11  1.3939E-12
  4.1654E-12  1.1009E-06  4.8025E-08  8.6181E-11  1.3653E-12
  2.9018E-12  1.0990E-06  4.7212E-08  8.4953E-11  1.3308E-12
  1.7045E-12  7.2456E-07  4.0275E-08  7.1665E-11  9.8064E-13
  9.0509E-13  2.4515E-07  2.5043E-08  4.2971E-11  4.5986E-13
  4.4297E-13  7.3965E-08  1.2463E-08  2.0717E-11  1.8951E-13
  2.2160E-13  2.4699E-08  5.6893E-09  9.2775E-12  7.8918E-14
  5.8824E-10  1.1786E-06  7.6176E-08  1.4525E-10  6.2277E-12
  4.3850E-10  1.1777E-06  7.5802E-08  1.4479E-10  6.4019E-12
  2.9646E-10  1.1759E-06  7.5049E-08  1.4332E-10  6.2640E-12
  1.9854E-10  1.1732E-06  7.3905E-08  1.4083E-10  5.8617E-12
  1.2548E-10  1.1685E-06  7.1971E-08  1.3654E-10  5.1793E-12
  8.3250E-11  1.1621E-06  6.9484E-08  1.3101E-10  4.4398E-12
  5.4974E-11  1.1528E-06  6.6073E-08  1.2351E-10  3.6488E-12
  3.9485E-11  1.1426E-06  6.2669E-08  1.1615E-10  3.0456E-12
  2.9113E-11  1.1311E-06  5.9151E-08  1.0868E-10  2.5568E-12
  2.2995E-11  1.1217E-06  5.6504E-08  1.0314E-10  2.2548E-12
  1.7646E-11  1.1135E-06  5.4354E-08  9.8722E-11  2.0426E-12
  1.2269E-11  1.1081E-06  5.2953E-08  9.5914E-11  1.9198E-12
  7.3867E-12  1.1038E-06  5.1783E-08  9.3682E-11  1.8290E-12
  4.7562E-12  1.1006E-06  5.0889E-08  9.2078E-11  1.7678E-12
  2.8826E-12  1.0970E-06  4.9832E-08  9.0315E-11  1.7047E-12
  1.7691E-12  1.0926E-06  4.8512E-08  8.8219E-11  1.6339E-12
  1.0098E-12  1.0851E-06  4.6305E-08  8.4767E-11  1.5242E-12
  5.7720E-13  4.5000E-07  3.3193E-08  5.9231E-11  8.4127E-13
  1.0395E-09  1.1796E-06  7.5940E-08  1.3998E-10  4.0942E-12
  9.7971E-10  1.1795E-06  7.6237E-08  1.4299E-10  5.0608E-12
  8.8210E-10  1.1792E-06  7.6335E-08  1.4471E-10  5.8902E-12
  7.6119E-10  1.1787E-06  7.6248E-08  1.4529E-10  6.3713E-12
  6.0254E-10  1.1777E-06  7.5929E-08  1.4506E-10  6.5928E-12
  4.5411E-10  1.1762E-06  7.5365E-08  1.4402E-10  6.5329E-12
  3.1205E-10  1.1733E-06  7.4304E-08  1.4176E-10  6.1976E-12
  2.1333E-10  1.1692E-06  7.2786E-08  1.3841E-10  5.6737E-12
  1.3910E-10  1.1623E-06  7.0386E-08  1.3309E-10  4.9383E-12
  9.5681E-11  1.1538E-06  6.7567E-08  1.2689E-10  4.2313E-12
  6.5881E-11  1.1424E-06  6.4090E-08  1.1936E-10  3.5411E-12
  4.7842E-11  1.1314E-06  6.0984E-08  1.1275E-10  3.0491E-12
  3.1974E-11  1.1202E-06  5.8011E-08  1.0656E-10  2.6625E-12
  2.1492E-11  1.1115E-06  5.5814E-08  1.0213E-10  2.4215E-12
  1.4267E-11  1.1034E-06  5.3916E-08  9.8454E-11  2.2419E-12
  9.5758E-12  1.0966E-06  5.2377E-08  9.5640E-11  2.1175E-12
  5.9023E-12  1.0880E-06  5.0489E-08  9.2407E-11  1.9874E-12
  3.6562E-12  1.0769E-06  4.8167E-08  8.8581E-11  1.8465E-12
  1.1212E-09  1.1792E-06  7.2214E-08  1.1583E-10  1.7020E-12
  1.1105E-09  1.1795E-06  7.4137E-08  1.2770E-10  2.5540E-12
  1.0900E-09  1.1796E-06  7.5331E-08  1.3610E-10  3.6601E-12
  1.0582E-09  1.1796E-06  7.5922E-08  1.4072E-10  4.6798E-12
  1.0014E-09  1.1794E-06  7.6233E-08  1.4359E-10  5.6288E-12
  9.2588E-10  1.1790E-06  7.6306E-08  1.4491E-10  6.2470E-12
  8.0748E-10  1.1783E-06  7.6180E-08  1.4534E-10  6.6336E-12
  6.7189E-10  1.1772E-06  7.5851E-08  1.4497E-10  6.7411E-12
  5.1008E-10  1.1751E-06  7.5164E-08  1.4365E-10  6.6120E-12
  3.7302E-10  1.1719E-06  7.4110E-08  1.4139E-10  6.2795E-12
  2.5278E-10  1.1663E-06  7.2330E-08  1.3746E-10  5.7069E-12
  1.7378E-10  1.1589E-06  7.0052E-08  1.3246E-10  5.0587E-12
  1.1243E-10  1.1482E-06  6.6923E-08  1.2565E-10  4.3236E-12
  7.2106E-11  1.1364E-06  6.3737E-08  1.1888E-10  3.7226E-12
  4.5588E-11  1.1227E-06  6.0321E-08  1.1178E-10  3.2033E-12
  3.1286E-11  1.1101E-06  5.7552E-08  1.0621E-10  2.8578E-12
  2.0447E-11  1.0962E-06  5.4812E-08  1.0094E-10  2.5759E-12
  1.3408E-11  1.0816E-06  5.2256E-08  9.6308E-11  2.3600E-12
  1.1313E-09  1.1768E-06  5.8588E-08  6.7038E-11  5.5813E-13
  1.1301E-09  1.1781E-06  6.5692E-08  8.9207E-11  9.6440E-13
  1.1263E-09  1.1789E-06  7.0527E-08  1.0971E-10  1.6388E-12
  1.1195E-09  1.1793E-06  7.3134E-08  1.2349E-10  2.4809E-12
  1.1060E-09  1.1795E-06  7.4779E-08  1.3352E-10  3.5848E-12
  1.0846E-09  1.1795E-06  7.5610E-08  1.3916E-10  4.6147E-12
  1.0451E-09  1.1794E-06  7.6085E-08  1.4276E-10  5.5878E-12
  9.8729E-10  1.1791E-06  7.6258E-08  1.4450E-10  6.2374E-12
  8.9862E-10  1.1784E-06  7.6226E-08  1.4529E-10  6.6695E-12
  7.8501E-10  1.1774E-06  7.5989E-08  1.4520E-10  6.8324E-12
  6.3437E-10  1.1753E-06  7.5442E-08  1.4425E-10  6.7853E-12
  4.8809E-10  1.1723E-06  7.4564E-08  1.4243E-10  6.5455E-12
  3.4008E-10  1.1669E-06  7.3023E-08  1.3910E-10  6.0769E-12
  2.2366E-10  1.1592E-06  7.0938E-08  1.3456E-10  5.4910E-12
  1.3137E-10  1.1473E-06  6.7855E-08  1.2797E-10  4.7596E-12
  8.4495E-11  1.1331E-06  6.4554E-08  1.2106E-10  4.1228E-12
  5.3964E-11  1.1144E-06  6.0736E-08  1.1326E-10  3.5332E-12
  3.5736E-11  1.0939E-06  5.7193E-08  1.0631E-10  3.0993E-12
  1.1265E-09  1.1668E-06  3.0274E-08  2.2967E-11  1.5296E-13
  1.1300E-09  1.1727E-06  4.4110E-08  4.0817E-11  3.1054E-13
  1.1312E-09  1.1761E-06  5.6490E-08  6.5032E-11  6.1300E-13
  1.1304E-09  1.1777E-06  6.4302E-08  8.7485E-11  1.0592E-12
  1.1272E-09  1.1787E-06  6.9697E-08  1.0845E-10  1.7877E-12
  1.1212E-09  1.1792E-06  7.2635E-08  1.2262E-10  2.6756E-12
  1.1091E-09  1.1794E-06  7.4496E-08  1.3298E-10  3.8040E-12
  1.0899E-09  1.1794E-06  7.5444E-08  1.3883E-10  4.8219E-12
  1.0542E-09  1.1792E-06  7.5989E-08  1.4256E-10  5.7541E-12
  1.0012E-09  1.1788E-06  7.6195E-08  1.4438E-10  6.3604E-12
  9.1650E-10  1.1780E-06  7.6177E-08  1.4520E-10  6.7565E-12
  8.1265E-10  1.1766E-06  7.5942E-08  1.4513E-10  6.9035E-12
  6.6581E-10  1.1740E-06  7.5377E-08  1.4416E-10  6.8571E-12
  5.0825E-10  1.1700E-06  7.4449E-08  1.4228E-10  6.6303E-12
  3.2476E-10  1.1627E-06  7.2741E-08  1.3870E-10  6.1692E-12
  2.0330E-10  1.1520E-06  7.0382E-08  1.3374E-10  5.5832E-12
  1.2537E-10  1.1346E-06  6.6926E-08  1.2655E-10  4.8553E-12
  8.0995E-11  1.1119E-06  6.3031E-08  1.1864E-10  4.1937E-12
  1.1049E-09  1.1246E-06  8.5534E-09  5.4535E-12  3.7108E-14
  1.1185E-09  1.1512E-06  1.7167E-08  1.1960E-11  8.4800E-14
  1.1263E-09  1.1656E-06  3.1242E-08  2.5635E-11  1.9885E-13
  1.1296E-09  1.1721E-06  4.4886E-08  4.4469E-11  3.9696E-13
  1.1306E-09  1.1757E-06  5.7011E-08  6.9210E-11  7.7020E-13
  1.1294E-09  1.1775E-06  6.4633E-08  9.1402E-11  1.3060E-12
  1.1253E-09  1.1786E-06  6.9888E-08  1.1151E-10  2.1454E-12
  1.1180E-09  1.1790E-06  7.2740E-08  1.2478E-10  3.1132E-12
  1.1034E-09  1.1792E-06  7.4543E-08  1.3432E-10  4.2631E-12
  1.0804E-09  1.1791E-06  7.5450E-08  1.3962E-10  5.2294E-12
  1.0380E-09  1.1787E-06  7.5953E-08  1.4294E-10  6.0576E-12
  9.7624E-10  1.1779E-06  7.6108E-08  1.4447E-10  6.5634E-12
  8.7608E-10  1.1763E-06  7.6003E-08  1.4501E-10  6.8660E-12
  7.6124E-10  1.1738E-06  7.5643E-08  1.4464E-10  6.9474E-12
  5.7814E-10  1.1690E-06  7.4809E-08  1.4313E-10  6.8328E-12
  3.9261E-10  1.1613E-06  7.3422E-08  1.4036E-10  6.5297E-12
  2.4722E-10  1.1470E-06  7.1006E-08  1.3544E-10  5.9968E-12
  1.6012E-10  1.1262E-06  6.7776E-08  1.2890E-10  5.3617E-12
  1.0429E-09  9.8590E-07  2.4570E-09  1.5830E-12  1.1865E-14
  1.0830E-09  1.0731E-06  5.0701E-09  3.3458E-12  2.5346E-14
  1.1078E-09  1.1272E-06  1.1052E-08  7.7197E-12  6.0060E-14
  1.1200E-09  1.1526E-06  2.0929E-08  1.6172E-11  1.3269E-13
  1.1267E-09  1.1662E-06  3.5514E-08  3.2531E-11  2.9827E-13
  1.1291E-09  1.1724E-06  4.8551E-08  5.3284E-11  5.7258E-13
  1.1289E-09  1.1759E-06  5.9566E-08  7.8490E-11  1.0689E-12
  1.1261E-09  1.1775E-06  6.6294E-08  9.9550E-11  1.7453E-12
  1.1191E-09  1.1784E-06  7.0854E-08  1.1754E-10  2.7323E-12
  1.1073E-09  1.1788E-06  7.3298E-08  1.2889E-10  3.7731E-12
  1.0844E-09  1.1787E-06  7.4815E-08  1.3676E-10  4.8910E-12
  1.0492E-09  1.1781E-06  7.5541E-08  1.4099E-10  5.7407E-12
  9.8648E-10  1.1769E-06  7.5873E-08  1.4347E-10  6.4031E-12
  8.9856E-10  1.1749E-06  7.5849E-08  1.4437E-10  6.7645E-12
  7.5800E-10  1.1709E-06  7.5450E-08  1.4416E-10  6.9279E-12
  5.8305E-10  1.1644E-06  7.4607E-08  1.4277E-10  6.8784E-12
  3.9314E-10  1.1518E-06  7.2907E-08  1.3954E-10  6.6045E-12
  2.6490E-10  1.1323E-06  7.0398E-08  1.3460E-10  6.1617E-12
  8.9731E-10  6.8999E-07  8.0205E-10  5.4148E-13  4.4904E-15
  9.9481E-10  8.7707E-07  1.7320E-09  1.1790E-12  9.8150E-15
  1.0590E-09  1.0147E-06  3.8099E-09  2.6415E-12  2.2180E-14
  1.0926E-09  1.0902E-06  7.6602E-09  5.4985E-12  4.6957E-14
  1.1128E-09  1.1359E-06  1.5808E-08  1.2257E-11  1.0905E-13
  1.1222E-09  1.1569E-06  2.7519E-08  2.4109E-11  2.3134E-13
  1.1267E-09  1.1683E-06  4.2292E-08  4.4286E-11  4.9021E-13
  1.1272E-09  1.1734E-06  5.4008E-08  6.6890E-11  8.9374E-13
  1.1241E-09  1.1763E-06  6.3217E-08  9.1428E-11  1.5752E-12
  1.1172E-09  1.1775E-06  6.8607E-08  1.1004E-10  2.4300E-12
  1.1028E-09  1.1780E-06  7.2163E-08  1.2479E-10  3.5501E-12
  1.0797E-09  1.1778E-06  7.4012E-08  1.3356E-10  4.5934E-12
  1.0370E-09  1.1768E-06  7.5085E-08  1.3932E-10  5.5757E-12
  9.7428E-10  1.1749E-06  7.5488E-08  1.4213E-10  6.2356E-12
  8.6709E-10  1.1711E-06  7.5436E-08  1.4333E-10  6.6792E-12
  7.1525E-10  1.1647E-06  7.4891E-08  1.4294E-10  6.8467E-12
  5.2107E-10  1.1524E-06  7.3567E-08  1.4076E-10  6.7880E-12
  3.6728E-10  1.1330E-06  7.1446E-08  1.3679E-10  6.5238E-12
  6.0843E-10  3.0547E-07  2.3047E-10  1.6358E-13  1.4901E-15
  8.0709E-10  5.4263E-07  5.9682E-10  4.2508E-13  3.8783E-15
  9.4955E-10  7.8262E-07  1.4545E-09  1.0437E-12  9.5579E-15
  1.0281E-09  9.4245E-07  3.0192E-09  2.1958E-12  2.0242E-14
  1.0780E-09  1.0540E-06  6.4365E-09  4.8213E-12  4.5127E-14
  1.1033E-09  1.1128E-06  1.2437E-08  9.8321E-12  9.4778E-14
  1.1176E-09  1.1470E-06  2.3546E-08  2.0728E-11  2.1362E-13
  1.1232E-09  1.1624E-06  3.6661E-08  3.7257E-11  4.2871E-13
  1.1240E-09  1.1707E-06  5.0404E-08  6.1088E-11  8.4444E-13
  1.1205E-09  1.1745E-06  5.9998E-08  8.4008E-11  1.4398E-12
  1.1107E-09  1.1764E-06  6.6996E-08  1.0583E-10  2.3512E-12
  1.0939E-09  1.1768E-06  7.0897E-08  1.2070E-10  3.3637E-12
  1.0616E-09  1.1762E-06  7.3347E-08  1.3152E-10  4.5121E-12
  1.0128E-09  1.1744E-06  7.4497E-08  1.3744E-10  5.4266E-12
  9.2780E-10  1.1705E-06  7.4938E-08  1.4079E-10  6.1653E-12
  8.0628E-10  1.1640E-06  7.4699E-08  1.4167E-10  6.5663E-12
  6.1770E-10  1.1511E-06  7.3604E-08  1.4039E-10  6.7098E-12
  4.5004E-10  1.1307E-06  7.1645E-08  1.3700E-10  6.5920E-12
  2.3766E-10  7.5730E-08  5.3294E-11  3.9695E-14  3.9400E-16
  4.7865E-10  2.0662E-07  1.7216E-10  1.2838E-13  1.2750E-15
  7.3383E-10  4.4760E-07  5.2550E-10  3.9316E-13  3.9111E-15
  8.9505E-10  6.8313E-07  1.2367E-09  9.3088E-13  9.2896E-15
  1.0031E-09  8.8723E-07  2.8084E-09  2.1418E-12  2.1522E-14
  1.0603E-09  1.0115E-06  5.5966E-09  4.3688E-12  4.4457E-14
  1.0952E-09  1.0934E-06  1.1420E-08  9.3736E-12  9.8164E-14
  1.1116E-09  1.1342E-06  2.0552E-08  1.8343E-11  2.0263E-13
  1.1192E-09  1.1571E-06  3.4255E-08  3.5177E-11  4.3296E-13
  1.1195E-09  1.1673E-06  4.7084E-08  5.6270E-11  8.0788E-13
  1.1135E-09  1.1726E-06  5.8348E-08  8.1444E-11  1.4592E-12
  1.1007E-09  1.1747E-06  6.5371E-08  1.0198E-10  2.2919E-12
  1.0747E-09  1.1749E-06  7.0131E-08  1.1906E-10  3.4004E-12
  1.0342E-09  1.1734E-06  7.2581E-08  1.2944E-10  4.4456E-12
  9.6234E-10  1.1695E-06  7.3865E-08  1.3611E-10  5.4344E-12
  8.6022E-10  1.1626E-06  7.4075E-08  1.3889E-10  6.0777E-12
  6.9365E-10  1.1489E-06  7.3277E-08  1.3888E-10  6.4499E-12
  5.2100E-10  1.1272E-06  7.1431E-08  1.3610E-10  6.4842E-12
  2.6940E-11  7.3860E-09  6.5478E-12  5.2081E-15  5.8024E-17
  8.1271E-11  2.3651E-08  2.1443E-11  1.7058E-14  1.8994E-16
  2.4333E-10  8.4517E-08  8.2792E-11  6.5907E-14  7.3406E-16
  4.9172E-10  2.2670E-07  2.6504E-10  2.1135E-13  2.3562E-15
  7.4864E-10  4.7442E-07  7.8538E-10  6.2910E-13  7.0307E-15
  9.0708E-10  7.0678E-07  1.8001E-09  1.4538E-12  1.6323E-14
  1.0109E-09  9.0345E-07  3.9855E-09  3.2753E-12  3.7146E-14
  1.0643E-09  1.0215E-06  7.7353E-09  6.5522E-12  7.5663E-14
  1.0955E-09  1.0983E-06  1.5103E-08  1.3610E-11  1.6355E-13
  1.1082E-09  1.1362E-06  2.5584E-08  2.5353E-11  3.2669E-13
  1.1105E-09  1.1572E-06  3.9582E-08  4.5236E-11  6.6399E-13
  1.1034E-09  1.1663E-06  5.1472E-08  6.7644E-11  1.1776E-12
  1.0840E-09  1.1702E-06  6.1246E-08  9.1892E-11  2.0049E-12
  1.0513E-09  1.1704E-06  6.7023E-08  1.1000E-10  2.9683E-12
  9.9136E-10  1.1669E-06  7.0640E-08  1.2378E-10  4.1088E-12
  9.0562E-10  1.1597E-06  7.2101E-08  1.3111E-10  5.0417E-12
  7.6501E-10  1.1448E-06  7.2071E-08  1.3424E-10  5.7674E-12
  6.0062E-10  1.1208E-06  7.0540E-08  1.3301E-10  6.0715E-12
  3.9103E-12  1.1503E-09  1.3388E-12  1.1280E-15  1.3880E-17
  1.0786E-11  3.1831E-09  3.7158E-12  3.1307E-15  3.8579E-17
  3.5869E-11  1.0838E-08  1.2789E-11  1.0777E-14  1.3265E-16
  1.0941E-10  3.5609E-08  4.3394E-11  3.6577E-14  4.5028E-16
  3.1025E-10  1.2358E-07  1.6740E-10  1.4128E-13  1.7403E-15
  5.7049E-10  3.0012E-07  5.0533E-10  4.2770E-13  5.2778E-15
  8.0712E-10  5.6030E-07  1.3856E-09  1.1810E-12  1.4635E-14
  9.4427E-10  7.7803E-07  3.0087E-09  2.5965E-12  3.2421E-14
  1.0308E-09  9.5079E-07  6.3703E-09  5.6413E-12  7.1595E-14
  1.0730E-09  1.0503E-06  1.1854E-08  1.0962E-11  1.4319E-13
  1.0940E-09  1.1128E-06  2.1632E-08  2.1710E-11  3.0136E-13
  1.0971E-09  1.1426E-06  3.3604E-08  3.7656E-11  5.7624E-13
  1.0854E-09  1.1581E-06  4.7132E-08  6.0857E-11  1.0947E-12
  1.0592E-09  1.1632E-06  5.7150E-08  8.3304E-11  1.8080E-12
  1.0073E-09  1.1623E-06  6.4529E-08  1.0436E-10  2.8245E-12
  9.3114E-10  1.1555E-06  6.8288E-08  1.1789E-10  3.8407E-12
  8.0644E-10  1.1398E-06  6.9752E-08  1.2599E-10  4.8243E-12
  6.5358E-10  1.1136E-06  6.8916E-08  1.2754E-10  5.4089E-12
  1.1131E-12  3.5288E-10  5.2521E-13  4.6547E-16  6.2571E-18
  2.4510E-12  7.7921E-10  1.1605E-12  1.0285E-15  1.3825E-17
  6.5687E-12  2.0928E-09  3.1230E-12  2.7678E-15  3.7260E-17
  1.8314E-11  5.8829E-09  8.8261E-12  7.8230E-15  1.0520E-16
  6.2516E-11  2.0913E-08  3.2001E-11  2.8371E-14  3.8148E-16
  1.8376E-10  6.8780E-08  1.1146E-10  9.8887E-14  1.3303E-15
  4.4128E-10  2.1096E-07  4.0330E-10  3.5871E-13  4.8331E-15
  6.9229E-10  4.2987E-07  1.0911E-09  9.7573E-13  1.3191E-14
  8.8585E-10  6.8701E-07  2.6950E-09  2.4387E-12  3.3225E-14
  9.8986E-10  8.7387E-07  5.4701E-09  5.0520E-12  6.9768E-14
  1.0509E-09  1.0105E-06  1.0902E-08  1.0488E-11  1.4904E-13
  1.0753E-09  1.0846E-06  1.8999E-08  1.9484E-11  2.9077E-13
  1.0776E-09  1.1282E-06  3.1304E-08  3.5688E-11  5.8563E-13
  1.0598E-09  1.1467E-06  4.3567E-08  5.5939E-11  1.0493E-12
  1.0156E-09  1.1529E-06  5.4920E-08  8.0104E-11  1.8181E-12
  9.4687E-10  1.1488E-06  6.1924E-08  9.9238E-11  2.7255E-12
  8.3249E-10  1.1333E-06  6.5849E-08  1.1347E-10  3.7833E-12
  6.8968E-10  1.1055E-06  6.6326E-08  1.1917E-10  4.5751E-12
  5.0442E-13  1.7031E-10  3.1543E-13  2.9235E-16  4.2514E-18
  9.8766E-13  3.3435E-10  6.1940E-13  5.7410E-16  8.3483E-18
  2.1635E-12  7.3510E-10  1.3626E-12  1.2630E-15  1.8366E-17
  4.8170E-12  1.6424E-09  3.0487E-12  2.8258E-15  4.1152E-17
  1.3356E-11  4.5816E-09  8.5398E-12  7.9161E-15  1.1515E-16
  3.9127E-11  1.3704E-08  2.5852E-11  2.3968E-14  3.4862E-16
  1.3292E-10  5.0472E-08  9.9466E-11  9.2282E-14  1.3428E-15
  3.3299E-10  1.5047E-07  3.3181E-10  3.0844E-13  4.4939E-15
  6.1750E-10  3.6466E-07  1.0410E-09  9.7287E-13  1.4225E-14
  8.2241E-10  6.0307E-07  2.4627E-09  2.3249E-12  3.4234E-14
  9.5917E-10  8.2709E-07  5.4597E-09  5.2651E-12  7.8687E-14
  1.0249E-09  9.6943E-07  1.0290E-08  1.0274E-11  1.5753E-13
  1.0539E-09  1.0645E-06  1.8861E-08  2.0094E-11  3.2456E-13
  1.0508E-09  1.1112E-06  2.9709E-08  3.4598E-11  6.0700E-13
  1.0172E-09  1.1339E-06  4.2761E-08  5.6196E-11  1.1334E-12
  9.5613E-10  1.1370E-06  5.2854E-08  7.7521E-11  1.8450E-12
  8.4994E-10  1.1243E-06  5.9957E-08  9.7014E-11  2.8137E-12
  7.1513E-10  1.0961E-06  6.2459E-08  1.0762E-10  3.6853E-12
  2.0798E-13  7.5841E-11  1.8141E-13  1.7719E-16  2.8264E-18
  4.1614E-13  1.5190E-10  3.6337E-13  3.5491E-16  5.6612E-18
  8.6237E-13  3.1535E-10  7.5457E-13  7.3701E-16  1.1756E-17
  1.6773E-12  6.1495E-10  1.4722E-12  1.4379E-15  2.2935E-17
  3.6213E-12  1.3331E-09  3.1948E-12  3.1205E-15  4.9855E-17
  7.9686E-12  2.9486E-09  7.0826E-12  6.9182E-15  1.1040E-16
  2.2214E-11  8.3124E-09  2.0110E-11  1.9645E-14  3.1342E-16
  6.5581E-11  2.5378E-08  6.2671E-11  6.1249E-14  9.7739E-16
  2.0697E-10  8.9525E-08  2.3728E-10  2.3223E-13  3.7096E-15
  4.4517E-10  2.3426E-07  7.2847E-10  7.1554E-13  1.1459E-14
  7.1244E-10  4.7984E-07  2.0415E-09  2.0235E-12  3.2619E-14
  8.7911E-10  7.0803E-07  4.4406E-09  4.4733E-12  7.2982E-14
  9.7826E-10  8.9956E-07  9.1601E-09  9.5297E-12  1.5940E-13
  1.0132E-09  1.0117E-06  1.6167E-08  1.7679E-11  3.0824E-13
  1.0048E-09  1.0796E-06  2.7046E-08  3.2157E-11  6.0691E-13
  9.5849E-10  1.1054E-06  3.8404E-08  5.0402E-11  1.0650E-12
  8.6411E-10  1.1045E-06  4.9133E-08  7.2181E-11  1.7991E-12
  7.3851E-10  1.0797E-06  5.5000E-08  8.8171E-11  2.6008E-12
  7.8377E-14  3.0600E-11  9.1431E-14  9.3465E-17  1.6173E-18
  1.7615E-13  6.8798E-11  2.0557E-13  2.1016E-16  3.6362E-18
  3.9784E-13  1.5549E-10  4.6468E-13  4.7503E-16  8.2191E-18
  7.9389E-13  3.1065E-10  9.2858E-13  9.4925E-16  1.6424E-17
  1.6433E-12  6.4436E-10  1.9271E-12  1.9700E-15  3.4085E-17
  3.2044E-12  1.2604E-09  3.7730E-12  3.8571E-15  6.6845E-17
  7.0211E-12  2.7768E-09  8.3298E-12  8.5159E-15  1.4741E-16
  1.6036E-11  6.3959E-09  1.9279E-11  1.9712E-14  3.4112E-16
  4.7213E-11  1.9272E-08  5.8995E-11  6.0341E-14  1.0445E-15
  1.3567E-10  5.9046E-08  1.8873E-10  1.9324E-13  3.3473E-15
  3.5312E-10  1.8088E-07  6.5767E-10  6.7560E-13  1.1732E-14
  6.0578E-10  3.8292E-07  1.7613E-09  1.8228E-12  3.1831E-14
  8.1806E-10  6.3825E-07  4.2915E-09  4.5142E-12  7.9847E-14
  9.2502E-10  8.3148E-07  8.4533E-09  9.1370E-12  1.6522E-13
  9.6492E-10  9.7216E-07  1.5827E-08  1.7990E-11  3.3996E-13
  9.4484E-10  1.0418E-06  2.5236E-08  3.0765E-11  6.2284E-13
  8.6816E-10  1.0680E-06  3.6755E-08  4.9487E-11  1.1264E-12
  7.5307E-10  1.0546E-06  4.5310E-08  6.7110E-11  1.7613E-12
  2.0063E-14  8.4335E-12  3.2060E-14  3.4432E-17  6.5158E-19
  5.1869E-14  2.1805E-11  8.2893E-14  8.9028E-17  1.6846E-18
  1.3695E-13  5.7587E-11  2.1893E-13  2.3513E-16  4.4493E-18
  3.1061E-13  1.3067E-10  4.9679E-13  5.3357E-16  1.0096E-17
  7.0722E-13  2.9774E-10  1.1323E-12  1.2161E-15  2.3012E-17
  1.4184E-12  5.9795E-10  2.2751E-12  2.4435E-15  4.6234E-17
  2.9477E-12  1.2458E-09  4.7445E-12  5.0959E-15  9.6581E-17
  5.7869E-12  2.4555E-09  9.3674E-12  1.0061E-14  1.9048E-16
  1.2948E-11  5.5367E-09  2.1208E-11  2.2782E-14  4.3118E-16
  3.0519E-11  1.3234E-08  5.1168E-11  5.4981E-14  1.0407E-15
  8.9072E-11  4.0203E-08  1.6001E-10  1.7208E-13  3.2594E-15
  2.2822E-10  1.1322E-07  4.8539E-10  5.2313E-13  9.9264E-15
  4.8241E-10  2.8903E-07  1.4947E-09  1.6214E-12  3.0924E-14
  7.0390E-10  5.1427E-07  3.5463E-09  3.8957E-12  7.5084E-14
  8.4900E-10  7.4593E-07  7.7304E-09  8.7164E-12  1.7178E-13
  8.9026E-10  8.9510E-07  1.3893E-08  1.6311E-11  3.3354E-13
  8.5337E-10  9.8247E-07  2.3194E-08  2.9141E-11  6.3862E-13
  7.5892E-10  1.0012E-06  3.2391E-08  4.4137E-11  1.0669E-12
  4.8371E-15  2.1656E-12  1.0136E-14  1.1362E-17  2.3271E-19
  1.3896E-14  6.2216E-12  2.9117E-14  3.2641E-17  6.6854E-19
  4.1971E-14  1.8793E-11  8.7953E-14  9.8593E-17  2.0193E-18
  1.0785E-13  4.8296E-11  2.2604E-13  2.5339E-16  5.1896E-18
  2.8204E-13  1.2635E-10  5.9140E-13  6.6295E-16  1.3578E-17
  6.3267E-13  2.8358E-10  1.3277E-12  1.4883E-15  3.0482E-17
  1.4246E-12  6.3928E-10  2.9946E-12  3.3570E-15  6.8752E-17
  2.8433E-12  1.2785E-09  5.9940E-12  6.7196E-15  1.3783E-16
  5.9547E-12  2.6876E-09  1.2626E-11  1.4156E-14  2.9003E-16
  1.2049E-11  5.4729E-09  2.5806E-11  2.8934E-14  5.9272E-16
  2.8743E-11  1.3235E-08  6.2979E-11  7.0637E-14  1.4473E-15
  7.0456E-11  3.3364E-08  1.6219E-10  1.8204E-13  3.7320E-15
  1.8969E-10  9.6965E-08  5.0199E-10  5.6466E-13  1.1598E-14
  3.9268E-10  2.3116E-07  1.3717E-09  1.5510E-12  3.2000E-14
  6.3357E-10  4.5927E-07  3.5739E-09  4.0944E-12  8.5437E-14
  7.7018E-10  6.7132E-07  7.3288E-09  8.5888E-12  1.8291E-13
  8.0382E-10  8.3759E-07  1.3813E-08  1.6886E-11  3.7460E-13
  7.4616E-10  9.1023E-07  2.1489E-08  2.7845E-11  6.5769E-13
  1.4152E-15  6.6882E-13  3.7547E-15  4.3707E-18  9.6134E-20
  3.9161E-15  1.8509E-12  1.0391E-14  1.2096E-17  2.6604E-19
  1.2391E-14  5.8573E-12  3.2882E-14  3.8277E-17  8.4186E-19
  3.4988E-14  1.6539E-11  9.2850E-14  1.0809E-16  2.3771E-18
  1.0319E-13  4.8786E-11  2.7389E-13  3.1883E-16  7.0120E-18
  2.5894E-13  1.2245E-10  6.8752E-13  8.0032E-16  1.7601E-17
  6.5817E-13  3.1139E-10  1.7490E-12  2.0359E-15  4.4774E-17
  1.4368E-12  6.8045E-10  3.8237E-12  4.4512E-15  9.7893E-17
  3.1643E-12  1.5016E-09  8.4477E-12  9.8344E-15  2.1653E-16
  6.3002E-12  2.9999E-09  1.6911E-11  1.9688E-14  4.3316E-16
  1.3630E-11  6.5347E-09  3.7008E-11  4.3092E-14  9.4798E-16
  2.9459E-11  1.4300E-08  8.1713E-11  9.5181E-14  2.0944E-15
  7.4339E-11  3.7166E-08  2.1741E-10  2.5348E-13  5.5821E-15
  1.7296E-10  9.1957E-08  5.6708E-10  6.6254E-13  1.4618E-14
  3.7230E-10  2.2711E-07  1.6023E-09  1.8832E-12  4.1772E-14
  5.7523E-10  4.2162E-07  3.7274E-09  4.4347E-12  9.9465E-14
  7.0360E-10  6.3944E-07  7.9706E-09  9.7290E-12  2.2359E-13
  7.0565E-10  7.7441E-07  1.3691E-08  1.7375E-11  4.1558E-13
  7.8188E-16  3.8714E-13  2.5535E-15  3.0741E-18  7.2163E-20
  1.6971E-15  8.4045E-13  5.5434E-15  6.6737E-18  1.5666E-19
  4.4824E-15  2.2203E-12  1.4644E-14  1.7631E-17  4.1383E-19
  1.1981E-14  5.9354E-12  3.9148E-14  4.7132E-17  1.1063E-18
  3.6823E-14  1.8244E-11  1.2033E-13  1.4487E-16  3.4003E-18
  1.0074E-13  4.9920E-11  3.2928E-13  3.9642E-16  9.3045E-18
  2.8502E-13  1.4126E-10  9.3189E-13  1.1219E-15  2.6332E-17
  6.8772E-13  3.4101E-10  2.2503E-12  2.7092E-15  6.3586E-17
  1.6718E-12  8.2986E-10  5.4799E-12  6.5975E-15  1.5517E-16
  3.5242E-12  1.7527E-09  1.1588E-11  1.3953E-14  3.2776E-16
  7.6533E-12  3.8215E-09  2.5337E-11  3.0510E-14  7.1630E-16
  1.5655E-11  7.8704E-09  5.2446E-11  6.3168E-14  1.4832E-15
  3.6352E-11  1.8553E-08  1.2511E-10  1.5076E-13  3.5413E-15
  8.1884E-11  4.3017E-08  2.9715E-10  3.5846E-13  8.4286E-15
  1.9242E-10  1.0833E-07  7.9591E-10  9.6283E-13  2.2699E-14
  3.6277E-10  2.3114E-07  1.9187E-09  2.3356E-12  5.5382E-14
  5.5162E-10  4.3028E-07  4.5305E-09  5.5979E-12  1.3479E-13
  6.2828E-10  6.0438E-07  8.5512E-09  1.0836E-11  2.6759E-13
