T(K)  p(mbar)  mu(amu)  mean cp(kJ/kg/K)
       75.000000    0.0010000000       2.3396947       12.966545
       75.000000    0.0030000000       2.3396952       12.966545
       75.000000     0.010000000       2.3396946       12.966545
       75.000000     0.030000000       2.3396952       12.966545
       75.000000      0.10000000       2.3396946       12.966545
       75.000000      0.30000000       2.3396952       12.966545
       75.000000       1.0000000       2.3396946       12.966545
       75.000000       3.0000000       2.3396952       12.966545
       75.000000       10.000000       2.3396946       12.966545
       75.000000       30.000000       2.3396952       12.966545
       75.000000       100.00000       2.3396946       12.966545
       75.000000       300.00000       2.3396952       12.966545
       75.000000       1000.0000       2.3396946       12.966545
       75.000000       3000.0000       2.3396952       12.966545
       75.000000       10000.000       2.3396946       12.966545
       100.00000    0.0010000000       2.3400536       12.479815
       100.00000    0.0030000000       2.3400529       12.479815
       100.00000     0.010000000       2.3400536       12.479815
       100.00000     0.030000000       2.3400529       12.479815
       100.00000      0.10000000       2.3398491       12.479815
       100.00000      0.30000000       2.3397459       12.479815
       100.00000       1.0000000       2.3397106       12.479815
       100.00000       3.0000000       2.3396997       12.479815
       100.00000       10.000000       2.3396967       12.479815
       100.00000       30.000000       2.3396951       12.479815
       100.00000       100.00000       2.3396954       12.479815
       100.00000       300.00000       2.3396946       12.479815
       100.00000       1000.0000       2.3396952       12.479815
       100.00000       3000.0000       2.3396946       12.479815
       100.00000       10000.000       2.3396952       12.479815
       100.00000       30000.000       2.3396946       12.479815
       110.00000    0.0010000000       2.3400531       12.418991
       110.00000    0.0030000000       2.3400530       12.418991
       110.00000     0.010000000       2.3400529       12.418991
       110.00000     0.030000000       2.3400529       12.418991
       110.00000      0.10000000       2.3400529       12.418991
       110.00000      0.30000000       2.3400529       12.418991
       110.00000       1.0000000       2.3400529       12.418991
       110.00000       3.0000000       2.3398370       12.418991
       110.00000       10.000000       2.3397373       12.418991
       110.00000       30.000000       2.3397088       12.418991
       110.00000       100.00000       2.3396989       12.418991
       110.00000       300.00000       2.3396960       12.418991
       110.00000       1000.0000       2.3396950       12.418991
       110.00000       3000.0000       2.3396947       12.418991
       110.00000       10000.000       2.3396946       12.418991
       110.00000       30000.000       2.3396946       12.418991
       110.00000       100000.00       2.3396946       12.418991
       120.00000    0.0010000000       2.3400632       12.420319
       120.00000    0.0030000000       2.3400570       12.420319
       120.00000     0.010000000       2.3400540       12.420319
       120.00000     0.030000000       2.3400539       12.420319
       120.00000      0.10000000       2.3400530       12.420319
       120.00000      0.30000000       2.3400536       12.420319
       120.00000       1.0000000       2.3400529       12.420319
       120.00000       3.0000000       2.3400536       12.420319
       120.00000       10.000000       2.3400529       12.420319
       120.00000       30.000000       2.3399226       12.420319
       120.00000       100.00000       2.3397628       12.420319
       120.00000       300.00000       2.3397179       12.420319
       120.00000       1000.0000       2.3397014       12.420319
       120.00000       3000.0000       2.3396975       12.420319
       120.00000       10000.000       2.3396953       12.420319
       120.00000       30000.000       2.3396954       12.420319
       120.00000       100000.00       2.3396947       12.420319
       130.00000    0.0010000000       2.3401978       12.474228
       130.00000    0.0030000000       2.3401728       12.474235
       130.00000     0.010000000       2.3400889       12.474237
       130.00000     0.030000000       2.3400649       12.474238
       130.00000      0.10000000       2.3400565       12.474238
       130.00000      0.30000000       2.3400541       12.474238
       130.00000       1.0000000       2.3400533       12.474239
       130.00000       3.0000000       2.3400531       12.474239
       130.00000       10.000000       2.3400530       12.474239
       130.00000       30.000000       2.3400529       12.474239
       130.00000       100.00000       2.3400529       12.474239
       130.00000       300.00000       2.3399315       12.474239
       130.00000       1000.0000       2.3397657       12.474239
       130.00000       3000.0000       2.3397183       12.474239
       130.00000       10000.000       2.3397017       12.474239
       130.00000       30000.000       2.3396970       12.474239
       130.00000       100000.00       2.3396953       12.474239
       140.00000    0.0010000000       2.3402419       12.570859
       140.00000    0.0030000000       2.3402113       12.571078
       140.00000     0.010000000       2.3402014       12.571154
       140.00000     0.030000000       2.3401977       12.571176
       140.00000      0.10000000       2.3401297       12.571184
       140.00000      0.30000000       2.3400783       12.571186
       140.00000       1.0000000       2.3400612       12.571187
       140.00000       3.0000000       2.3400555       12.571187
       140.00000       10.000000       2.3400543       12.571187
       140.00000       30.000000       2.3400532       12.571187
       140.00000       100.00000       2.3400536       12.571187
       140.00000       300.00000       2.3400530       12.571187
       140.00000       1000.0000       2.3400536       12.571187
       140.00000       3000.0000       2.3398713       12.571187
       140.00000       10000.000       2.3397482       12.571187
       140.00000       30000.000       2.3397123       12.571187
       140.00000       100000.00       2.3397005       12.571187
       150.00000    0.0010000000       2.3410488       12.695335
       150.00000    0.0030000000       2.3404811       12.699512
       150.00000     0.010000000       2.3402815       12.700975
       150.00000     0.030000000       2.3402253       12.701393
       150.00000      0.10000000       2.3402048       12.701539
       150.00000      0.30000000       2.3401997       12.701581
       150.00000       1.0000000       2.3401602       12.701596
       150.00000       3.0000000       2.3400893       12.701600
       150.00000       10.000000       2.3400637       12.701601
       150.00000       30.000000       2.3400571       12.701602
       150.00000       100.00000       2.3400540       12.701602
       150.00000       300.00000       2.3400539       12.701602
       150.00000       1000.0000       2.3400530       12.701602
       150.00000       3000.0000       2.3400536       12.701602
       150.00000       10000.000       2.3399969       12.701602
       150.00000       30000.000       2.3397960       12.701602
       150.00000       100000.00       2.3397248       12.701602
       160.00000    0.0010000000       2.3424793       12.838921
       160.00000    0.0030000000       2.3424786       12.838921
       160.00000     0.010000000       2.3413134       12.847599
       160.00000     0.030000000       2.3405684       12.853146
       160.00000      0.10000000       2.3403085       12.855089
       160.00000      0.30000000       2.3402335       12.855644
       160.00000       1.0000000       2.3402080       12.855839
       160.00000       3.0000000       2.3402000       12.855894
       160.00000       10.000000       2.3401622       12.855914
       160.00000       30.000000       2.3400892       12.855919
       160.00000       100.00000       2.3400644       12.855921
       160.00000       300.00000       2.3400566       12.855922
       160.00000       1000.0000       2.3400546       12.855922
       160.00000       3000.0000       2.3400533       12.855922
       160.00000       10000.000       2.3400537       12.855922
       160.00000       30000.000       2.3400530       12.855922
       160.00000       100000.00       2.3398339       12.855922
       170.00000    0.0010000000       2.3424755       13.007323
       170.00000    0.0030000000       2.3424755       13.007323
       170.00000     0.010000000       2.3424755       13.007323
       170.00000     0.030000000       2.3424755       13.007323
       170.00000      0.10000000       2.3412767       13.016407
       170.00000      0.30000000       2.3405564       13.021858
       170.00000       1.0000000       2.3403043       13.023767
       170.00000       3.0000000       2.3402323       13.024312
       170.00000       10.000000       2.3402070       13.024503
       170.00000       30.000000       2.3401998       13.024558
       170.00000       100.00000       2.3401368       13.024577
       170.00000       300.00000       2.3400809       13.024582
       170.00000       1000.0000       2.3400613       13.024584
       170.00000       3000.0000       2.3400557       13.024585
       170.00000       10000.000       2.3400538       13.024585
       170.00000       30000.000       2.3400532       13.024585
       170.00000       100000.00       2.3400530       13.024585
       180.00000    0.0010000000       2.3424788       13.180496
       180.00000    0.0030000000       2.3424786       13.180497
       180.00000     0.010000000       2.3424786       13.180497
       180.00000     0.030000000       2.3424786       13.180497
       180.00000      0.10000000       2.3424786       13.180497
       180.00000      0.30000000       2.3424786       13.180497
       180.00000       1.0000000       2.3410087       13.191782
       180.00000       3.0000000       2.3404671       13.195946
       180.00000       10.000000       2.3402775       13.197404
       180.00000       30.000000       2.3402233       13.197821
       180.00000       100.00000       2.3402044       13.197967
       180.00000       300.00000       2.3401989       13.198008
       180.00000       1000.0000       2.3401046       13.198023
       180.00000       3000.0000       2.3400702       13.198027
       180.00000       10000.000       2.3400581       13.198028
       180.00000       30000.000       2.3400547       13.198029
       180.00000       100000.00       2.3400535       13.198029
       190.00000    0.0010000000       2.3424786       13.348899
       190.00000    0.0030000000       2.3424786       13.348899
       190.00000     0.010000000       2.3424786       13.348899
       190.00000     0.030000000       2.3424786       13.348899
       190.00000      0.10000000       2.3424786       13.348899
       190.00000      0.30000000       2.3424786       13.348899
       190.00000       1.0000000       2.3424786       13.348899
       190.00000       3.0000000       2.3418430       13.353849
       190.00000       10.000000       2.3406903       13.362836
       190.00000       30.000000       2.3403609       13.365407
       190.00000       100.00000       2.3402456       13.366307
       190.00000       300.00000       2.3402127       13.366564
       190.00000       1000.0000       2.3402012       13.366654
       190.00000       3000.0000       2.3401405       13.366681
       190.00000       10000.000       2.3400792       13.366689
       190.00000       30000.000       2.3400617       13.366691
       190.00000       100000.00       2.3400556       13.366692
       200.00000    0.0010000000       2.3424792       13.502979
       200.00000    0.0030000000       2.3424786       13.502979
       200.00000     0.010000000       2.3424792       13.502979
       200.00000     0.030000000       2.3424786       13.502979
       200.00000      0.10000000       2.3424792       13.502979
       200.00000      0.30000000       2.3424786       13.502979
       200.00000       1.0000000       2.3424793       13.502979
       200.00000       3.0000000       2.3424788       13.502979
       200.00000       10.000000       2.3424792       13.502982
       200.00000       30.000000       2.3410323       13.514405
       200.00000       100.00000       2.3404477       13.519030
       200.00000       300.00000       2.3402798       13.520353
       200.00000       1000.0000       2.3402219       13.520817
       200.00000       3000.0000       2.3402046       13.520958
       200.00000       10000.000       2.3401672       13.520996
       200.00000       30000.000       2.3400908       13.521006
       200.00000       100000.00       2.3400649       13.521010
       210.00000    0.0010000000       2.3424788       13.635714
       210.00000    0.0030000000       2.3424792       13.635715
       210.00000     0.010000000       2.3424786       13.635715
       210.00000     0.030000000       2.3424792       13.635715
       210.00000      0.10000000       2.3424786       13.635715
       210.00000      0.30000000       2.3424792       13.635715
       210.00000       1.0000000       2.3424786       13.635716
       210.00000       3.0000000       2.3424792       13.635717
       210.00000       10.000000       2.3424786       13.635718
       210.00000       30.000000       2.3424792       13.635728
       210.00000       100.00000       2.3412870       13.645243
       210.00000       300.00000       2.3405605       13.651057
       210.00000       1000.0000       2.3403053       13.653099
       210.00000       3000.0000       2.3402332       13.653717
       210.00000       10000.000       2.3402071       13.653884
       210.00000       30000.000       2.3401961       13.653930
       210.00000       100000.00       2.3400957       13.653947
       220.00000    0.0010000000       2.3424786       13.750177
       220.00000    0.0030000000       2.3424786       13.750178
       220.00000     0.010000000       2.3424786       13.750178
       220.00000     0.030000000       2.3424786       13.750178
       220.00000      0.10000000       2.3424786       13.750178
       220.00000      0.30000000       2.3424788       13.750177
       220.00000       1.0000000       2.3424786       13.750179
       220.00000       3.0000000       2.3424786       13.750180
       220.00000       10.000000       2.3424786       13.750181
       220.00000       30.000000       2.3424786       13.750191
       220.00000       100.00000       2.3424786       13.750204
       220.00000       300.00000       2.3415796       13.757474
       220.00000       1000.0000       2.3406113       13.765311
       220.00000       3000.0000       2.3403346       13.767685
       220.00000       10000.000       2.3402377       13.768325
       220.00000       30000.000       2.3402101       13.768505
       220.00000       100000.00       2.3401957       13.768567
       230.00000    0.0010000000       2.3424822       13.851810
       230.00000    0.0030000000       2.3424786       13.851817
       230.00000     0.010000000       2.3424786       13.851818
       230.00000     0.030000000       2.3424786       13.851818
       230.00000      0.10000000       2.3424786       13.851818
       230.00000      0.30000000       2.3424786       13.851818
       230.00000       1.0000000       2.3424788       13.851817
       230.00000       3.0000000       2.3424786       13.851820
       230.00000       10.000000       2.3424786       13.851821
       230.00000       30.000000       2.3424786       13.851831
       230.00000       100.00000       2.3424786       13.851844
       230.00000       300.00000       2.3424786       13.851898
       230.00000       1000.0000       2.3416021       13.859181
       230.00000       3000.0000       2.3406649       13.867278
       230.00000       10000.000       2.3403368       13.869469
       230.00000       30000.000       2.3402431       13.870084
       230.00000       100000.00       2.3402103       13.870300
       240.00000    0.0010000000       2.3424808       13.942710
       240.00000    0.0030000000       2.3424823       13.942757
       240.00000     0.010000000       2.3424786       13.942763
       240.00000     0.030000000       2.3424792       13.942763
       240.00000      0.10000000       2.3424786       13.942764
       240.00000      0.30000000       2.3424792       13.942764
       240.00000       1.0000000       2.3424786       13.942764
       240.00000       3.0000000       2.3424792       13.942765
       240.00000       10.000000       2.3424786       13.942766
       240.00000       30.000000       2.3424794       13.942775
       240.00000       100.00000       2.3424786       13.942789
       240.00000       300.00000       2.3424792       13.942843
       240.00000       1000.0000       2.3424786       13.943146
       240.00000       3000.0000       2.3416309       13.951866
       240.00000       10000.000       2.3406265       13.958626
       240.00000       30000.000       2.3403403       13.960528
       240.00000       100000.00       2.3402393       13.961193
       250.00000    0.0010000000       2.3424777       14.021548
       250.00000    0.0030000000       2.3424818       14.021783
       250.00000     0.010000000       2.3424823       14.021816
       250.00000     0.030000000       2.3424824       14.021819
       250.00000      0.10000000       2.3424792       14.021820
       250.00000      0.30000000       2.3424786       14.021820
       250.00000       1.0000000       2.3424792       14.021820
       250.00000       3.0000000       2.3424786       14.021821
       250.00000       10.000000       2.3424792       14.021822
       250.00000       30.000000       2.3424788       14.021832
       250.00000       100.00000       2.3424792       14.021846
       250.00000       300.00000       2.3424786       14.021900
       250.00000       1000.0000       2.3424792       14.022202
       250.00000       3000.0000       2.3424786       14.025244
       250.00000       10000.000       2.3414006       14.032615
       250.00000       30000.000       2.3405975       14.037975
       250.00000       100000.00       2.3403172       14.039851
       260.00000    0.0010000000       2.3424668       14.087640
       260.00000    0.0030000000       2.3424786       14.088297
       260.00000     0.010000000       2.3424815       14.088452
       260.00000     0.030000000       2.3424819       14.088466
       260.00000      0.10000000       2.3424818       14.088469
       260.00000      0.30000000       2.3424786       14.088470
       260.00000       1.0000000       2.3424786       14.088470
       260.00000       3.0000000       2.3424786       14.088471
       260.00000       10.000000       2.3424786       14.088473
       260.00000       30.000000       2.3424818       14.088483
       260.00000       100.00000       2.3424818       14.088495
       260.00000       300.00000       2.3424819       14.088548
       260.00000       1000.0000       2.3424786       14.088852
       260.00000       3000.0000       2.3424786       14.091894
       260.00000       10000.000       2.3424786       14.092069
       260.00000       30000.000       2.3412336       14.100432
       260.00000       100000.00       2.3405074       14.105313
       260.00000       300000.00       2.3403000       14.106709
       270.00000    0.0010000000       2.3424488       14.143991
       270.00000    0.0030000000       2.3424716       14.144909
       270.00000     0.010000000       2.3424810       14.145403
       270.00000     0.030000000       2.3424817       14.145472
       270.00000      0.10000000       2.3424824       14.145481
       270.00000      0.30000000       2.3424818       14.145482
       270.00000       1.0000000       2.3424786       14.145483
       270.00000       3.0000000       2.3424786       14.145484
       270.00000       10.000000       2.3424786       14.145485
       270.00000       30.000000       2.3424819       14.145494
       270.00000       100.00000       2.3424824       14.145508
       270.00000       300.00000       2.3424818       14.145562
       270.00000       1000.0000       2.3424824       14.145865
       270.00000       3000.0000       2.3424786       14.148907
       270.00000       10000.000       2.3424788       14.149080
       270.00000       30000.000       2.3424788       14.149078
       270.00000       100000.00       2.3409461       14.159429
       270.00000       300000.00       2.3404462       14.162811
       275.00000    0.0010000000       2.3424391       14.169766
       275.00000    0.0030000000       2.3424658       14.170626
       275.00000     0.010000000       2.3424791       14.171340
       275.00000     0.030000000       2.3424814       14.171477
       275.00000      0.10000000       2.3424817       14.171495
       275.00000      0.30000000       2.3424818       14.171496
       275.00000       1.0000000       2.3424817       14.171497
       275.00000       3.0000000       2.3424817       14.171498
       275.00000       10.000000       2.3424818       14.171499
       275.00000       30.000000       2.3424818       14.171509
       275.00000       100.00000       2.3424818       14.171522
       275.00000       300.00000       2.3424818       14.171576
       275.00000       1000.0000       2.3424818       14.171879
       275.00000       3000.0000       2.3424786       14.174921
       275.00000       10000.000       2.3424786       14.175096
       275.00000       30000.000       2.3424786       14.175094
       275.00000       100000.00       2.3413236       14.182906
       275.00000       300000.00       2.3405721       14.188001
       280.00000    0.0010000000       2.3424264       14.194469
       280.00000    0.0030000000       2.3424558       14.195160
       280.00000     0.010000000       2.3424775       14.196054
       280.00000     0.030000000       2.3424817       14.196302
       280.00000      0.10000000       2.3424825       14.196336
       280.00000      0.30000000       2.3424825       14.196339
       280.00000       1.0000000       2.3424824       14.196341
       280.00000       3.0000000       2.3424825       14.196341
       280.00000       10.000000       2.3424825       14.196342
       280.00000       30.000000       2.3424825       14.196352
       280.00000       100.00000       2.3424824       14.196366
       280.00000       300.00000       2.3424824       14.196420
       280.00000       1000.0000       2.3424824       14.196723
       280.00000       3000.0000       2.3424824       14.199765
       280.00000       10000.000       2.3424792       14.199940
       280.00000       30000.000       2.3424786       14.199938
       280.00000       100000.00       2.3417777       14.204684
       280.00000       300000.00       2.3407232       14.211844
       290.00000    0.0010000000       2.3423641       14.240219
       290.00000    0.0030000000       2.3424380       14.240400
       290.00000     0.010000000       2.3424691       14.241349
       290.00000     0.030000000       2.3424795       14.241935
       290.00000      0.10000000       2.3424821       14.242062
       290.00000      0.30000000       2.3424817       14.242075
       290.00000       1.0000000       2.3424824       14.242076
       290.00000       3.0000000       2.3424817       14.242078
       290.00000       10.000000       2.3424824       14.242079
       290.00000       30.000000       2.3424818       14.242089
       290.00000       100.00000       2.3424825       14.242101
       290.00000       300.00000       2.3424818       14.242156
       290.00000       1000.0000       2.3424824       14.242458
       290.00000       3000.0000       2.3424819       14.245499
       290.00000       10000.000       2.3424826       14.245674
       290.00000       30000.000       2.3424786       14.245673
       290.00000       100000.00       2.3424792       14.245648
       290.00000       300000.00       2.3411968       14.254381
       300.00000    0.0010000000       2.3424003       14.278792
       300.00000    0.0030000000       2.3424054       14.279129
       300.00000     0.010000000       2.3424396       14.279970
       300.00000     0.030000000       2.3424586       14.280875
       300.00000      0.10000000       2.3424639       14.281227
       300.00000      0.30000000       2.3424653       14.281269
       300.00000       1.0000000       2.3424648       14.281274
       300.00000       3.0000000       2.3424654       14.281276
       300.00000       10.000000       2.3424648       14.281277
       300.00000       30.000000       2.3424654       14.281288
       300.00000       100.00000       2.3424648       14.281300
       300.00000       300.00000       2.3424654       14.281354
       300.00000       1000.0000       2.3424648       14.281657
       300.00000       3000.0000       2.3424654       14.284697
       300.00000       10000.000       2.3424648       14.284872
       300.00000       30000.000       2.3424654       14.284870
       300.00000       100000.00       2.3424648       14.284845
       300.00000       300000.00       2.3420038       14.287959
       310.00000    0.0010000000       2.3423983       14.310498
       310.00000    0.0030000000       2.3424017       14.310698
       310.00000     0.010000000       2.3424313       14.311277
       310.00000     0.030000000       2.3424473       14.312220
       310.00000      0.10000000       2.3424630       14.312924
       310.00000      0.30000000       2.3424644       14.313053
       310.00000       1.0000000       2.3424654       14.313069
       310.00000       3.0000000       2.3424648       14.313072
       310.00000       10.000000       2.3424654       14.313073
       310.00000       30.000000       2.3424648       14.313084
       310.00000       100.00000       2.3424654       14.313096
       310.00000       300.00000       2.3424648       14.313150
       310.00000       1000.0000       2.3424654       14.313453
       310.00000       3000.0000       2.3424648       14.316494
       310.00000       10000.000       2.3424654       14.316668
       310.00000       30000.000       2.3424648       14.316666
       310.00000       100000.00       2.3424654       14.316641
       310.00000       300000.00       2.3424648       14.316577
       320.00000    0.0010000000       2.3423975       14.336702
       320.00000    0.0030000000       2.3423995       14.336820
       320.00000     0.010000000       2.3424058       14.337192
       320.00000     0.030000000       2.3424387       14.337962
       320.00000      0.10000000       2.3424591       14.338950
       320.00000      0.30000000       2.3424645       14.339271
       320.00000       1.0000000       2.3424653       14.339320
       320.00000       3.0000000       2.3424654       14.339325
       320.00000       10.000000       2.3424654       14.339327
       320.00000       30.000000       2.3424654       14.339337
       320.00000       100.00000       2.3424654       14.339350
       320.00000       300.00000       2.3424654       14.339404
       320.00000       1000.0000       2.3424654       14.339707
       320.00000       3000.0000       2.3424654       14.342747
       320.00000       10000.000       2.3424654       14.342922
       320.00000       30000.000       2.3424654       14.342920
       320.00000       100000.00       2.3424654       14.342894
       320.00000       300000.00       2.3424654       14.342831
       330.00000    0.0010000000       2.3423971       14.359841
       330.00000    0.0030000000       2.3423983       14.359912
       330.00000     0.010000000       2.3424022       14.360146
       330.00000     0.030000000       2.3424314       14.360698
       330.00000      0.10000000       2.3424495       14.361737
       330.00000      0.30000000       2.3424630       14.362348
       330.00000       1.0000000       2.3424651       14.362479
       330.00000       3.0000000       2.3424654       14.362493
       330.00000       10.000000       2.3424654       14.362496
       330.00000       30.000000       2.3424654       14.362506
       330.00000       100.00000       2.3424654       14.362519
       330.00000       300.00000       2.3424654       14.362573
       330.00000       1000.0000       2.3424654       14.362875
       330.00000       3000.0000       2.3424654       14.365916
       330.00000       10000.000       2.3424654       14.366091
       330.00000       30000.000       2.3424654       14.366089
       330.00000       100000.00       2.3424654       14.366063
       330.00000       300000.00       2.3424654       14.366000
       340.00000    0.0010000000       2.3423969       14.380704
       340.00000    0.0030000000       2.3423976       14.380747
       340.00000     0.010000000       2.3424000       14.380894
       340.00000     0.030000000       2.3424064       14.381268
       340.00000      0.10000000       2.3424419       14.382164
       340.00000      0.30000000       2.3424591       14.383035
       340.00000       1.0000000       2.3424648       14.383336
       340.00000       3.0000000       2.3424647       14.383371
       340.00000       10.000000       2.3424654       14.383376
       340.00000       30.000000       2.3424648       14.383387
       340.00000       100.00000       2.3424654       14.383400
       340.00000       300.00000       2.3424648       14.383454
       340.00000       1000.0000       2.3424654       14.383756
       340.00000       3000.0000       2.3424648       14.386797
       340.00000       10000.000       2.3424654       14.386972
       340.00000       30000.000       2.3424648       14.386970
       340.00000       100000.00       2.3424654       14.386944
       340.00000       300000.00       2.3424648       14.386881
       350.00000    0.0010000000       2.3423967       14.398421
       350.00000    0.0030000000       2.3423972       14.398449
       350.00000     0.010000000       2.3423988       14.398542
       350.00000     0.030000000       2.3424029       14.398791
       350.00000      0.10000000       2.3424350       14.399477
       350.00000      0.30000000       2.3424544       14.400447
       350.00000       1.0000000       2.3424638       14.401008
       350.00000       3.0000000       2.3424652       14.401093
       350.00000       10.000000       2.3424654       14.401105
       350.00000       30.000000       2.3424654       14.401116
       350.00000       100.00000       2.3424654       14.401129
       350.00000       300.00000       2.3424654       14.401183
       350.00000       1000.0000       2.3424654       14.401486
       350.00000       3000.0000       2.3424654       14.404526
       350.00000       10000.000       2.3424654       14.404701
       350.00000       30000.000       2.3424654       14.404699
       350.00000       100000.00       2.3424654       14.404673
       350.00000       300000.00       2.3424654       14.404610
       375.00000    0.0010000000       2.3423972       14.428398
       375.00000    0.0030000000       2.3423967       14.428408
       375.00000     0.010000000       2.3423979       14.428440
       375.00000     0.030000000       2.3423988       14.428530
       375.00000      0.10000000       2.3424043       14.428822
       375.00000      0.30000000       2.3424352       14.429477
       375.00000       1.0000000       2.3424553       14.430530
       375.00000       3.0000000       2.3424638       14.431003
       375.00000       10.000000       2.3424646       14.431089
       375.00000       30.000000       2.3424654       14.431107
       375.00000       100.00000       2.3424648       14.431120
       375.00000       300.00000       2.3424654       14.431173
       375.00000       1000.0000       2.3424648       14.431471
       375.00000       3000.0000       2.3424654       14.434450
       375.00000       10000.000       2.3424648       14.434635
       375.00000       30000.000       2.3424654       14.434695
       375.00000       100000.00       2.3424648       14.434671
       375.00000       300000.00       2.3424654       14.434606
       400.00000    0.0010000000       2.3423964       14.448432
       400.00000    0.0030000000       2.3423964       14.448436
       400.00000     0.010000000       2.3423967       14.448448
       400.00000     0.030000000       2.3423972       14.448484
       400.00000      0.10000000       2.3423993       14.448604
       400.00000      0.30000000       2.3424045       14.448917
       400.00000       1.0000000       2.3424385       14.449725
       400.00000       3.0000000       2.3424574       14.450668
       400.00000       10.000000       2.3424642       14.451079
       400.00000       30.000000       2.3424651       14.451139
       400.00000       100.00000       2.3424652       14.451155
       400.00000       300.00000       2.3424652       14.451198
       400.00000       1000.0000       2.3424652       14.451425
       400.00000       3000.0000       2.3424652       14.453610
       400.00000       10000.000       2.3424652       14.453923
       400.00000       30000.000       2.3424652       14.454786
       400.00000       100000.00       2.3424652       14.454793
       400.00000       300000.00       2.3424652       14.454710
       425.00000    0.0010000000       2.3423963       14.461207
       425.00000    0.0030000000       2.3423964       14.461208
       425.00000     0.010000000       2.3423964       14.461213
       425.00000     0.030000000       2.3423967       14.461228
       425.00000      0.10000000       2.3423976       14.461281
       425.00000      0.30000000       2.3424000       14.461425
       425.00000       1.0000000       2.3424074       14.461869
       425.00000       3.0000000       2.3424416       14.462724
       425.00000       10.000000       2.3424606       14.463639
       425.00000       30.000000       2.3424640       14.463884
       425.00000       100.00000       2.3424652       14.463924
       425.00000       300.00000       2.3424646       14.463959
       425.00000       1000.0000       2.3424652       14.464120
       425.00000       3000.0000       2.3424646       14.465560
       425.00000       10000.000       2.3424652       14.465999
       425.00000       30000.000       2.3424646       14.467611
       425.00000       100000.00       2.3424652       14.467648
       425.00000       300000.00       2.3424646       14.467547
       450.00000    0.0010000000       2.3423963       14.468560
       450.00000    0.0030000000       2.3423968       14.468562
       450.00000     0.010000000       2.3423964       14.468563
       450.00000     0.030000000       2.3423971       14.468570
       450.00000      0.10000000       2.3423969       14.468595
       450.00000      0.30000000       2.3423987       14.468664
       450.00000       1.0000000       2.3424019       14.468892
       450.00000       3.0000000       2.3424309       14.469434
       450.00000       10.000000       2.3424482       14.470477
       450.00000       30.000000       2.3424620       14.471117
       450.00000       100.00000       2.3424644       14.471262
       450.00000       300.00000       2.3424646       14.471298
       450.00000       1000.0000       2.3424646       14.471395
       450.00000       3000.0000       2.3424646       14.472135
       450.00000       10000.000       2.3424646       14.472697
       450.00000       30000.000       2.3424646       14.475011
       450.00000       100000.00       2.3424646       14.475078
       450.00000       300000.00       2.3424646       14.474957
       475.00000    0.0010000000       2.3423958       14.473196
       475.00000    0.0030000000       2.3423962       14.473193
       475.00000     0.010000000       2.3423962       14.473195
       475.00000     0.030000000       2.3423964       14.473197
       475.00000      0.10000000       2.3423966       14.473209
       475.00000      0.30000000       2.3423972       14.473244
       475.00000       1.0000000       2.3423992       14.473363
       475.00000       3.0000000       2.3424044       14.473674
       475.00000       10.000000       2.3424377       14.474477
       475.00000       30.000000       2.3424566       14.475427
       475.00000       100.00000       2.3424636       14.475847
       475.00000       300.00000       2.3424645       14.475915
       475.00000       1000.0000       2.3424646       14.475983
       475.00000       3000.0000       2.3424646       14.476367
       475.00000       10000.000       2.3424646       14.476927
       475.00000       30000.000       2.3424646       14.479275
       475.00000       100000.00       2.3424646       14.479886
       475.00000       300000.00       2.3424646       14.479756
       500.00000    0.0010000000       2.3423895       14.478764
       500.00000    0.0030000000       2.3423955       14.478730
       500.00000     0.010000000       2.3423963       14.478726
       500.00000     0.030000000       2.3423962       14.478729
       500.00000      0.10000000       2.3423965       14.478734
       500.00000      0.30000000       2.3423968       14.478753
       500.00000       1.0000000       2.3423979       14.478818
       500.00000       3.0000000       2.3424008       14.478994
       500.00000       10.000000       2.3424301       14.479519
       500.00000       30.000000       2.3424449       14.480443
       500.00000       100.00000       2.3424620       14.481246
       500.00000       300.00000       2.3424648       14.481423
       500.00000       1000.0000       2.3424652       14.481479
       500.00000       3000.0000       2.3424652       14.481585
       500.00000       10000.000       2.3424652       14.482119
       500.00000       30000.000       2.3424652       14.484378
       500.00000       100000.00       2.3424652       14.485636
       500.00000       300000.00       2.3424652       14.485470
       575.00000    0.0010000000       2.3420525       14.510675
       575.00000    0.0030000000       2.3421791       14.510192
       575.00000     0.010000000       2.3423436       14.509520
       575.00000     0.030000000       2.3423898       14.509321
       575.00000      0.10000000       2.3423956       14.509293
       575.00000      0.30000000       2.3423963       14.509294
       575.00000       1.0000000       2.3423965       14.509308
       575.00000       3.0000000       2.3423973       14.509345
       575.00000       10.000000       2.3423994       14.509475
       575.00000       30.000000       2.3424051       14.509812
       575.00000       100.00000       2.3424390       14.510657
       575.00000       300.00000       2.3424576       14.511586
       575.00000       1000.0000       2.3424644       14.511972
       575.00000       3000.0000       2.3424645       14.512067
       575.00000       10000.000       2.3424652       14.512289
       575.00000       30000.000       2.3424646       14.513136
       575.00000       100000.00       2.3424652       14.516858
       575.00000       300000.00       2.3424646       14.519680
       650.00000    0.0010000000       2.3420295       14.540464
       650.00000    0.0030000000       2.3420252       14.540458
       650.00000     0.010000000       2.3420415       14.540392
       650.00000     0.030000000       2.3421189       14.540085
       650.00000      0.10000000       2.3423147       14.539469
       650.00000      0.30000000       2.3423812       14.539200
       650.00000       1.0000000       2.3423953       14.539158
       650.00000       3.0000000       2.3423970       14.539165
       650.00000       10.000000       2.3423972       14.539203
       650.00000       30.000000       2.3423997       14.539310
       650.00000       100.00000       2.3424047       14.539653
       650.00000       300.00000       2.3424369       14.540389
       650.00000       1000.0000       2.3424572       14.541428
       650.00000       3000.0000       2.3424635       14.541831
       650.00000       10000.000       2.3424645       14.541990
       650.00000       30000.000       2.3424646       14.542341
       650.00000       100000.00       2.3424646       14.545053
       650.00000       300000.00       2.3424646       14.561670
       725.00000    0.0010000000       2.3420441       14.593252
       725.00000    0.0030000000       2.3420447       14.593252
       725.00000     0.010000000       2.3420444       14.593251
       725.00000     0.030000000       2.3420472       14.593243
       725.00000      0.10000000       2.3420637       14.593165
       725.00000      0.30000000       2.3421663       14.592850
       725.00000       1.0000000       2.3423355       14.592342
       725.00000       3.0000000       2.3423889       14.592170
       725.00000       10.000000       2.3423960       14.592158
       725.00000       30.000000       2.3423972       14.592197
       725.00000       100.00000       2.3423995       14.592334
       725.00000       300.00000       2.3424055       14.592687
       725.00000       1000.0000       2.3424405       14.593562
       725.00000       3000.0000       2.3424587       14.594489
       725.00000       10000.000       2.3424645       14.594892
       725.00000       30000.000       2.3424652       14.595111
       725.00000       100000.00       2.3424653       14.596443
       725.00000       300000.00       2.3424653       14.607866
       800.00000    0.0010000000       2.3420442       14.680279
       800.00000    0.0030000000       2.3420448       14.680279
       800.00000     0.010000000       2.3420442       14.680279
       800.00000     0.030000000       2.3420449       14.680279
       800.00000      0.10000000       2.3420450       14.680277
       800.00000      0.30000000       2.3420556       14.680256
       800.00000       1.0000000       2.3421097       14.680101
       800.00000       3.0000000       2.3422671       14.679722
       800.00000       10.000000       2.3423831       14.679416
       800.00000       30.000000       2.3423980       14.679377
       800.00000       100.00000       2.3423987       14.679431
       800.00000       300.00000       2.3424010       14.679600
       800.00000       1000.0000       2.3424297       14.680110
       800.00000       3000.0000       2.3424441       14.681036
       800.00000       10000.000       2.3424620       14.681916
       800.00000       30000.000       2.3424653       14.682215
       800.00000       100000.00       2.3424666       14.682781
       800.00000       300000.00       2.3424679       14.685131
       900.00000    0.0010000000       2.3420455       14.800093
       900.00000    0.0030000000       2.3420453       14.800094
       900.00000     0.010000000       2.3420451       14.800094
       900.00000     0.030000000       2.3420450       14.800095
       900.00000      0.10000000       2.3420450       14.800095
       900.00000      0.30000000       2.3420451       14.800094
       900.00000       1.0000000       2.3420470       14.800090
       900.00000       3.0000000       2.3420653       14.800055
       900.00000       10.000000       2.3421766       14.799861
       900.00000       30.000000       2.3423412       14.799561
       900.00000       100.00000       2.3424117       14.799438
       900.00000       300.00000       2.3424223       14.799489
       900.00000       1000.0000       2.3424132       14.799723
       900.00000       3000.0000       2.3424365       14.800286
       900.00000       10000.000       2.3424534       14.801367
       900.00000       30000.000       2.3424676       14.802066
       900.00000       100000.00       2.3424697       14.802498
       900.00000       300000.00       2.3424699       14.803485
       1000.0000    0.0010000000       2.3420488       14.949820
       1000.0000    0.0030000000       2.3420496       14.949821
       1000.0000     0.010000000       2.3420503       14.949821
       1000.0000     0.030000000       2.3420474       14.949821
       1000.0000      0.10000000       2.3420468       14.949821
       1000.0000      0.30000000       2.3420474       14.949822
       1000.0000       1.0000000       2.3420467       14.949823
       1000.0000       3.0000000       2.3420479       14.949824
       1000.0000       10.000000       2.3420600       14.949813
       1000.0000       30.000000       2.3421156       14.949732
       1000.0000       100.00000       2.3422879       14.949508
       1000.0000       300.00000       2.3424015       14.949393
       1000.0000       1000.0000       2.3424262       14.949478
       1000.0000       3000.0000       2.3424335       14.949791
       1000.0000       10000.000       2.3424674       14.950623
       1000.0000       30000.000       2.3424749       14.951645
       1000.0000       100000.00       2.3424734       14.952271
       1000.0000       300000.00       2.3424718       14.952893
       1100.0000    0.0010000000       2.3421702       15.119214
       1100.0000    0.0030000000       2.3420836       15.119411
       1100.0000     0.010000000       2.3420551       15.119484
       1100.0000     0.030000000       2.3420499       15.119505
       1100.0000      0.10000000       2.3420494       15.119512
       1100.0000      0.30000000       2.3420499       15.119514
       1100.0000       1.0000000       2.3420503       15.119515
       1100.0000       3.0000000       2.3420476       15.119516
       1100.0000       10.000000       2.3420487       15.119516
       1100.0000       30.000000       2.3420592       15.119510
       1100.0000       100.00000       2.3421149       15.119458
       1100.0000       300.00000       2.3422744       15.119333
       1100.0000       1000.0000       2.3424030       15.119286
       1100.0000       3000.0000       2.3424277       15.119450
       1100.0000       10000.000       2.3424587       15.120006
       1100.0000       30000.000       2.3424775       15.120996
       1100.0000       100000.00       2.3424914       15.121951
       1100.0000       300000.00       2.3424919       15.122492
       1200.0000    0.0010000000       2.3431371       15.305831
       1200.0000    0.0030000000       2.3432381       15.305825
       1200.0000     0.010000000       2.3427967       15.306958
       1200.0000     0.030000000       2.3424389       15.307951
       1200.0000      0.10000000       2.3421772       15.308741
       1200.0000      0.30000000       2.3420893       15.309015
       1200.0000       1.0000000       2.3420584       15.309117
       1200.0000       3.0000000       2.3420518       15.309148
       1200.0000       10.000000       2.3420506       15.309158
       1200.0000       30.000000       2.3420518       15.309162
       1200.0000       100.00000       2.3420625       15.309162
       1200.0000       300.00000       2.3421212       15.309141
       1200.0000       1000.0000       2.3423163       15.309095
       1200.0000       3000.0000       2.3424068       15.309140
       1200.0000       10000.000       2.3424333       15.309525
       1200.0000       30000.000       2.3424670       15.310328
       1200.0000       100000.00       2.3424867       15.311495
       1200.0000       300000.00       2.3424935       15.312137
       1300.0000    0.0010000000       2.3421333       15.505444
       1300.0000    0.0030000000       2.3426595       15.505431
       1300.0000     0.010000000       2.3429797       15.505422
       1300.0000     0.030000000       2.3431443       15.505417
       1300.0000      0.10000000       2.3432495       15.505414
       1300.0000      0.30000000       2.3429698       15.505412
       1300.0000       1.0000000       2.3424945       15.507180
       1300.0000       3.0000000       2.3423071       15.507919
       1300.0000       10.000000       2.3421281       15.508497
       1300.0000       30.000000       2.3420736       15.508683
       1300.0000       100.00000       2.3420587       15.508754
       1300.0000       300.00000       2.3420696       15.508784
       1300.0000       1000.0000       2.3421780       15.508826
       1300.0000       3000.0000       2.3423451       15.508858
       1300.0000       10000.000       2.3424216       15.509185
       1300.0000       30000.000       2.3424598       15.509801
       1300.0000       100000.00       2.3424814       15.510988
       1300.0000       300000.00       2.3424916       15.511828
       1400.0000    0.0010000000       2.3380792       15.734927
       1400.0000    0.0030000000       2.3403106       15.734941
       1400.0000     0.010000000       2.3416828       15.734940
       1400.0000     0.030000000       2.3423957       15.734935
       1400.0000      0.10000000       2.3428365       15.734930
       1400.0000      0.30000000       2.3430545       15.734927
       1400.0000       1.0000000       2.3431950       15.734925
       1400.0000       3.0000000       2.3430294       15.734924
       1400.0000       10.000000       2.3428777       15.734924
       1400.0000       30.000000       2.3424874       15.736640
       1400.0000       100.00000       2.3423235       15.737418
       1400.0000       300.00000       2.3421482       15.738013
       1400.0000       1000.0000       2.3421129       15.738307
       1400.0000       3000.0000       2.3422310       15.738546
       1400.0000       10000.000       2.3423885       15.738899
       1400.0000       30000.000       2.3424318       15.739409
       1400.0000       100000.00       2.3424730       15.740501
       1400.0000       300000.00       2.3424902       15.741531
       1500.0000    0.0010000000       2.3245499       15.984155
       1500.0000    0.0030000000       2.3324240       15.984286
       1500.0000     0.010000000       2.3373417       15.984352
       1500.0000     0.030000000       2.3398870       15.984373
       1500.0000      0.10000000       2.3414472       15.984379
       1500.0000      0.30000000       2.3422658       15.984380
       1500.0000       1.0000000       2.3427592       15.984379
       1500.0000       3.0000000       2.3430229       15.984379
       1500.0000       10.000000       2.3431784       15.984379
       1500.0000       30.000000       2.3430157       15.984379
       1500.0000       100.00000       2.3428709       15.984380
       1500.0000       300.00000       2.3426872       15.985146
       1500.0000       1000.0000       2.3424318       15.986582
       1500.0000       3000.0000       2.3422878       15.987531
       1500.0000       10000.000       2.3423553       15.988484
       1500.0000       30000.000       2.3424237       15.989141
       1500.0000       100000.00       2.3424680       15.990149
       1500.0000       300000.00       2.3424886       15.991298
       1600.0000    0.0010000000       2.2864701       16.192977
       1600.0000    0.0030000000       2.3101064       16.193428
       1600.0000     0.010000000       2.3249882       16.193695
       1600.0000     0.030000000       2.3326909       16.193819
       1600.0000      0.10000000       2.3374940       16.193882
       1600.0000      0.30000000       2.3399685       16.193906
       1600.0000       1.0000000       2.3415145       16.193916
       1600.0000       3.0000000       2.3422980       16.193919
       1600.0000       10.000000       2.3427786       16.193923
       1600.0000       30.000000       2.3430337       16.193924
       1600.0000       100.00000       2.3431875       16.193926
       1600.0000       300.00000       2.3429504       16.193931
       1600.0000       1000.0000       2.3428585       16.193957
       1600.0000       3000.0000       2.3428333       16.194359
       1600.0000       10000.000       2.3425902       16.196997
       1600.0000       30000.000       2.3425324       16.198675
       1600.0000       100000.00       2.3424842       16.200005
       1600.0000       300000.00       2.3425050       16.201233
       1700.0000    0.0010000000       2.1963359       16.400576
       1700.0000    0.0030000000       2.2557406       16.401888
       1700.0000     0.010000000       2.2943998       16.402663
       1700.0000     0.030000000       2.3147798       16.403044
       1700.0000      0.10000000       2.3275942       16.403266
       1700.0000      0.30000000       2.3342061       16.403367
       1700.0000       1.0000000       2.3383455       16.403419
       1700.0000       3.0000000       2.3404768       16.403440
       1700.0000       10.000000       2.3417934       16.403452
       1700.0000       30.000000       2.3424555       16.403458
       1700.0000       100.00000       2.3428763       16.403463
       1700.0000       300.00000       2.3431000       16.403469
       1700.0000       1000.0000       2.3430329       16.403488
       1700.0000       3000.0000       2.3428941       16.403587
       1700.0000       10000.000       2.3429425       16.404194
       1700.0000       30000.000       2.3428857       16.406738
       1700.0000       100000.00       2.3427665       16.409269
       1700.0000       300000.00       2.3426870       16.410657
       1800.0000    0.0010000000       2.0217669       16.595209
       1800.0000    0.0030000000       2.1431285       16.598823
       1800.0000     0.010000000       2.2284004       16.600857
       1800.0000     0.030000000       2.2753392       16.601839
       1800.0000      0.10000000       2.3055142       16.602422
       1800.0000      0.30000000       2.3213153       16.602706
       1800.0000       1.0000000       2.3312276       16.602868
       1800.0000       3.0000000       2.3363350       16.602941
       1800.0000       10.000000       2.3395143       16.602981
       1800.0000       30.000000       2.3411442       16.603000
       1800.0000       100.00000       2.3421580       16.603011
       1800.0000       300.00000       2.3426841       16.603019
       1800.0000       1000.0000       2.3430010       16.603036
       1800.0000       3000.0000       2.3431657       16.603108
       1800.0000       10000.000       2.3429475       16.603603
       1800.0000       30000.000       2.3430366       16.605207
       1800.0000       100000.00       2.3432068       16.607304
       1800.0000       300000.00       2.3428861       16.610156
       1900.0000    0.0010000000       1.7655642       16.772699
       1900.0000    0.0030000000       1.9516131       16.782285
       1900.0000     0.010000000       2.1055951       16.787411
       1900.0000     0.030000000       2.1985764       16.789770
       1900.0000      0.10000000       2.2613684       16.791134
       1900.0000      0.30000000       2.2951824       16.791801
       1900.0000       1.0000000       2.3166756       16.792195
       1900.0000       3.0000000       2.3278533       16.792384
       1900.0000       10.000000       2.3348505       16.792491
       1900.0000       30.000000       2.3384347       16.792541
       1900.0000       100.00000       2.3406794       16.792570
       1900.0000       300.00000       2.3418268       16.792586
       1900.0000       1000.0000       2.3425378       16.792604
       1900.0000       3000.0000       2.3428917       16.792659
       1900.0000       10000.000       2.3431428       16.793041
       1900.0000       30000.000       2.3430349       16.794675
       1900.0000       100000.00       2.3431596       16.797777
       1900.0000       300000.00       2.3431931       16.799434
       2000.0000    0.0010000000       1.5147377       16.923947
       2000.0000    0.0030000000       1.7039365       16.948243
       2000.0000     0.010000000       1.9154917       16.960537
       2000.0000     0.030000000       2.0684091       16.965982
       2000.0000      0.10000000       2.1822783       16.969003
       2000.0000      0.30000000       2.2470674       16.970441
       2000.0000       1.0000000       2.2894594       16.971288
       2000.0000       3.0000000       2.3118787       16.971703
       2000.0000       10.000000       2.3259791       16.971944
       2000.0000       30.000000       2.3332986       16.972060
       2000.0000       100.00000       2.3378400       16.972127
       2000.0000       300.00000       2.3401765       16.972161
       2000.0000       1000.0000       2.3416238       16.972188
       2000.0000       3000.0000       2.3423843       16.972236
       2000.0000       10000.000       2.3428489       16.972528
       2000.0000       30000.000       2.3431544       16.974026
       2000.0000       100000.00       2.3431598       16.978069
       2000.0000       300000.00       2.3431960       16.980798
       2150.0000    0.0010000000       1.3280062       16.983835
       2150.0000    0.0030000000       1.4102286       17.139549
       2150.0000     0.010000000       1.5786665       17.192091
       2150.0000     0.030000000       1.7763737       17.209732
       2150.0000      0.10000000       1.9761578       17.218929
       2150.0000      0.30000000       2.1117442       17.223098
       2150.0000       1.0000000       2.2092738       17.225461
       2150.0000       3.0000000       2.2636923       17.226601
       2150.0000       10.000000       2.2989304       17.227275
       2150.0000       30.000000       2.3174819       17.227604
       2150.0000       100.00000       2.3291036       17.227798
       2150.0000       300.00000       2.3351048       17.227893
       2150.0000       1000.0000       2.3388441       17.227954
       2150.0000       3000.0000       2.3407574       17.228008
       2150.0000       10000.000       2.3419624       17.228218
       2150.0000       30000.000       2.3425992       17.229406
       2150.0000       100000.00       2.3431315       17.234309
       2150.0000       300000.00       2.3432525       17.239517
       2300.0000    0.0010000000       1.2854698       16.251768
       2300.0000    0.0030000000       1.3062738       17.035317
       2300.0000     0.010000000       1.3682649       17.327119
       2300.0000     0.030000000       1.4900904       17.409025
       2300.0000      0.10000000       1.6927065       17.437835
       2300.0000      0.30000000       1.8883091       17.448886
       2300.0000       1.0000000       2.0611849       17.454887
       2300.0000       3.0000000       2.1695452       17.457685
       2300.0000       10.000000       2.2442467       17.459305
       2300.0000       30.000000       2.2849199       17.460097
       2300.0000       100.00000       2.3109277       17.460566
       2300.0000       300.00000       2.3245135       17.460796
       2300.0000       1000.0000       2.3330106       17.460936
       2300.0000       3000.0000       2.3373818       17.461022
       2300.0000       10000.000       2.3400998       17.461200
       2300.0000       30000.000       2.3415115       17.462107
       2300.0000       100000.00       2.3424633       17.467129
       2300.0000       300000.00       2.3430781       17.475308
       2450.0000    0.0010000000       1.2769109       13.466027
       2450.0000    0.0030000000       1.2821118       15.985039
       2450.0000     0.010000000       1.2993672       17.135027
       2450.0000     0.030000000       1.3431417       17.496616
       2450.0000      0.10000000       1.4551115       17.623987
       2450.0000      0.30000000       1.6271338       17.659074
       2450.0000       1.0000000       1.8446412       17.673617
       2450.0000       3.0000000       2.0151830       17.679942
       2450.0000       10.000000       2.1481123       17.683504
       2450.0000       30.000000       2.2256995       17.685209
       2450.0000       100.00000       2.2771842       17.686214
       2450.0000       300.00000       2.3046310       17.686708
       2450.0000       1000.0000       2.3219754       17.687003
       2450.0000       3000.0000       2.3309690       17.687161
       2450.0000       10000.000       2.3365561       17.687348
       2450.0000       30000.000       2.3394405       17.688060
       2450.0000       100000.00       2.3412878       17.692710
       2450.0000       300000.00       2.3423631       17.703518
       2600.0000    0.0010000000       1.2748819       8.6755620
       2600.0000    0.0030000000       1.2763653       12.985881
       2600.0000     0.010000000       1.2813750       16.026909
       2600.0000     0.030000000       1.2950428       17.216552
       2600.0000      0.10000000       1.3378212       17.679945
       2600.0000      0.30000000       1.4310502       17.815174
       2600.0000       1.0000000       1.6110474       17.860782
       2600.0000       3.0000000       1.8100947       17.875138
       2600.0000       10.000000       2.0027916       17.882447
       2600.0000       30.000000       2.1301953       17.885845
       2600.0000       100.00000       2.2205782       17.887816
       2600.0000       300.00000       2.2705952       17.888778
       2600.0000       1000.0000       2.3028501       17.889350
       2600.0000       3000.0000       2.3197767       17.889640
       2600.0000       10000.000       2.3303934       17.889880
       2600.0000       30000.000       2.3358650       17.890473
       2600.0000       100000.00       2.3392768       17.894571
       2600.0000       300000.00       2.3411603       17.907178
       2800.0000    0.0010000000       1.2741653       3.9434613
       2800.0000    0.0030000000       1.2745515       7.2253089
       2800.0000     0.010000000       1.2757110       12.068189
       2800.0000     0.030000000       1.2788849       15.446664
       2800.0000      0.10000000       1.2895917       17.217291
       2800.0000      0.30000000       1.3178781       17.811882
       2800.0000       1.0000000       1.3977965       18.029848
       2800.0000       3.0000000       1.5410709       18.090928
       2800.0000       10.000000       1.7541043       18.112289
       2800.0000       30.000000       1.9420485       18.120250
       2800.0000       100.00000       2.0990501       18.124622
       2800.0000       300.00000       2.1943445       18.126713
       2800.0000       1000.0000       2.2588978       18.127944
       2800.0000       3000.0000       2.2937255       18.128551
       2800.0000       10000.000       2.3158656       18.128954
       2800.0000       30000.000       2.3273921       18.129495
       2800.0000       100000.00       2.3345862       18.132876
       2800.0000       300000.00       2.3383737       18.146503
       3000.0000    0.0010000000       1.2738055       2.2090780
       3000.0000    0.0030000000       1.2740051       3.6312044
       3000.0000     0.010000000       1.2744110       7.0205878
       3000.0000     0.030000000       1.2753310       11.450517
       3000.0000      0.10000000       1.2783331       15.409065
       3000.0000      0.30000000       1.2865985       17.228479
       3000.0000       1.0000000       1.3135508       17.992982
       3000.0000       3.0000000       1.3779385       18.226125
       3000.0000       10.000000       1.5235418       18.307374
       3000.0000       30.000000       1.7144466       18.329968
       3000.0000       100.00000       1.9246716       18.339441
       3000.0000       300.00000       2.0751010       18.343594
       3000.0000       1000.0000       2.1865050       18.345983
       3000.0000       3000.0000       2.2496925       18.347143
       3000.0000       10000.000       2.2909456       18.347857
       3000.0000       30000.000       2.3127527       18.348460
       3000.0000       100000.00       2.3264547       18.351309
       3000.0000       300000.00       2.3335863       18.364822
       3250.0000    0.0010000000       1.2731546       1.7457729
       3250.0000    0.0030000000       1.2734597       2.1844369
       3250.0000     0.010000000       1.2737690       3.4868426
       3250.0000     0.030000000       1.2741243       6.2112095
       3250.0000      0.10000000       1.2749680       10.918196
       3250.0000      0.30000000       1.2770884       14.867911
       3250.0000       1.0000000       1.2841599       17.256168
       3250.0000       3.0000000       1.3032524       18.128544
       3250.0000       10.000000       1.3607709       18.462549
       3250.0000       30.000000       1.4764250       18.559892
       3250.0000       100.00000       1.6750063       18.592908
       3250.0000       300.00000       1.8720800       18.603100
       3250.0000       1000.0000       2.0494225       18.608137
       3250.0000       3000.0000       2.1617157       18.610488
       3250.0000       10000.000       2.2395487       18.611879
       3250.0000       30000.000       2.2820607       18.612749
       3250.0000       100000.00       2.3092790       18.615252
       3250.0000       300000.00       2.3235090       18.627912
       3500.0000    0.0010000000       1.2725843       2.2111340
       3500.0000    0.0030000000       1.2727267       2.3719300
       3500.0000     0.010000000       1.2730217       2.8654614
       3500.0000     0.030000000       1.2733891       4.0107189
       3500.0000      0.10000000       1.2738934       6.8050237
       3500.0000      0.30000000       1.2746912       10.906433
       3500.0000       1.0000000       1.2769421       15.169522
       3500.0000       3.0000000       1.2829547       17.380561
       3500.0000       10.000000       1.3027755       18.379393
       3500.0000       30.000000       1.3522163       18.698106
       3500.0000       100.00000       1.4742933       18.813245
       3500.0000       300.00000       1.6530551       18.845287
       3500.0000       1000.0000       1.8694725       18.856923
       3500.0000       3000.0000       2.0341773       18.861411
       3500.0000       10000.000       2.1604270       18.863923
       3500.0000       30000.000       2.2333986       18.865303
       3500.0000       100000.00       2.2815405       18.867788
       3500.0000       300000.00       2.3071390       18.879489
       3750.0000    0.0010000000       1.2724932       4.3556472
       3750.0000    0.0030000000       1.2725157       4.4022960
       3750.0000     0.010000000       1.2725762       4.5605788
       3750.0000     0.030000000       1.2727186       4.9775185
       3750.0000      0.10000000       1.2730476       6.1708906
       3750.0000      0.30000000       1.2735706       8.4808416
       3750.0000       1.0000000       1.2746263       12.352531
       3750.0000       3.0000000       1.2769216       15.716565
       3750.0000       10.000000       1.2842466       17.847108
       3750.0000       30.000000       1.3038213       18.651024
       3750.0000       100.00000       1.3625188       18.966278
       3750.0000       300.00000       1.4797926       19.060105
       3750.0000       1000.0000       1.6794390       19.092194
       3750.0000       3000.0000       1.8761762       19.101618
       3750.0000       10000.000       2.0523564       19.105999
       3750.0000       30000.000       2.1636604       19.108156
       3750.0000       100000.00       2.2406529       19.110887
       3750.0000       300000.00       2.2826684       19.121813
       4000.0000    0.0010000000       1.2724340       8.9329030
       4000.0000    0.0030000000       1.2724665       8.9419702
       4000.0000     0.010000000       1.2724921       8.9738957
       4000.0000     0.030000000       1.2725280       9.0634347
       4000.0000      0.10000000       1.2726160       9.3594978
       4000.0000      0.30000000       1.2728311       10.088630
       4000.0000       1.0000000       1.2733952       11.844995
       4000.0000       3.0000000       1.2745493       14.305780
       4000.0000       10.000000       1.2777505       16.894248
       4000.0000       30.000000       1.2860183       18.324677
       4000.0000       100.00000       1.3125853       19.003584
       4000.0000       300.00000       1.3760673       19.225992
       4000.0000       1000.0000       1.5203238       19.307251
       4000.0000       3000.0000       1.7106600       19.329897
       4000.0000       10000.000       1.9213669       19.338169
       4000.0000       30000.000       2.0726570       19.341506
       4000.0000       100000.00       2.1848942       19.344699
       4000.0000       300000.00       2.2485779       19.355082
