T(K)  p(mbar)  mu(amu)  mean cp(kJ/kg/K)
       75.000000    0.0010000000       2.3455506       12.926409
       75.000000    0.0030000000       2.3455499       12.926409
       75.000000     0.010000000       2.3455506       12.926409
       75.000000     0.030000000       2.3455499       12.926409
       75.000000      0.10000000       2.3455506       12.926409
       75.000000      0.30000000       2.3455499       12.926409
       75.000000       1.0000000       2.3455505       12.926409
       75.000000       3.0000000       2.3455499       12.926409
       75.000000       10.000000       2.3455505       12.926409
       75.000000       30.000000       2.3455499       12.926409
       75.000000       100.00000       2.3455505       12.926409
       75.000000       300.00000       2.3455499       12.926409
       75.000000       1000.0000       2.3455505       12.926409
       75.000000       3000.0000       2.3455499       12.926409
       75.000000       10000.000       2.3455505       12.926409
       100.00000    0.0010000000       2.3475670       12.441592
       100.00000    0.0030000000       2.3475676       12.441592
       100.00000     0.010000000       2.3470893       12.441592
       100.00000     0.030000000       2.3460637       12.441592
       100.00000      0.10000000       2.3457039       12.441592
       100.00000      0.30000000       2.3456019       12.441592
       100.00000       1.0000000       2.3455653       12.441592
       100.00000       3.0000000       2.3455557       12.441592
       100.00000       10.000000       2.3455515       12.441592
       100.00000       30.000000       2.3455510       12.441592
       100.00000       100.00000       2.3455501       12.441592
       100.00000       300.00000       2.3455506       12.441592
       100.00000       1000.0000       2.3455499       12.441592
       100.00000       3000.0000       2.3455505       12.441592
       100.00000       10000.000       2.3455499       12.441592
       100.00000       30000.000       2.3455505       12.441592
       110.00000    0.0010000000       2.3475678       12.381044
       110.00000    0.0030000000       2.3475677       12.381044
       110.00000     0.010000000       2.3475676       12.381044
       110.00000     0.030000000       2.3475676       12.381044
       110.00000      0.10000000       2.3475676       12.381044
       110.00000      0.30000000       2.3469757       12.381044
       110.00000       1.0000000       2.3459781       12.381044
       110.00000       3.0000000       2.3456931       12.381044
       110.00000       10.000000       2.3455933       12.381044
       110.00000       30.000000       2.3455648       12.381044
       110.00000       100.00000       2.3455548       12.381044
       110.00000       300.00000       2.3455520       12.381044
       110.00000       1000.0000       2.3455510       12.381044
       110.00000       3000.0000       2.3455507       12.381044
       110.00000       10000.000       2.3455506       12.381044
       110.00000       30000.000       2.3455505       12.381044
       110.00000       100000.00       2.3455505       12.381044
       120.00000    0.0010000000       2.3475779       12.382422
       120.00000    0.0030000000       2.3475710       12.382423
       120.00000     0.010000000       2.3475687       12.382422
       120.00000     0.030000000       2.3475680       12.382423
       120.00000      0.10000000       2.3475677       12.382422
       120.00000      0.30000000       2.3475677       12.382423
       120.00000       1.0000000       2.3475677       12.382422
       120.00000       3.0000000       2.3475676       12.382423
       120.00000       10.000000       2.3462330       12.382422
       120.00000       30.000000       2.3457780       12.382423
       120.00000       100.00000       2.3456188       12.382422
       120.00000       300.00000       2.3455733       12.382423
       120.00000       1000.0000       2.3455574       12.382422
       120.00000       3000.0000       2.3455528       12.382423
       120.00000       10000.000       2.3455512       12.382422
       120.00000       30000.000       2.3455508       12.382423
       120.00000       100000.00       2.3455506       12.382422
       130.00000    0.0010000000       2.3479275       12.436189
       130.00000    0.0030000000       2.3476876       12.436196
       130.00000     0.010000000       2.3476036       12.436199
       130.00000     0.030000000       2.3475796       12.436199
       130.00000      0.10000000       2.3475712       12.436200
       130.00000      0.30000000       2.3475688       12.436200
       130.00000       1.0000000       2.3475680       12.436200
       130.00000       3.0000000       2.3475678       12.436200
       130.00000       10.000000       2.3475677       12.436200
       130.00000       30.000000       2.3475677       12.436200
       130.00000       100.00000       2.3462617       12.436200
       130.00000       300.00000       2.3457876       12.436200
       130.00000       1000.0000       2.3456217       12.436200
       130.00000       3000.0000       2.3455743       12.436200
       130.00000       10000.000       2.3455576       12.436200
       130.00000       30000.000       2.3455529       12.436200
       130.00000       100000.00       2.3455512       12.436200
       140.00000    0.0010000000       2.3484195       12.532523
       140.00000    0.0030000000       2.3483894       12.532740
       140.00000     0.010000000       2.3483292       12.532816
       140.00000     0.030000000       2.3478215       12.532838
       140.00000      0.10000000       2.3476438       12.532845
       140.00000      0.30000000       2.3475930       12.532848
       140.00000       1.0000000       2.3475753       12.532848
       140.00000       3.0000000       2.3475702       12.532849
       140.00000       10.000000       2.3475684       12.532849
       140.00000       30.000000       2.3475679       12.532849
       140.00000       100.00000       2.3475677       12.532849
       140.00000       300.00000       2.3473181       12.532849
       140.00000       1000.0000       2.3460809       12.532849
       140.00000       3000.0000       2.3457273       12.532849
       140.00000       10000.000       2.3456036       12.532849
       140.00000       30000.000       2.3455682       12.532849
       140.00000       100000.00       2.3455559       12.532849
       150.00000    0.0010000000       2.3492272       12.656609
       150.00000    0.0030000000       2.3486581       12.660764
       150.00000     0.010000000       2.3484597       12.662219
       150.00000     0.030000000       2.3484022       12.662634
       150.00000      0.10000000       2.3483829       12.662780
       150.00000      0.30000000       2.3479248       12.662821
       150.00000       1.0000000       2.3476750       12.662836
       150.00000       3.0000000       2.3476028       12.662840
       150.00000       10.000000       2.3475784       12.662842
       150.00000       30.000000       2.3475706       12.662842
       150.00000       100.00000       2.3475687       12.662842
       150.00000       300.00000       2.3475674       12.662842
       150.00000       1000.0000       2.3475678       12.662842
       150.00000       3000.0000       2.3465582       12.662842
       150.00000       10000.000       2.3458531       12.662842
       150.00000       30000.000       2.3456508       12.662842
       150.00000       100000.00       2.3455808       12.662842
       160.00000    0.0010000000       2.3595099       12.734441
       160.00000    0.0030000000       2.3520701       12.789113
       160.00000     0.010000000       2.3494647       12.808378
       160.00000     0.030000000       2.3487234       12.813894
       160.00000      0.10000000       2.3484828       12.815825
       160.00000      0.30000000       2.3484116       12.816377
       160.00000       1.0000000       2.3483855       12.816570
       160.00000       3.0000000       2.3479302       12.816626
       160.00000       10.000000       2.3476764       12.816645
       160.00000       30.000000       2.3476039       12.816650
       160.00000       100.00000       2.3475785       12.816652
       160.00000       300.00000       2.3475713       12.816653
       160.00000       1000.0000       2.3475687       12.816653
       160.00000       3000.0000       2.3475680       12.816653
       160.00000       10000.000       2.3469385       12.816653
       160.00000       30000.000       2.3460132       12.816653
       160.00000       100000.00       2.3456893       12.816653
       170.00000    0.0010000000       2.3611839       12.888857
       170.00000    0.0030000000       2.3611841       12.888855
       170.00000     0.010000000       2.3591492       12.903957
       170.00000     0.030000000       2.3519500       12.957692
       170.00000      0.10000000       2.3494286       12.976624
       170.00000      0.30000000       2.3487080       12.982045
       170.00000       1.0000000       2.3484592       12.983942
       170.00000       3.0000000       2.3484070       12.984484
       170.00000       10.000000       2.3483852       12.984673
       170.00000       30.000000       2.3478475       12.984727
       170.00000       100.00000       2.3476516       12.984746
       170.00000       300.00000       2.3475956       12.984752
       170.00000       1000.0000       2.3475760       12.984754
       170.00000       3000.0000       2.3475704       12.984754
       170.00000       10000.000       2.3475685       12.984754
       170.00000       30000.000       2.3473252       12.984754
       170.00000       100000.00       2.3460830       12.984754
       180.00000    0.0010000000       2.3611872       13.060225
       180.00000    0.0030000000       2.3611872       13.060225
       180.00000     0.010000000       2.3611872       13.060225
       180.00000     0.030000000       2.3611872       13.060225
       180.00000      0.10000000       2.3564749       13.095802
       180.00000      0.30000000       2.3510599       13.136939
       180.00000       1.0000000       2.3491637       13.151408
       180.00000       3.0000000       2.3486257       13.155549
       180.00000       10.000000       2.3484356       13.156998
       180.00000       30.000000       2.3484045       13.157411
       180.00000       100.00000       2.3480876       13.157556
       180.00000       300.00000       2.3477431       13.157597
       180.00000       1000.0000       2.3476225       13.157612
       180.00000       3000.0000       2.3475881       13.157616
       180.00000       10000.000       2.3475760       13.157618
       180.00000       30000.000       2.3475726       13.157618
       180.00000       100000.00       2.3473126       13.157618
       190.00000    0.0010000000       2.3611905       13.226871
       190.00000    0.0030000000       2.3611905       13.226871
       190.00000     0.010000000       2.3611905       13.226871
       190.00000     0.030000000       2.3611905       13.226871
       190.00000      0.10000000       2.3611905       13.226871
       190.00000      0.30000000       2.3611906       13.226871
       190.00000       1.0000000       2.3532954       13.287486
       190.00000       3.0000000       2.3500047       13.312948
       190.00000       10.000000       2.3488516       13.321885
       190.00000       30.000000       2.3485254       13.324441
       190.00000       100.00000       2.3484340       13.325334
       190.00000       300.00000       2.3484004       13.325590
       190.00000       1000.0000       2.3478407       13.325680
       190.00000       3000.0000       2.3476648       13.325707
       190.00000       10000.000       2.3476041       13.325714
       190.00000       30000.000       2.3475860       13.325716
       190.00000       100000.00       2.3475805       13.325717
       200.00000    0.0010000000       2.3611907       13.379349
       200.00000    0.0030000000       2.3611905       13.379350
       200.00000     0.010000000       2.3611905       13.379350
       200.00000     0.030000000       2.3611905       13.379350
       200.00000      0.10000000       2.3611905       13.379350
       200.00000      0.30000000       2.3611905       13.379351
       200.00000       1.0000000       2.3611907       13.379351
       200.00000       3.0000000       2.3567171       13.414113
       200.00000       10.000000       2.3508662       13.459828
       200.00000       30.000000       2.3491971       13.472957
       200.00000       100.00000       2.3486355       13.477556
       200.00000       300.00000       2.3484683       13.478871
       200.00000       1000.0000       2.3484097       13.479333
       200.00000       3000.0000       2.3479568       13.479473
       200.00000       10000.000       2.3476915       13.479510
       200.00000       30000.000       2.3476158       13.479521
       200.00000       100000.00       2.3475892       13.479525
       210.00000    0.0010000000       2.3611939       13.510708
       210.00000    0.0030000000       2.3611946       13.510712
       210.00000     0.010000000       2.3611906       13.510714
       210.00000     0.030000000       2.3611905       13.510714
       210.00000      0.10000000       2.3611906       13.510714
       210.00000      0.30000000       2.3611905       13.510715
       210.00000       1.0000000       2.3611907       13.510715
       210.00000       3.0000000       2.3611945       13.510720
       210.00000       10.000000       2.3592622       13.525871
       210.00000       30.000000       2.3519980       13.583189
       210.00000       100.00000       2.3494750       13.603372
       210.00000       300.00000       2.3487477       13.609155
       210.00000       1000.0000       2.3484931       13.611185
       210.00000       3000.0000       2.3484204       13.611800
       210.00000       10000.000       2.3480051       13.611966
       210.00000       30000.000       2.3477199       13.612012
       210.00000       100000.00       2.3476200       13.612028
       220.00000    0.0010000000       2.3611931       13.623970
       220.00000    0.0030000000       2.3611938       13.623996
       220.00000     0.010000000       2.3611939       13.623999
       220.00000     0.030000000       2.3611907       13.623999
       220.00000      0.10000000       2.3611904       13.624002
       220.00000      0.30000000       2.3611905       13.624001
       220.00000       1.0000000       2.3611907       13.624001
       220.00000       3.0000000       2.3611938       13.624006
       220.00000       10.000000       2.3611938       13.624014
       220.00000       30.000000       2.3611976       13.624066
       220.00000       100.00000       2.3525355       13.693093
       220.00000       300.00000       2.3497679       13.715249
       220.00000       1000.0000       2.3487998       13.723044
       220.00000       3000.0000       2.3485224       13.725405
       220.00000       10000.000       2.3484261       13.726041
       220.00000       30000.000       2.3480533       13.726220
       220.00000       100000.00       2.3477207       13.726282
       230.00000    0.0010000000       2.3611933       13.724359
       230.00000    0.0030000000       2.3611933       13.724574
       230.00000     0.010000000       2.3611938       13.724597
       230.00000     0.030000000       2.3611939       13.724600
       230.00000      0.10000000       2.3611939       13.724600
       230.00000      0.30000000       2.3611907       13.724601
       230.00000       1.0000000       2.3611907       13.724602
       230.00000       3.0000000       2.3611940       13.724606
       230.00000       10.000000       2.3611940       13.724614
       230.00000       30.000000       2.3611975       13.724668
       230.00000       100.00000       2.3612214       13.724736
       230.00000       300.00000       2.3530716       13.790084
       230.00000       1000.0000       2.3497910       13.816637
       230.00000       3000.0000       2.3488534       13.824693
       230.00000       10000.000       2.3485252       13.826870
       230.00000       30000.000       2.3484315       13.827481
       230.00000       100000.00       2.3480074       13.827696
       240.00000    0.0010000000       2.3611720       13.813213
       240.00000    0.0030000000       2.3611943       13.814432
       240.00000     0.010000000       2.3611941       13.814605
       240.00000     0.030000000       2.3611938       13.814619
       240.00000      0.10000000       2.3611945       13.814621
       240.00000      0.30000000       2.3611938       13.814622
       240.00000       1.0000000       2.3611946       13.814622
       240.00000       3.0000000       2.3611939       13.814629
       240.00000       10.000000       2.3611945       13.814636
       240.00000       30.000000       2.3611981       13.814690
       240.00000       100.00000       2.3612174       13.814759
       240.00000       300.00000       2.3612217       13.815057
       240.00000       1000.0000       2.3526868       13.884277
       240.00000       3000.0000       2.3498191       13.909041
       240.00000       10000.000       2.3488144       13.915759
       240.00000       30000.000       2.3485281       13.917649
       240.00000       100000.00       2.3484270       13.918310
       250.00000    0.0010000000       2.3610901       13.888168
       250.00000    0.0030000000       2.3611829       13.891872
       250.00000     0.010000000       2.3611959       13.892778
       250.00000     0.030000000       2.3611968       13.892870
       250.00000      0.10000000       2.3611938       13.892881
       250.00000      0.30000000       2.3611938       13.892883
       250.00000       1.0000000       2.3611938       13.892884
       250.00000       3.0000000       2.3611940       13.892889
       250.00000       10.000000       2.3611938       13.892898
       250.00000       30.000000       2.3611976       13.892950
       250.00000       100.00000       2.3612174       13.893020
       250.00000       300.00000       2.3612217       13.893318
       250.00000       1000.0000       2.3604177       13.901374
       250.00000       3000.0000       2.3523979       13.970640
       250.00000       10000.000       2.3495882       13.989545
       250.00000       30000.000       2.3487860       13.994871
       250.00000       100000.00       2.3485044       13.996736
       260.00000    0.0010000000       2.3609792       13.950282
       260.00000    0.0030000000       2.3611162       13.955348
       260.00000     0.010000000       2.3611909       13.958353
       260.00000     0.030000000       2.3611965       13.958810
       260.00000      0.10000000       2.3611972       13.958864
       260.00000      0.30000000       2.3611945       13.958871
       260.00000       1.0000000       2.3611939       13.958873
       260.00000       3.0000000       2.3611945       13.958879
       260.00000       10.000000       2.3611941       13.958885
       260.00000       30.000000       2.3611983       13.958939
       260.00000       100.00000       2.3612010       13.959008
       260.00000       300.00000       2.3612210       13.959307
       260.00000       1000.0000       2.3612210       13.960994
       260.00000       3000.0000       2.3587548       13.994400
       260.00000       10000.000       2.3514966       14.043327
       260.00000       30000.000       2.3494217       14.057166
       260.00000       100000.00       2.3486953       14.062017
       260.00000       300000.00       2.3484878       14.063404
       270.00000    0.0010000000       2.3608417       14.004681
       270.00000    0.0030000000       2.3610354       14.008143
       270.00000     0.010000000       2.3611649       14.013362
       270.00000     0.030000000       2.3611952       14.015042
       270.00000      0.10000000       2.3612003       14.015296
       270.00000      0.30000000       2.3611971       14.015320
       270.00000       1.0000000       2.3611937       14.015327
       270.00000       3.0000000       2.3611938       14.015331
       270.00000       10.000000       2.3611938       14.015339
       270.00000       30.000000       2.3611973       14.015394
       270.00000       100.00000       2.3612016       14.015460
       270.00000       300.00000       2.3612217       14.015759
       270.00000       1000.0000       2.3612217       14.017447
       270.00000       3000.0000       2.3612217       14.034406
       270.00000       10000.000       2.3558826       14.070847
       270.00000       30000.000       2.3508847       14.104255
       270.00000       100000.00       2.3491347       14.115994
       270.00000       300000.00       2.3486346       14.119355
       275.00000    0.0010000000       2.3607031       14.030377
       275.00000    0.0030000000       2.3609642       14.032353
       275.00000     0.010000000       2.3611194       14.037809
       275.00000     0.030000000       2.3611939       14.040517
       275.00000      0.10000000       2.3611999       14.041026
       275.00000      0.30000000       2.3611968       14.041077
       275.00000       1.0000000       2.3611972       14.041082
       275.00000       3.0000000       2.3611937       14.041091
       275.00000       10.000000       2.3611938       14.041098
       275.00000       30.000000       2.3611973       14.041152
       275.00000       100.00000       2.3612016       14.041219
       275.00000       300.00000       2.3612218       14.041517
       275.00000       1000.0000       2.3612217       14.043205
       275.00000       3000.0000       2.3612217       14.060165
       275.00000       10000.000       2.3596556       14.071547
       275.00000       30000.000       2.3521434       14.121737
       275.00000       100000.00       2.3495124       14.139416
       275.00000       300000.00       2.3487606       14.144480
       280.00000    0.0010000000       2.3605563       14.055402
       280.00000    0.0030000000       2.3608988       14.055863
       280.00000     0.010000000       2.3610876       14.060808
       280.00000     0.030000000       2.3611846       14.064614
       280.00000      0.10000000       2.3611987       14.065572
       280.00000      0.30000000       2.3612006       14.065669
       280.00000       1.0000000       2.3611977       14.065682
       280.00000       3.0000000       2.3611973       14.065687
       280.00000       10.000000       2.3611945       14.065697
       280.00000       30.000000       2.3611973       14.065752
       280.00000       100.00000       2.3612016       14.065819
       280.00000       300.00000       2.3612216       14.066118
       280.00000       1000.0000       2.3612210       14.067805
       280.00000       3000.0000       2.3612217       14.084765
       280.00000       10000.000       2.3612210       14.085740
       280.00000       30000.000       2.3536548       14.136326
       280.00000       100000.00       2.3499654       14.161144
       280.00000       300000.00       2.3489118       14.168260
       290.00000    0.0010000000       2.3603114       14.101621
       290.00000    0.0030000000       2.3606711       14.100634
       290.00000     0.010000000       2.3609794       14.102972
       290.00000     0.030000000       2.3611274       14.107961
       290.00000      0.10000000       2.3611966       14.110561
       290.00000      0.30000000       2.3612032       14.110923
       290.00000       1.0000000       2.3612009       14.110967
       290.00000       3.0000000       2.3611972       14.110978
       290.00000       10.000000       2.3611978       14.110986
       290.00000       30.000000       2.3611973       14.111043
       290.00000       100.00000       2.3612016       14.111109
       290.00000       300.00000       2.3612215       14.111408
       290.00000       1000.0000       2.3612211       14.113095
       290.00000       3000.0000       2.3612217       14.130055
       290.00000       10000.000       2.3612211       14.131030
       290.00000       30000.000       2.3583883       14.149997
       290.00000       100000.00       2.3513864       14.197140
       290.00000       300000.00       2.3493855       14.210696
       300.00000    0.0010000000       2.3607956       14.135629
       300.00000    0.0030000000       2.3608136       14.136480
       300.00000     0.010000000       2.3608628       14.139064
       300.00000     0.030000000       2.3609729       14.143867
       300.00000      0.10000000       2.3610824       14.148588
       300.00000      0.30000000       2.3611051       14.149710
       300.00000       1.0000000       2.3611078       14.149865
       300.00000       3.0000000       2.3611081       14.149884
       300.00000       10.000000       2.3611081       14.149893
       300.00000       30.000000       2.3611080       14.149951
       300.00000       100.00000       2.3611080       14.150022
       300.00000       300.00000       2.3611080       14.150323
       300.00000       1000.0000       2.3611080       14.152009
       300.00000       3000.0000       2.3611080       14.168959
       300.00000       10000.000       2.3611080       14.169933
       300.00000       30000.000       2.3611080       14.169922
       300.00000       100000.00       2.3537379       14.219553
       300.00000       300000.00       2.3500983       14.244249
       310.00000    0.0010000000       2.3607929       14.166938
       310.00000    0.0030000000       2.3608005       14.167421
       310.00000     0.010000000       2.3608317       14.168986
       310.00000     0.030000000       2.3609195       14.172517
       310.00000      0.10000000       2.3610458       14.178263
       310.00000      0.30000000       2.3610982       14.180892
       310.00000       1.0000000       2.3611065       14.181371
       310.00000       3.0000000       2.3611073       14.181421
       310.00000       10.000000       2.3611075       14.181434
       310.00000       30.000000       2.3611073       14.181492
       310.00000       100.00000       2.3611073       14.181564
       310.00000       300.00000       2.3611073       14.181864
       310.00000       1000.0000       2.3611073       14.183551
       310.00000       3000.0000       2.3611073       14.200500
       310.00000       10000.000       2.3611073       14.201475
       310.00000       30000.000       2.3611073       14.201464
       310.00000       100000.00       2.3578318       14.223456
       310.00000       300000.00       2.3514634       14.266659
       320.00000    0.0010000000       2.3607903       14.192878
       320.00000    0.0030000000       2.3607958       14.193157
       320.00000     0.010000000       2.3608146       14.194096
       320.00000     0.030000000       2.3608594       14.196443
       320.00000      0.10000000       2.3609769       14.201692
       320.00000      0.30000000       2.3610794       14.206067
       320.00000       1.0000000       2.3611054       14.207342
       320.00000       3.0000000       2.3611077       14.207484
       320.00000       10.000000       2.3611081       14.207508
       320.00000       30.000000       2.3611080       14.207567
       320.00000       100.00000       2.3611080       14.207639
       320.00000       300.00000       2.3611080       14.207939
       320.00000       1000.0000       2.3611080       14.209626
       320.00000       3000.0000       2.3611080       14.226575
       320.00000       10000.000       2.3611080       14.227550
       320.00000       30000.000       2.3611080       14.227538
       320.00000       100000.00       2.3611080       14.227396
       320.00000       300000.00       2.3536623       14.277824
       330.00000    0.0010000000       2.3607891       14.215821
       330.00000    0.0030000000       2.3607927       14.215987
       330.00000     0.010000000       2.3608020       14.216555
       330.00000     0.030000000       2.3608319       14.218057
       330.00000      0.10000000       2.3609282       14.222095
       330.00000      0.30000000       2.3610462       14.227383
       330.00000       1.0000000       2.3611006       14.230093
       330.00000       3.0000000       2.3611066       14.230478
       330.00000       10.000000       2.3611081       14.230531
       330.00000       30.000000       2.3611074       14.230593
       330.00000       100.00000       2.3611080       14.230665
       330.00000       300.00000       2.3611073       14.230966
       330.00000       1000.0000       2.3611080       14.232652
       330.00000       3000.0000       2.3611073       14.249601
       330.00000       10000.000       2.3611080       14.250576
       330.00000       30000.000       2.3611073       14.250565
       330.00000       100000.00       2.3611080       14.250422
       330.00000       300000.00       2.3570910       14.277465
       340.00000    0.0010000000       2.3607885       14.236525
       340.00000    0.0030000000       2.3607911       14.236626
       340.00000     0.010000000       2.3607966       14.236975
       340.00000     0.030000000       2.3608169       14.237929
       340.00000      0.10000000       2.3608689       14.240778
       340.00000      0.30000000       2.3609830       14.245802
       340.00000       1.0000000       2.3610862       14.250213
       340.00000       3.0000000       2.3611051       14.251153
       340.00000       10.000000       2.3611078       14.251283
       340.00000       30.000000       2.3611074       14.251352
       340.00000       100.00000       2.3611080       14.251425
       340.00000       300.00000       2.3611073       14.251726
       340.00000       1000.0000       2.3611080       14.253412
       340.00000       3000.0000       2.3611073       14.270361
       340.00000       10000.000       2.3611080       14.271336
       340.00000       30000.000       2.3611073       14.271325
       340.00000       100000.00       2.3611080       14.271182
       340.00000       300000.00       2.3611073       14.270828
       350.00000    0.0010000000       2.3607882       14.254130
       350.00000    0.0030000000       2.3607893       14.254194
       350.00000     0.010000000       2.3607931       14.254413
       350.00000     0.030000000       2.3608038       14.255023
       350.00000      0.10000000       2.3608407       14.256957
       350.00000      0.30000000       2.3609385       14.261056
       350.00000       1.0000000       2.3610651       14.266629
       350.00000       3.0000000       2.3611022       14.268590
       350.00000       10.000000       2.3611075       14.268907
       350.00000       30.000000       2.3611080       14.268994
       350.00000       100.00000       2.3611080       14.269068
       350.00000       300.00000       2.3611080       14.269369
       350.00000       1000.0000       2.3611080       14.271055
       350.00000       3000.0000       2.3611080       14.288005
       350.00000       10000.000       2.3611080       14.288979
       350.00000       30000.000       2.3611080       14.288968
       350.00000       100000.00       2.3611080       14.288825
       350.00000       300000.00       2.3611080       14.288471
       375.00000    0.0010000000       2.3607878       14.284032
       375.00000    0.0030000000       2.3607882       14.284053
       375.00000     0.010000000       2.3607896       14.284128
       375.00000     0.030000000       2.3607932       14.284341
       375.00000      0.10000000       2.3608056       14.285063
       375.00000      0.30000000       2.3608413       14.286925
       375.00000       1.0000000       2.3609485       14.291586
       375.00000       3.0000000       2.3610658       14.296634
       375.00000       10.000000       2.3611028       14.298622
       375.00000       30.000000       2.3611074       14.298920
       375.00000       100.00000       2.3611074       14.299019
       375.00000       300.00000       2.3611080       14.299317
       375.00000       1000.0000       2.3611074       14.300974
       375.00000       3000.0000       2.3611080       14.317584
       375.00000       10000.000       2.3611073       14.318613
       375.00000       30000.000       2.3611080       14.318945
       375.00000       100000.00       2.3611073       14.318815
       375.00000       300000.00       2.3611080       14.318453
       400.00000    0.0010000000       2.3607868       14.304233
       400.00000    0.0030000000       2.3607875       14.304242
       400.00000     0.010000000       2.3607874       14.304270
       400.00000     0.030000000       2.3607896       14.304352
       400.00000      0.10000000       2.3607938       14.304637
       400.00000      0.30000000       2.3608078       14.305423
       400.00000       1.0000000       2.3608554       14.307836
       400.00000       3.0000000       2.3609630       14.312512
       400.00000       10.000000       2.3610772       14.317578
       400.00000       30.000000       2.3611035       14.318956
       400.00000       100.00000       2.3611068       14.319201
       400.00000       300.00000       2.3611070       14.319452
       400.00000       1000.0000       2.3611071       14.320722
       400.00000       3000.0000       2.3611071       14.332901
       400.00000       10000.000       2.3611070       14.334647
       400.00000       30000.000       2.3611071       14.339455
       400.00000       100000.00       2.3611070       14.339495
       400.00000       300000.00       2.3611071       14.339032
       425.00000    0.0010000000       2.3607868       14.317265
       425.00000    0.0030000000       2.3607874       14.317270
       425.00000     0.010000000       2.3607871       14.317281
       425.00000     0.030000000       2.3607883       14.317316
       425.00000      0.10000000       2.3607900       14.317438
       425.00000      0.30000000       2.3607965       14.317783
       425.00000       1.0000000       2.3608188       14.318926
       425.00000       3.0000000       2.3608702       14.321703
       425.00000       10.000000       2.3609967       14.327325
       425.00000       30.000000       2.3610856       14.331175
       425.00000       100.00000       2.3611053       14.332132
       425.00000       300.00000       2.3611062       14.332403
       425.00000       1000.0000       2.3611070       14.333306
       425.00000       3000.0000       2.3611064       14.341335
       425.00000       10000.000       2.3611071       14.343785
       425.00000       30000.000       2.3611064       14.352769
       425.00000       100000.00       2.3611071       14.352976
       425.00000       300000.00       2.3611064       14.352409
       450.00000    0.0010000000       2.3607864       14.324953
       450.00000    0.0030000000       2.3607866       14.324949
       450.00000     0.010000000       2.3607874       14.324955
       450.00000     0.030000000       2.3607872       14.324970
       450.00000      0.10000000       2.3607888       14.325027
       450.00000      0.30000000       2.3607910       14.325189
       450.00000       1.0000000       2.3608011       14.325744
       450.00000       3.0000000       2.3608295       14.327213
       450.00000       10.000000       2.3609245       14.331194
       450.00000       30.000000       2.3610435       14.336561
       450.00000       100.00000       2.3610985       14.339436
       450.00000       300.00000       2.3611061       14.339968
       450.00000       1000.0000       2.3611064       14.340549
       450.00000       3000.0000       2.3611071       14.344675
       450.00000       10000.000       2.3611064       14.347809
       450.00000       30000.000       2.3611070       14.360708
       450.00000       100000.00       2.3611064       14.361081
       450.00000       300000.00       2.3611070       14.360409
       475.00000    0.0010000000       2.3607661       14.330067
       475.00000    0.0030000000       2.3607848       14.329972
       475.00000     0.010000000       2.3607873       14.329964
       475.00000     0.030000000       2.3607869       14.329972
       475.00000      0.10000000       2.3607881       14.330000
       475.00000      0.30000000       2.3607890       14.330081
       475.00000       1.0000000       2.3607944       14.330363
       475.00000       3.0000000       2.3608069       14.331142
       475.00000       10.000000       2.3608554       14.333536
       475.00000       30.000000       2.3609621       14.338205
       475.00000       100.00000       2.3610760       14.343322
       475.00000       300.00000       2.3611029       14.344768
       475.00000       1000.0000       2.3611061       14.345305
       475.00000       3000.0000       2.3611064       14.347457
       475.00000       10000.000       2.3611064       14.350581
       475.00000       30000.000       2.3611064       14.363670
       475.00000       100000.00       2.3611064       14.367079
       475.00000       300000.00       2.3611064       14.366353
       500.00000    0.0010000000       2.3605273       14.337033
       500.00000    0.0030000000       2.3607575       14.336020
       500.00000     0.010000000       2.3607844       14.335880
       500.00000     0.030000000       2.3607872       14.335873
       500.00000      0.10000000       2.3607872       14.335886
       500.00000      0.30000000       2.3607885       14.335930
       500.00000       1.0000000       2.3607906       14.336080
       500.00000       3.0000000       2.3607985       14.336506
       500.00000       10.000000       2.3608249       14.337897
       500.00000       30.000000       2.3609041       14.341145
       500.00000       100.00000       2.3610142       14.346964
       500.00000       300.00000       2.3610911       14.350144
       500.00000       1000.0000       2.3611059       14.350964
       500.00000       3000.0000       2.3611069       14.351605
       500.00000       10000.000       2.3611071       14.354588
       500.00000       30000.000       2.3611071       14.367181
       500.00000       100000.00       2.3611070       14.374193
       500.00000       300000.00       2.3611071       14.373265
       575.00000    0.0010000000       2.3586340       14.375798
       575.00000    0.0030000000       2.3588963       14.374791
       575.00000     0.010000000       2.3597882       14.371299
       575.00000     0.030000000       2.3605469       14.368314
       575.00000      0.10000000       2.3607642       14.367502
       575.00000      0.30000000       2.3607855       14.367424
       575.00000       1.0000000       2.3607873       14.367447
       575.00000       3.0000000       2.3607897       14.367535
       575.00000       10.000000       2.3607945       14.367843
       575.00000       30.000000       2.3608129       14.368692
       575.00000       100.00000       2.3608596       14.371278
       575.00000       300.00000       2.3609698       14.376137
       575.00000       1000.0000       2.3610797       14.381092
       575.00000       3000.0000       2.3611034       14.382549
       575.00000       10000.000       2.3611068       14.383923
       575.00000       30000.000       2.3611065       14.388655
       575.00000       100000.00       2.3611071       14.409403
       575.00000       300000.00       2.3611064       14.425135
       650.00000    0.0010000000       2.3585987       14.405565
       650.00000    0.0030000000       2.3585967       14.405560
       650.00000     0.010000000       2.3586170       14.405486
       650.00000     0.030000000       2.3587704       14.404965
       650.00000      0.10000000       2.3594975       14.402527
       650.00000      0.30000000       2.3603958       14.399515
       650.00000       1.0000000       2.3607281       14.398382
       650.00000       3.0000000       2.3607833       14.398273
       650.00000       10.000000       2.3607886       14.398347
       650.00000       30.000000       2.3607934       14.398603
       650.00000       100.00000       2.3608079       14.399465
       650.00000       300.00000       2.3608485       14.401650
       650.00000       1000.0000       2.3609662       14.406784
       650.00000       3000.0000       2.3610741       14.411633
       650.00000       10000.000       2.3611031       14.413710
       650.00000       30000.000       2.3611067       14.415811
       650.00000       100000.00       2.3611063       14.430944
       650.00000       300000.00       2.3611070       14.523572
       725.00000    0.0010000000       2.3587326       14.458096
       725.00000    0.0030000000       2.3587326       14.458097
       725.00000     0.010000000       2.3586625       14.458097
       725.00000     0.030000000       2.3586196       14.458090
       725.00000      0.10000000       2.3586316       14.457998
       725.00000      0.30000000       2.3588301       14.457394
       725.00000       1.0000000       2.3596742       14.455010
       725.00000       3.0000000       2.3605051       14.452682
       725.00000       10.000000       2.3607601       14.452003
       725.00000       30.000000       2.3607872       14.452021
       725.00000       100.00000       2.3607945       14.452341
       725.00000       300.00000       2.3608139       14.453239
       725.00000       1000.0000       2.3608628       14.455968
       725.00000       3000.0000       2.3609743       14.461002
       725.00000       10000.000       2.3610824       14.466055
       725.00000       30000.000       2.3611044       14.468135
       725.00000       100000.00       2.3611069       14.475684
       725.00000       300000.00       2.3611071       14.539363
       800.00000    0.0010000000       2.3587328       14.544521
       800.00000    0.0030000000       2.3587328       14.544521
       800.00000     0.010000000       2.3587330       14.544520
       800.00000     0.030000000       2.3587330       14.544520
       800.00000      0.10000000       2.3587338       14.544517
       800.00000      0.30000000       2.3587409       14.544497
       800.00000       1.0000000       2.3587339       14.544278
       800.00000       3.0000000       2.3591809       14.543176
       800.00000       10.000000       2.3601950       14.540745
       800.00000       30.000000       2.3606834       14.539600
       800.00000       100.00000       2.3607832       14.539528
       800.00000       300.00000       2.3607972       14.539919
       800.00000       1000.0000       2.3608231       14.541270
       800.00000       3000.0000       2.3608997       14.544471
       800.00000       10000.000       2.3610096       14.550526
       800.00000       30000.000       2.3610898       14.554500
       800.00000       100000.00       2.3611058       14.558241
       800.00000       300000.00       2.3611073       14.571411
       900.00000    0.0010000000       2.3587337       14.663493
       900.00000    0.0030000000       2.3587338       14.663493
       900.00000     0.010000000       2.3587337       14.663493
       900.00000     0.030000000       2.3587336       14.663493
       900.00000      0.10000000       2.3587336       14.663493
       900.00000      0.30000000       2.3587338       14.663493
       900.00000       1.0000000       2.3587357       14.663489
       900.00000       3.0000000       2.3587524       14.663456
       900.00000       10.000000       2.3589436       14.663105
       900.00000       30.000000       2.3596475       14.661846
       900.00000       100.00000       2.3605181       14.660171
       900.00000       300.00000       2.3607691       14.659841
       900.00000       1000.0000       2.3608032       14.660358
       900.00000       3000.0000       2.3608319       14.661906
       900.00000       10000.000       2.3609272       14.666144
       900.00000       30000.000       2.3610465       14.671960
       900.00000       100000.00       2.3611020       14.676421
       900.00000       300000.00       2.3611132       14.682232
       1000.0000    0.0010000000       2.3587311       14.812052
       1000.0000    0.0030000000       2.3587339       14.812062
       1000.0000     0.010000000       2.3587346       14.812069
       1000.0000     0.030000000       2.3587343       14.812073
       1000.0000      0.10000000       2.3587339       14.812076
       1000.0000      0.30000000       2.3587337       14.812075
       1000.0000       1.0000000       2.3587334       14.812077
       1000.0000       3.0000000       2.3587342       14.812076
       1000.0000       10.000000       2.3587441       14.812063
       1000.0000       30.000000       2.3588272       14.811947
       1000.0000       100.00000       2.3593968       14.811225
       1000.0000       300.00000       2.3603555       14.810049
       1000.0000       1000.0000       2.3608471       14.809683
       1000.0000       3000.0000       2.3608595       14.810395
       1000.0000       10000.000       2.3608757       14.812885
       1000.0000       30000.000       2.3609781       14.817861
       1000.0000       100000.00       2.3611010       14.824144
       1000.0000       300000.00       2.3611330       14.828717
       1100.0000    0.0010000000       2.3587387       14.980221
       1100.0000    0.0030000000       2.3587397       14.980254
       1100.0000     0.010000000       2.3587410       14.980266
       1100.0000     0.030000000       2.3587422       14.980272
       1100.0000      0.10000000       2.3587443       14.980275
       1100.0000      0.30000000       2.3587454       14.980283
       1100.0000       1.0000000       2.3587433       14.980299
       1100.0000       3.0000000       2.3587420       14.980317
       1100.0000       10.000000       2.3587399       14.980337
       1100.0000       30.000000       2.3587471       14.980344
       1100.0000       100.00000       2.3588289       14.980281
       1100.0000       300.00000       2.3593185       14.979905
       1100.0000       1000.0000       2.3603489       14.979144
       1100.0000       3000.0000       2.3608473       14.979138
       1100.0000       10000.000       2.3609782       14.980537
       1100.0000       30000.000       2.3610319       14.984071
       1100.0000       100000.00       2.3610741       14.990808
       1100.0000       300000.00       2.3611344       14.996082
       1200.0000    0.0010000000       2.3630189       15.161939
       1200.0000    0.0030000000       2.3601320       15.165912
       1200.0000     0.010000000       2.3591140       15.167538
       1200.0000     0.030000000       2.3588367       15.168041
       1200.0000      0.10000000       2.3587697       15.168222
       1200.0000      0.30000000       2.3587504       15.168274
       1200.0000       1.0000000       2.3587483       15.168294
       1200.0000       3.0000000       2.3587456       15.168300
       1200.0000       10.000000       2.3587477       15.168301
       1200.0000       30.000000       2.3587489       15.168305
       1200.0000       100.00000       2.3587619       15.168311
       1200.0000       300.00000       2.3588582       15.168293
       1200.0000       1000.0000       2.3594724       15.168107
       1200.0000       3000.0000       2.3604143       15.167828
       1200.0000       10000.000       2.3608967       15.168679
       1200.0000       30000.000       2.3610102       15.171104
       1200.0000       100000.00       2.3611332       15.177003
       1200.0000       300000.00       2.3612128       15.183332
       1300.0000    0.0010000000       2.3646958       15.347870
       1300.0000    0.0030000000       2.3653066       15.347788
       1300.0000     0.010000000       2.3656916       15.347719
       1300.0000     0.030000000       2.3629263       15.357140
       1300.0000      0.10000000       2.3605616       15.361678
       1300.0000      0.30000000       2.3593324       15.364546
       1300.0000       1.0000000       2.3588953       15.365666
       1300.0000       3.0000000       2.3587958       15.365999
       1300.0000       10.000000       2.3587588       15.366120
       1300.0000       30.000000       2.3587524       15.366158
       1300.0000       100.00000       2.3587513       15.366177
       1300.0000       300.00000       2.3587739       15.366200
       1300.0000       1000.0000       2.3589606       15.366279
       1300.0000       3000.0000       2.3596597       15.366263
       1300.0000       10000.000       2.3606429       15.367251
       1300.0000       30000.000       2.3609584       15.368999
       1300.0000       100000.00       2.3610911       15.373761
       1300.0000       300000.00       2.3612111       15.380502
       1400.0000    0.0010000000       2.3604694       15.574987
       1400.0000    0.0030000000       2.3628025       15.575064
       1400.0000     0.010000000       2.3642847       15.575047
       1400.0000     0.030000000       2.3650780       15.575005
       1400.0000      0.10000000       2.3655796       15.574968
       1400.0000      0.30000000       2.3656440       15.574947
       1400.0000       1.0000000       2.3618597       15.584643
       1400.0000       3.0000000       2.3605394       15.588391
       1400.0000       10.000000       2.3592893       15.591908
       1400.0000       30.000000       2.3589067       15.593048
       1400.0000       100.00000       2.3587964       15.593468
       1400.0000       300.00000       2.3587697       15.593603
       1400.0000       1000.0000       2.3588082       15.593738
       1400.0000       3000.0000       2.3591144       15.594145
       1400.0000       10000.000       2.3600838       15.595484
       1400.0000       30000.000       2.3608068       15.597357
       1400.0000       100000.00       2.3610293       15.601255
       1400.0000       300000.00       2.3611577       15.607758
       1500.0000    0.0010000000       2.3467552       15.820700
       1500.0000    0.0030000000       2.3547398       15.821416
       1500.0000     0.010000000       2.3597759       15.821778
       1500.0000     0.030000000       2.3624331       15.821894
       1500.0000      0.10000000       2.3640982       15.821920
       1500.0000      0.30000000       2.3649874       15.821911
       1500.0000       1.0000000       2.3655286       15.821901
       1500.0000       3.0000000       2.3655779       15.821891
       1500.0000       10.000000       2.3629120       15.826556
       1500.0000       30.000000       2.3610579       15.833420
       1500.0000       100.00000       2.3598879       15.837216
       1500.0000       300.00000       2.3591250       15.839565
       1500.0000       1000.0000       2.3588785       15.840524
       1500.0000       3000.0000       2.3589009       15.841135
       1500.0000       10000.000       2.3595098       15.842876
       1500.0000       30000.000       2.3604558       15.845834
       1500.0000       100000.00       2.3609649       15.849738
       1500.0000       300000.00       2.3611219       15.855738
       1600.0000    0.0010000000       2.3084595       16.024209
       1600.0000    0.0030000000       2.3323171       16.026680
       1600.0000     0.010000000       2.3473046       16.028143
       1600.0000     0.030000000       2.3550793       16.028824
       1600.0000      0.10000000       2.3600034       16.029164
       1600.0000      0.30000000       2.3625906       16.029287
       1600.0000       1.0000000       2.3642223       16.029339
       1600.0000       3.0000000       2.3650591       16.029357
       1600.0000       10.000000       2.3655963       16.029360
       1600.0000       30.000000       2.3648870       16.029363
       1600.0000       100.00000       2.3634347       16.030524
       1600.0000       300.00000       2.3612671       16.039747
       1600.0000       1000.0000       2.3603905       16.043401
       1600.0000       3000.0000       2.3593555       16.046969
       1600.0000       10000.000       2.3592515       16.049836
       1600.0000       30000.000       2.3600105       16.054290
       1600.0000       100000.00       2.3608329       16.059832
       1600.0000       300000.00       2.3610860       16.065626
       1700.0000    0.0010000000       2.2174447       16.220981
       1700.0000    0.0030000000       2.2774280       16.228183
       1700.0000     0.010000000       2.3164284       16.232433
       1700.0000     0.030000000       2.3370288       16.234526
       1700.0000      0.10000000       2.3500162       16.235745
       1700.0000      0.30000000       2.3567409       16.236294
       1700.0000       1.0000000       2.3609659       16.236577
       1700.0000       3.0000000       2.3631789       16.236689
       1700.0000       10.000000       2.3645571       16.236751
       1700.0000       30.000000       2.3652548       16.236782
       1700.0000       100.00000       2.3657001       16.236799
       1700.0000       300.00000       2.3641367       16.236806
       1700.0000       1000.0000       2.3632429       16.238053
       1700.0000       3000.0000       2.3612184       16.247536
       1700.0000       10000.000       2.3605343       16.252347
       1700.0000       30000.000       2.3599580       16.260654
       1700.0000       100000.00       2.3606606       16.270110
       1700.0000       300000.00       2.3610338       16.277014
       1800.0000    0.0010000000       2.0410955       16.391532
       1800.0000    0.0030000000       2.1636661       16.411321
       1800.0000     0.010000000       2.2497633       16.422492
       1800.0000     0.030000000       2.2971702       16.427883
       1800.0000      0.10000000       2.3276661       16.431083
       1800.0000      0.30000000       2.3436727       16.432642
       1800.0000       1.0000000       2.3537670       16.433525
       1800.0000       3.0000000       2.3590087       16.433924
       1800.0000       10.000000       2.3622538       16.434137
       1800.0000       30.000000       2.3639217       16.434234
       1800.0000       100.00000       2.3649695       16.434292
       1800.0000       300.00000       2.3655162       16.434326
       1800.0000       1000.0000       2.3645038       16.434363
       1800.0000       3000.0000       2.3636219       16.434473
       1800.0000       10000.000       2.3625015       16.439843
       1800.0000       30000.000       2.3612767       16.451766
       1800.0000       100000.00       2.3610692       16.467817
       1800.0000       300000.00       2.3611411       16.479347
       1900.0000    0.0010000000       1.7819036       16.513241
       1900.0000    0.0030000000       1.9701132       16.565483
       1900.0000     0.010000000       2.1257315       16.593540
       1900.0000     0.030000000       2.2196351       16.606480
       1900.0000      0.10000000       2.2830732       16.613970
       1900.0000      0.30000000       2.3172509       16.617635
       1900.0000       1.0000000       2.3389971       16.619798
       1900.0000       3.0000000       2.3503662       16.620836
       1900.0000       10.000000       2.3575284       16.621414
       1900.0000       30.000000       2.3612310       16.621681
       1900.0000       100.00000       2.3635179       16.621834
       1900.0000       300.00000       2.3646649       16.621911
       1900.0000       1000.0000       2.3653855       16.621977
       1900.0000       3000.0000       2.3648196       16.622082
       1900.0000       10000.000       2.3636874       16.622598
       1900.0000       30000.000       2.3635960       16.625563
       1900.0000       100000.00       2.3622298       16.650313
       1900.0000       300000.00       2.3620125       16.669938
       2000.0000    0.0010000000       1.5271375       16.538097
       2000.0000    0.0030000000       1.7193053       16.668976
       2000.0000     0.010000000       1.9334985       16.735887
       2000.0000     0.030000000       2.0880913       16.765672
       2000.0000      0.10000000       2.2031497       16.782238
       2000.0000      0.30000000       2.2686170       16.790133
       2000.0000       1.0000000       2.3114511       16.794785
       2000.0000       3.0000000       2.3341552       16.797062
       2000.0000       10.000000       2.3485132       16.798385
       2000.0000       30.000000       2.3559738       16.799016
       2000.0000       100.00000       2.3606311       16.799377
       2000.0000       300.00000       2.3630434       16.799552
       2000.0000       1000.0000       2.3645057       16.799671
       2000.0000       3000.0000       2.3652623       16.799780
       2000.0000       10000.000       2.3647621       16.800200
       2000.0000       30000.000       2.3637907       16.802509
       2000.0000       100000.00       2.3641025       16.815316
       2000.0000       300000.00       2.3632706       16.846840
       2150.0000    0.0010000000       1.3374902       15.797047
       2150.0000    0.0030000000       1.4207157       16.578223
       2150.0000     0.010000000       1.5918427       16.857445
       2150.0000     0.030000000       1.7924880       16.952989
       2150.0000      0.10000000       1.9947371       17.003173
       2150.0000      0.30000000       2.1318277       17.026003
       2150.0000       1.0000000       2.2304062       17.038972
       2150.0000       3.0000000       2.2854191       17.045234
       2150.0000       10.000000       2.3210617       17.048939
       2150.0000       30.000000       2.3398866       17.050743
       2150.0000       100.00000       2.3517287       17.051800
       2150.0000       300.00000       2.3578661       17.052312
       2150.0000       1000.0000       2.3616920       17.052623
       2150.0000       3000.0000       2.3636431       17.052818
       2150.0000       10000.000       2.3648678       17.053166
       2150.0000       30000.000       2.3655175       17.054774
       2150.0000       100000.00       2.3642495       17.065932
       2150.0000       300000.00       2.3647413       17.095427
       2300.0000    0.0010000000       1.2945598       12.321307
       2300.0000    0.0030000000       1.3155313       15.191444
       2300.0000     0.010000000       1.3781326       16.573186
       2300.0000     0.030000000       1.5016583       17.001340
       2300.0000      0.10000000       1.7074204       17.156572
       2300.0000      0.30000000       1.9057113       17.216752
       2300.0000       1.0000000       2.0806389       17.249592
       2300.0000       3.0000000       2.1902118       17.264935
       2300.0000       10.000000       2.2657307       17.273838
       2300.0000       30.000000       2.3068892       17.278184
       2300.0000       100.00000       2.3332652       17.280759
       2300.0000       300.00000       2.3470854       17.282015
       2300.0000       1000.0000       2.3557507       17.282768
       2300.0000       3000.0000       2.3602139       17.283165
       2300.0000       10000.000       2.3629889       17.283574
       2300.0000       30000.000       2.3644247       17.284801
       2300.0000       100000.00       2.3654742       17.293744
       2300.0000       300000.00       2.3649413       17.326883
       2450.0000    0.0010000000       1.2858180       6.8250715
       2450.0000    0.0030000000       1.2911458       11.148006
       2450.0000     0.010000000       1.3085545       14.871552
       2450.0000     0.030000000       1.3527117       16.510244
       2450.0000      0.10000000       1.4660413       17.164724
       2450.0000      0.30000000       1.6406434       17.353073
       2450.0000       1.0000000       1.8613187       17.432160
       2450.0000       3.0000000       2.0339946       17.466754
       2450.0000       10.000000       2.1684928       17.486286
       2450.0000       30.000000       2.2469708       17.495652
       2450.0000       100.00000       2.2990680       17.501173
       2450.0000       300.00000       2.3268936       17.503887
       2450.0000       1000.0000       2.3445261       17.505501
       2450.0000       3000.0000       2.3536898       17.506317
       2450.0000       10000.000       2.3594078       17.506934
       2450.0000       30000.000       2.3623292       17.508004
       2450.0000       100000.00       2.3642488       17.515101
       2450.0000       300000.00       2.3656684       17.548155
       2600.0000    0.0010000000       1.2831050       3.3572438
       2600.0000    0.0030000000       1.2849834       6.2070351
       2600.0000     0.010000000       1.2903054       10.918813
       2600.0000     0.030000000       1.3041688       14.576531
       2600.0000      0.10000000       1.3473176       16.613789
       2600.0000      0.30000000       1.4415650       17.303985
       2600.0000       1.0000000       1.6241370       17.548201
       2600.0000       3.0000000       1.8261406       17.626282
       2600.0000       10.000000       2.0213647       17.666259
       2600.0000       30.000000       2.1503150       17.684900
       2600.0000       100.00000       2.2417484       17.695729
       2600.0000       300.00000       2.2923995       17.701014
       2600.0000       1000.0000       2.3251311       17.704157
       2600.0000       3000.0000       2.3423320       17.705725
       2600.0000       10000.000       2.3531210       17.706763
       2600.0000       30000.000       2.3586970       17.707864
       2600.0000       100000.00       2.3621944       17.713636
       2600.0000       300000.00       2.3642597       17.744409
       2800.0000    0.0010000000       1.2816605       1.8401600
       2800.0000    0.0030000000       1.2822792       2.7659653
       2800.0000     0.010000000       1.2837806       5.2960704
       2800.0000     0.030000000       1.2873660       9.3677180
       2800.0000      0.10000000       1.2985003       13.906127
       2800.0000      0.30000000       1.3271427       16.331270
       2800.0000       1.0000000       1.4078570       17.410149
       2800.0000       3.0000000       1.5529469       17.734876
       2800.0000       10.000000       1.7691314       17.850894
       2800.0000       30.000000       1.9596906       17.894442
       2800.0000       100.00000       2.1187021       17.918434
       2800.0000       300.00000       2.2151775       17.929929
       2800.0000       1000.0000       2.2805678       17.936713
       2800.0000       3000.0000       2.3158857       17.940062
       2800.0000       10000.000       2.3383779       17.942128
       2800.0000       30000.000       2.3500808       17.943585
       2800.0000       100000.00       2.3573999       17.948306
       2800.0000       300000.00       2.3613113       17.974924
       3000.0000    0.0010000000       1.2805545       1.4818689
       3000.0000    0.0030000000       1.2811408       1.7665877
       3000.0000     0.010000000       1.2818598       2.6733298
       3000.0000     0.030000000       1.2830297       4.7645210
       3000.0000      0.10000000       1.2863909       9.0425312
       3000.0000      0.30000000       1.2951103       13.382988
       3000.0000       1.0000000       1.3226199       16.363127
       3000.0000       3.0000000       1.3877148       17.505122
       3000.0000       10.000000       1.5350381       17.935622
       3000.0000       30.000000       1.7287005       18.058555
       3000.0000       100.00000       1.9419227       18.110475
       3000.0000       300.00000       2.0943504       18.133309
       3000.0000       1000.0000       2.2071999       18.146486
       3000.0000       3000.0000       2.2712067       18.152921
       3000.0000       10000.000       2.3130716       18.156794
       3000.0000       30000.000       2.3351937       18.159022
       3000.0000       100000.00       2.3491137       18.163347
       3000.0000       300000.00       2.3563678       18.186098
       3250.0000    0.0010000000       1.2784159       1.3819152
       3250.0000    0.0030000000       1.2794474       1.4592392
       3250.0000     0.010000000       1.2803346       1.7169150
       3250.0000     0.030000000       1.2811138       2.3924530
       3250.0000      0.10000000       1.2823132       4.3357915
       3250.0000      0.30000000       1.2847114       7.9158888
       3250.0000       1.0000000       1.2921668       12.835601
       3250.0000       3.0000000       1.3117812       16.023977
       3250.0000       10.000000       1.3701433       17.614907
       3250.0000       30.000000       1.4871844       18.129071
       3250.0000       100.00000       1.6884256       18.309291
       3250.0000       300.00000       1.8884050       18.365503
       3250.0000       1000.0000       2.0681841       18.393358
       3250.0000       3000.0000       2.1820076       18.406396
       3250.0000       10000.000       2.2608743       18.414071
       3250.0000       30000.000       2.3040155       18.418044
       3250.0000       100000.00       2.3316033       18.422681
       3250.0000       300000.00       2.3459998       18.441847
       3500.0000    0.0010000000       1.2743661       1.3806276
       3500.0000    0.0030000000       1.2760065       1.4081351
       3500.0000     0.010000000       1.2778601       1.4949838
       3500.0000     0.030000000       1.2792186       1.7250278
       3500.0000      0.10000000       1.2804178       2.4588223
       3500.0000      0.30000000       1.2816587       4.1959441
       3500.0000       1.0000000       1.2842788       8.0666087
       3500.0000       3.0000000       1.2906160       12.613261
       3500.0000       10.000000       1.3109234       16.232762
       3500.0000       30.000000       1.3611284       17.764401
       3500.0000       100.00000       1.4847242       18.376317
       3500.0000       300.00000       1.6659140       18.553093
       3500.0000       1000.0000       1.8854786       18.618116
       3500.0000       3000.0000       2.0525349       18.643205
       3500.0000       10000.000       2.1805427       18.657139
       3500.0000       30000.000       2.2545160       18.664000
       3500.0000       100000.00       2.3033403       18.669850
       3500.0000       300000.00       2.3292176       18.686915
       3750.0000    0.0010000000       1.2726246       1.4613019
       3750.0000    0.0030000000       1.2730568       1.4727942
       3750.0000     0.010000000       1.2741376       1.5104661
       3750.0000     0.030000000       1.2757591       1.6073333
       3750.0000      0.10000000       1.2777777       1.9063930
       3750.0000      0.30000000       1.2794267       2.6576450
       3750.0000       1.0000000       1.2812305       4.7598407
       3750.0000       3.0000000       1.2839743       8.4920661
       3750.0000       10.000000       1.2916966       13.426393
       3750.0000       30.000000       1.3116991       16.559069
       3750.0000       100.00000       1.3712107       18.120264
       3750.0000       300.00000       1.4899542       18.629179
       3750.0000       1000.0000       1.6923186       18.808949
       3750.0000       3000.0000       1.8919649       18.862577
       3750.0000       10000.000       2.0707202       18.887328
       3750.0000       30000.000       2.1835694       18.898640
       3750.0000       100000.00       2.2616322       18.906722
       3750.0000       300000.00       2.3041817       18.923004
       4000.0000    0.0010000000       1.2723816       1.7526155
       4000.0000    0.0030000000       1.2724590       1.7572391
       4000.0000     0.010000000       1.2726603       1.7732038
       4000.0000     0.030000000       1.2731431       1.8174124
       4000.0000      0.10000000       1.2743358       1.9606196
       4000.0000      0.30000000       1.2761071       2.3201495
       4000.0000       1.0000000       1.2783902       3.3641275
       4000.0000       3.0000000       1.2806483       5.6128056
       4000.0000       10.000000       1.2845567       9.9953940
       4000.0000       30.000000       1.2932668       14.325375
       4000.0000       100.00000       1.3203449       17.306109
       4000.0000       300.00000       1.3846211       18.472897
       4000.0000       1000.0000       1.5306480       18.925915
       4000.0000       3000.0000       1.7236388       19.055633
       4000.0000       10000.000       1.9374579       19.103589
       4000.0000       30000.000       2.0909846       19.122047
       4000.0000       100000.00       2.2048192       19.133544
       4000.0000       300000.00       2.2693727       19.150181
