 1.00 1.05 1.10 1.15 1.20 1.25 1.30 1.35 1.40 1.45
 1.50 1.55 1.60 1.65 1.70 1.75 1.80 1.85 1.90 1.95
 2.00 2.05 2.10 2.15 2.20 2.25 2.30 2.35 2.40 2.45
 2.50 2.55 2.60 2.65 2.70 2.75 2.80 2.85 2.90 2.95
 3.00 3.05 3.10 3.15 3.20 3.25 3.30 3.35 3.40 3.45
 3.50 3.55 3.60
-2.00-1.80-1.60-1.40-1.20-1.00-0.80-0.60-0.40-0.20
 0.00 0.20 0.40 0.60 0.80 1.00 1.20 1.40 1.60 1.80
 2.00 2.20 2.40 2.60 2.80 3.00
 7.94836 7.94843 7.94867 7.94945 7.95159 7.95658 7.96661 7.98411 8.01061 8.04539
 8.08481 8.12302 8.15374 8.17222 8.17650 8.16769 8.14921 8.12556 8.10102 8.07882
 8.06094 8.04827 8.04095 8.03858 8.04035 8.04509 8.05144 8.05808 8.06399 8.06858
 8.07174 8.07370 8.07482 8.07547 8.07595 8.07648 8.07729 8.07862 8.08076 8.08403
 8.08864 8.09471 8.10238 8.11295 8.13429 8.19727 8.36844 8.67929 9.05021 9.31993
 9.16525 8.63979 8.31652 7.94836 7.94843 7.94867 7.94945 7.95159 7.95658 7.96661
 7.98411 8.01061 8.04539 8.08481 8.12302 8.15374 8.17222 8.17650 8.16769 8.14921
 8.12556 8.10102 8.07882 8.06094 8.04827 8.04095 8.03858 8.04035 8.04509 8.05144
 8.05808 8.06399 8.06858 8.07174 8.07370 8.07482 8.07547 8.07595 8.07648 8.07729
 8.07862 8.08076 8.08403 8.08864 8.09471 8.10233 8.11248 8.13140 8.18427 8.33037
 8.61194 8.96974 9.26898 9.23068 8.75361 8.36576 7.94836 7.94843 7.94867 7.94945
 7.95159 7.95658 7.96661 7.98411 8.01061 8.04539 8.08481 8.12302 8.15374 8.17222
 8.17650 8.16769 8.14921 8.12556 8.10102 8.07882 8.06094 8.04827 8.04095 8.03858
 8.04035 8.04509 8.05144 8.05808 8.06399 8.06858 8.07174 8.07370 8.07482 8.07547
 8.07595 8.07648 8.07729 8.07862 8.08076 8.08403 8.08864 8.09470 8.10228 8.11211
 8.12909 8.17366 8.29754 8.54957 8.89036 9.20581 9.26647 8.86933 8.43167 7.94836
 7.94843 7.94867 7.94945 7.95159 7.95658 7.96661 7.98411 8.01061 8.04539 8.08481
 8.12302 8.15374 8.17222 8.17650 8.16769 8.14921 8.12556 8.10102 8.07882 8.06094
 8.04827 8.04095 8.03858 8.04035 8.04509 8.05144 8.05808 8.06399 8.06858 8.07174
 8.07370 8.07482 8.07547 8.07595 8.07648 8.07729 8.07862 8.08076 8.08403 8.08864
 8.09470 8.10224 8.11181 8.12725 8.16504 8.26956 8.49256 8.81319 9.13477 9.27292
 8.97756 8.51480 7.94836 7.94843 7.94867 7.94945 7.95159 7.95658 7.96661 7.98411
 8.01061 8.04539 8.08481 8.12302 8.15374 8.17222 8.17650 8.16769 8.14921 8.12556
 8.10102 8.07882 8.06094 8.04827 8.04095 8.03858 8.04035 8.04509 8.05144 8.05808
 8.06399 8.06858 8.07174 8.07370 8.07482 8.07547 8.07595 8.07648 8.07729 8.07862
 8.08076 8.08403 8.08864 8.09470 8.10221 8.11157 8.12578 8.15807 8.24596 8.44114
 8.73913 9.05924 9.25354 9.06907 8.61274 7.94836 7.94843 7.94867 7.94945 7.95159
 7.95658 7.96661 7.98411 8.01061 8.04539 8.08481 8.12302 8.15374 8.17222 8.17650
 8.16769 8.14921 8.12556 8.10102 8.07882 8.06094 8.04827 8.04095 8.03858 8.04035
 8.04509 8.05144 8.05808 8.06399 8.06858 8.07174 8.07370 8.07482 8.07547 8.07595
 8.07648 8.07729 8.07862 8.08076 8.08403 8.08864 8.09469 8.10219 8.11138 8.12461
 8.15245 8.22624 8.39539 8.66895 8.98177 9.21362 9.13635 8.71985 7.94836 7.94843
 7.94867 7.94945 7.95159 7.95658 7.96661 7.98411 8.01061 8.04539 8.08481 8.12302
 8.15374 8.17222 8.17650 8.16769 8.14921 8.12556 8.10102 8.07882 8.06094 8.04827
 8.04095 8.03858 8.04035 8.04509 8.05144 8.05808 8.06399 8.06858 8.07174 8.07370
 8.07482 8.07547 8.07595 8.07648 8.07729 8.07862 8.08076 8.08403 8.08864 8.09469
 8.10217 8.11124 8.12368 8.14793 8.20992 8.35521 8.60328 8.90426 9.15871 9.17512
 8.82785 7.94836 7.94843 7.94867 7.94945 7.95159 7.95658 7.96661 7.98411 8.01061
 8.04539 8.08481 8.12302 8.15374 8.17222 8.17650 8.16769 8.14921 8.12556 8.10102
 8.07882 8.06094 8.04827 8.04095 8.03858 8.04035 8.04509 8.05144 8.05808 8.06399
 8.06858 8.07174 8.07370 8.07482 8.07547 8.07595 8.07648 8.07729 8.07862 8.08076
 8.08403 8.08864 8.09469 8.10216 8.11112 8.12294 8.14431 8.19650 8.32038 8.54264
 8.82819 9.09380 9.18502 8.92720 7.94836 7.94843 7.94867 7.94945 7.95159 7.95658
 7.96661 7.98411 8.01061 8.04539 8.08481 8.12302 8.15374 8.17222 8.17650 8.16769
 8.14921 8.12556 8.10102 8.07882 8.06094 8.04827 8.04095 8.03858 8.04035 8.04509
 8.05144 8.05808 8.06399 8.06858 8.07174 8.07370 8.07482 8.07547 8.07595 8.07648
 8.07729 8.07862 8.08076 8.08403 8.08864 8.09469 8.10214 8.11102 8.12235 8.14141
 8.18553 8.29056 8.48738 8.75470 9.02288 9.16910 9.00877 7.94836 7.94843 7.94867
 7.94945 7.95159 7.95658 7.96661 7.98411 8.01061 8.04539 8.08481 8.12302 8.15374
 8.17222 8.17650 8.16769 8.14921 8.12556 8.10102 8.07882 8.06094 8.04827 8.04095
 8.03858 8.04035 8.04509 8.05144 8.05808 8.06399 8.06858 8.07174 8.07370 8.07482
 8.07547 8.07595 8.07648 8.07729 8.07862 8.08076 8.08403 8.08864 8.09469 8.10213
 8.11095 8.12188 8.13910 8.17662 8.26531 8.43772 8.68474 8.94904 9.13243 9.06561
 7.94836 7.94843 7.94867 7.94945 7.95159 7.95658 7.96661 7.98411 8.01061 8.04539
 8.08481 8.12302 8.15374 8.17222 8.17650 8.16769 8.14921 8.12556 8.10102 8.07882
 8.06094 8.04827 8.04095 8.03858 8.04035 8.04509 8.05144 8.05808 8.06399 8.06858
 8.07174 8.07370 8.07482 8.07547 8.07595 8.07648 8.07729 8.07862 8.08076 8.08403
 8.08864 8.09469 8.10213 8.11089 8.12151 8.13725 8.16941 8.24413 8.39368 8.61905
 8.87459 9.08061 9.09439 7.94836 7.94843 7.94867 7.94945 7.95159 7.95658 7.96661
 7.98411 8.01061 8.04539 8.08481 8.12302 8.15374 8.17222 8.17650 8.16769 8.14921
 8.12556 8.10102 8.07882 8.06094 8.04827 8.04095 8.03858 8.04035 8.04509 8.05144
 8.05808 8.06399 8.06858 8.07174 8.07370 8.07482 8.07547 8.07595 8.07648 8.07729
 8.07862 8.08076 8.08403 8.08864 8.09469 8.10212 8.11084 8.12121 8.13577 8.16359
 8.22654 8.35515 8.55822 8.80127 9.01873 9.09573 7.94836 7.94843 7.94867 7.94945
 7.95159 7.95658 7.96661 7.98411 8.01061 8.04539 8.08481 8.12302 8.15374 8.17222
 8.17650 8.16769 8.14921 8.12556 8.10102 8.07882 8.06094 8.04827 8.04095 8.03858
 8.04035 8.04509 8.05144 8.05808 8.06399 8.06858 8.07174 8.07370 8.07482 8.07547
 8.07595 8.07648 8.07729 8.07862 8.08076 8.08403 8.08864 8.09469 8.10212 8.11080
 8.12098 8.13460 8.15891 8.21204 8.32187 8.50266 8.73043 8.95093 9.07339 7.94836
 7.94843 7.94867 7.94945 7.95159 7.95658 7.96661 7.98411 8.01061 8.04539 8.08481
 8.12302 8.15374 8.17222 8.17650 8.16769 8.14921 8.12556 8.10102 8.07882 8.06094
 8.04827 8.04095 8.03858 8.04035 8.04509 8.05144 8.05808 8.06399 8.06858 8.07174
 8.07370 8.07482 8.07547 8.07595 8.07648 8.07729 8.07862 8.08076 8.08403 8.08864
 8.09469 8.10211 8.11077 8.12079 8.13366 8.15516 8.20016 8.29347 8.45263 8.66310
 8.88043 9.03270 7.94836 7.94843 7.94867 7.94945 7.95159 7.95658 7.96661 7.98411
 8.01061 8.04539 8.08481 8.12302 8.15374 8.17222 8.17650 8.16769 8.14921 8.12556
 8.10102 8.07882 8.06094 8.04827 8.04095 8.03858 8.04035 8.04509 8.05144 8.05808
 8.06399 8.06858 8.07174 8.07370 8.07482 8.07547 8.07595 8.07648 8.07729 8.07862
 8.08076 8.08403 8.08864 8.09469 8.10211 8.11075 8.12064 8.13292 8.15216 8.19049
 8.26948 8.40819 8.60010 8.80964 8.97914 7.94836 7.94843 7.94867 7.94945 7.95159
 7.95658 7.96661 7.98411 8.01061 8.04539 8.08481 8.12302 8.15374 8.17222 8.17650
 8.16769 8.14921 8.12556 8.10102 8.07882 8.06094 8.04827 8.04095 8.03858 8.04035
 8.04509 8.05144 8.05808 8.06399 8.06858 8.07174 8.07370 8.07482 8.07547 8.07595
 8.07648 8.07729 8.07862 8.08076 8.08403 8.08864 8.09469 8.10211 8.11073 8.12052
 8.13233 8.14976 8.18265 8.24943 8.36925 8.54201 8.74038 8.91754 7.94836 7.94843
 7.94867 7.94945 7.95159 7.95658 7.96661 7.98411 8.01061 8.04539 8.08481 8.12302
 8.15374 8.17222 8.17650 8.16769 8.14921 8.12556 8.10102 8.07882 8.06094 8.04827
 8.04095 8.03858 8.04035 8.04509 8.05144 8.05808 8.06399 8.06858 8.07174 8.07370
 8.07482 8.07547 8.07595 8.07648 8.07729 8.07862 8.08076 8.08403 8.08864 8.09469
 8.10211 8.11071 8.12043 8.13186 8.14784 8.17632 8.23281 8.33556 8.48922 8.67401
 8.85176 7.94836 7.94843 7.94867 7.94945 7.95159 7.95658 7.96661 7.98411 8.01061
 8.04539 8.08481 8.12302 8.15374 8.17222 8.17650 8.16769 8.14921 8.12556 8.10102
 8.07882 8.06094 8.04827 8.04095 8.03858 8.04035 8.04509 8.05144 8.05808 8.06399
 8.06858 8.07174 8.07370 8.07482 8.07547 8.07595 8.07648 8.07729 8.07862 8.08076
 8.08403 8.08864 8.09469 8.10210 8.11070 8.12035 8.13148 8.14631 8.17122 8.21913
 8.30677 8.44194 8.61155 8.78472 7.94836 7.94843 7.94867 7.94945 7.95159 7.95658
 7.96661 7.98411 8.01061 8.04539 8.08481 8.12302 8.15374 8.17222 8.17650 8.16769
 8.14921 8.12556 8.10102 8.07882 8.06094 8.04827 8.04095 8.03858 8.04035 8.04509
 8.05144 8.05808 8.06399 8.06858 8.07174 8.07370 8.07482 8.07547 8.07595 8.07648
 8.07729 8.07862 8.08076 8.08403 8.08864 8.09469 8.10210 8.11069 8.12029 8.13119
 8.14509 8.16713 8.20795 8.28244 8.40018 8.55372 8.71863 7.94836 7.94843 7.94867
 7.94945 7.95159 7.95658 7.96661 7.98411 8.01061 8.04539 8.08481 8.12302 8.15374
 8.17222 8.17650 8.16769 8.14921 8.12556 8.10102 8.07882 8.06094 8.04827 8.04095
 8.03858 8.04035 8.04509 8.05144 8.05808 8.06399 8.06858 8.07174 8.07370 8.07482
 8.07547 8.07595 8.07648 8.07729 8.07862 8.08076 8.08403 8.08864 8.09469 8.10210
 8.11069 8.12025 8.13095 8.14412 8.16385 8.19885 8.26208 8.36379 8.50103 8.65510
 7.94836 7.94843 7.94867 7.94945 7.95159 7.95658 7.96661 7.98411 8.01061 8.04539
 8.08481 8.12302 8.15374 8.17222 8.17650 8.16769 8.14921 8.12556 8.10102 8.07882
 8.06094 8.04827 8.04095 8.03858 8.04035 8.04509 8.05144 8.05808 8.06399 8.06858
 8.07174 8.07370 8.07482 8.07547 8.07595 8.07648 8.07729 8.07862 8.08076 8.08403
 8.08864 8.09469 8.10210 8.11068 8.12021 8.13076 8.14335 8.16123 8.19149 8.24519
 8.33249 8.45373 8.59530 7.94836 7.94843 7.94867 7.94945 7.95159 7.95658 7.96661
 7.98411 8.01061 8.04539 8.08481 8.12302 8.15374 8.17222 8.17650 8.16769 8.14921
 8.12556 8.10102 8.07882 8.06094 8.04827 8.04095 8.03858 8.04035 8.04509 8.05144
 8.05808 8.06399 8.06858 8.07174 8.07370 8.07482 8.07547 8.07595 8.07648 8.07729
 8.07862 8.08076 8.08403 8.08864 8.09469 8.10210 8.11068 8.12018 8.13061 8.14274
 8.15914 8.18555 8.23128 8.30587 8.41188 8.54003 7.94836 7.94843 7.94867 7.94945
 7.95159 7.95658 7.96661 7.98411 8.01061 8.04539 8.08481 8.12302 8.15374 8.17222
 8.17650 8.16769 8.14921 8.12556 8.10102 8.07882 8.06094 8.04827 8.04095 8.03858
 8.04035 8.04509 8.05144 8.05808 8.06399 8.06858 8.07174 8.07370 8.07482 8.07547
 8.07595 8.07648 8.07729 8.07862 8.08076 8.08403 8.08864 8.09469 8.10210 8.11067
 8.12016 8.13049 8.14225 8.15747 8.18077 8.21990 8.28347 8.37537 8.48981 7.94836
 7.94843 7.94867 7.94945 7.95159 7.95658 7.96661 7.98411 8.01061 8.04539 8.08481
 8.12302 8.15374 8.17222 8.17650 8.16769 8.14921 8.12556 8.10102 8.07882 8.06094
 8.04827 8.04095 8.03858 8.04035 8.04509 8.05144 8.05808 8.06399 8.06858 8.07174
 8.07370 8.07482 8.07547 8.07595 8.07648 8.07729 8.07862 8.08076 8.08403 8.08864
 8.09469 8.10210 8.11067 8.12014 8.13040 8.14186 8.15613 8.17694 8.21064 8.26480
 8.34392 8.44490 7.94836 7.94843 7.94867 7.94945 7.95159 7.95658 7.96661 7.98411
 8.01061 8.04539 8.08481 8.12302 8.15374 8.17222 8.17650 8.16769 8.14921 8.12556
 8.10102 8.07882 8.06094 8.04827 8.04095 8.03858 8.04035 8.04509 8.05144 8.05808
 8.06399 8.06858 8.07174 8.07370 8.07482 8.07547 8.07595 8.07648 8.07729 8.07862
 8.08076 8.08403 8.08864 8.09469 8.10210 8.11067 8.12012 8.13032 8.14155 8.15507
 8.17387 8.20314 8.24937 8.31716 8.40533 7.94836 7.94843 7.94867 7.94945 7.95159
 7.95658 7.96661 7.98411 8.01061 8.04539 8.08481 8.12302 8.15374 8.17222 8.17650
 8.16769 8.14921 8.12556 8.10102 8.07882 8.06094 8.04827 8.04095 8.03858 8.04035
 8.04509 8.05144 8.05808 8.06399 8.06858 8.07174 8.07370 8.07482 8.07547 8.07595
 8.07648 8.07729 8.07862 8.08076 8.08403 8.08864 8.09469 8.10210 8.11066 8.12011
 8.13026 8.14131 8.15423 8.17142 8.19709 8.23671 8.29463 8.37095
