 1.00 1.05 1.10 1.15 1.20 1.25 1.30 1.35 1.40 1.45
 1.50 1.55 1.60 1.65 1.70 1.75 1.80 1.85 1.90 1.95
 2.00 2.05 2.10 2.15 2.20 2.25 2.30 2.35 2.40 2.45
 2.50 2.55 2.60 2.65 2.70 2.75 2.80 2.85 2.90 2.95
 3.00 3.05 3.10 3.15 3.20 3.25 3.30 3.35 3.40 3.45
 3.50 3.55 3.60
-2.00-1.80-1.60-1.40-1.20-1.00-0.80-0.60-0.40-0.20
 0.00 0.20 0.40 0.60 0.80 1.00 1.20 1.40 1.60 1.80
 2.00 2.20 2.40 2.60 2.80 3.00
 0.39999 0.39993 0.39971 0.39899 0.39703 0.39249 0.38353 0.36838 0.34658 0.31990
 0.29214 0.26754 0.24927 0.23889 0.23654 0.24139 0.25188 0.26598 0.28144 0.29620
 0.30865 0.31779 0.32319 0.32496 0.32363 0.32012 0.31547 0.31069 0.30649 0.30327
 0.30107 0.29971 0.29894 0.29850 0.29817 0.29780 0.29725 0.29634 0.29488 0.29267
 0.28958 0.28556 0.28057 0.27396 0.26168 0.23048 0.16804 0.10539 0.07509 0.07034
 0.09143 0.18692 0.32886 0.39999 0.39993 0.39971 0.39899 0.39703 0.39249 0.38353
 0.36838 0.34658 0.31990 0.29214 0.26754 0.24927 0.23889 0.23654 0.24139 0.25188
 0.26598 0.28144 0.29620 0.30865 0.31779 0.32319 0.32496 0.32363 0.32012 0.31547
 0.31069 0.30649 0.30327 0.30107 0.29971 0.29894 0.29850 0.29817 0.29780 0.29725
 0.29634 0.29488 0.29267 0.28958 0.28556 0.28061 0.27423 0.26322 0.23643 0.17985
 0.11566 0.08019 0.07158 0.08541 0.15750 0.30075 0.39999 0.39993 0.39971 0.39899
 0.39703 0.39249 0.38353 0.36838 0.34658 0.31990 0.29214 0.26754 0.24927 0.23889
 0.23654 0.24139 0.25188 0.26598 0.28144 0.29620 0.30865 0.31779 0.32319 0.32496
 0.32363 0.32012 0.31547 0.31069 0.30649 0.30327 0.30107 0.29971 0.29894 0.29850
 0.29817 0.29780 0.29725 0.29634 0.29488 0.29267 0.28958 0.28557 0.28064 0.27444
 0.26446 0.24142 0.19090 0.12670 0.08625 0.07362 0.08188 0.13443 0.26776 0.39999
 0.39993 0.39971 0.39899 0.39703 0.39249 0.38353 0.36838 0.34658 0.31990 0.29214
 0.26754 0.24927 0.23889 0.23654 0.24139 0.25188 0.26598 0.28144 0.29620 0.30865
 0.31779 0.32319 0.32496 0.32363 0.32012 0.31547 0.31069 0.30649 0.30327 0.30107
 0.29971 0.29894 0.29850 0.29817 0.29780 0.29725 0.29634 0.29488 0.29267 0.28958
 0.28557 0.28066 0.27461 0.26545 0.24556 0.20100 0.13829 0.09332 0.07646 0.08017
 0.11758 0.23267 0.39999 0.39993 0.39971 0.39899 0.39703 0.39249 0.38353 0.36838
 0.34658 0.31990 0.29214 0.26754 0.24927 0.23889 0.23654 0.24139 0.25188 0.26598
 0.28144 0.29620 0.30865 0.31779 0.32319 0.32496 0.32363 0.32012 0.31547 0.31069
 0.30649 0.30327 0.30107 0.29971 0.29894 0.29850 0.29817 0.29780 0.29725 0.29634
 0.29488 0.29267 0.28958 0.28557 0.28068 0.27474 0.26625 0.24897 0.21004 0.15012
 0.10139 0.08014 0.07983 0.10599 0.19903 0.39999 0.39993 0.39971 0.39899 0.39703
 0.39249 0.38353 0.36838 0.34658 0.31990 0.29214 0.26754 0.24927 0.23889 0.23654
 0.24139 0.25188 0.26598 0.28144 0.29620 0.30865 0.31779 0.32319 0.32496 0.32363
 0.32012 0.31547 0.31069 0.30649 0.30327 0.30107 0.29971 0.29894 0.29850 0.29817
 0.29780 0.29725 0.29634 0.29488 0.29267 0.28958 0.28557 0.28069 0.27485 0.26688
 0.25176 0.21797 0.16189 0.11043 0.08469 0.08059 0.09847 0.16988 0.39999 0.39993
 0.39971 0.39899 0.39703 0.39249 0.38353 0.36838 0.34658 0.31990 0.29214 0.26754
 0.24927 0.23889 0.23654 0.24139 0.25188 0.26598 0.28144 0.29620 0.30865 0.31779
 0.32319 0.32496 0.32363 0.32012 0.31547 0.31069 0.30649 0.30327 0.30107 0.29971
 0.29894 0.29850 0.29817 0.29780 0.29725 0.29634 0.29488 0.29267 0.28958 0.28557
 0.28070 0.27494 0.26739 0.25403 0.22482 0.17331 0.12032 0.09018 0.08231 0.09394
 0.14677 0.39999 0.39993 0.39971 0.39899 0.39703 0.39249 0.38353 0.36838 0.34658
 0.31990 0.29214 0.26754 0.24927 0.23889 0.23654 0.24139 0.25188 0.26598 0.28144
 0.29620 0.30865 0.31779 0.32319 0.32496 0.32363 0.32012 0.31547 0.31069 0.30649
 0.30327 0.30107 0.29971 0.29894 0.29850 0.29817 0.29780 0.29725 0.29634 0.29488
 0.29267 0.28958 0.28557 0.28071 0.27500 0.26779 0.25587 0.23065 0.18409 0.13089
 0.09662 0.08494 0.09161 0.12979 0.39999 0.39993 0.39971 0.39899 0.39703 0.39249
 0.38353 0.36838 0.34658 0.31990 0.29214 0.26754 0.24927 0.23889 0.23654 0.24139
 0.25188 0.26598 0.28144 0.29620 0.30865 0.31779 0.32319 0.32496 0.32363 0.32012
 0.31547 0.31069 0.30649 0.30327 0.30107 0.29971 0.29894 0.29850 0.29817 0.29780
 0.29725 0.29634 0.29488 0.29267 0.28958 0.28557 0.28072 0.27506 0.26811 0.25735
 0.23554 0.19404 0.14189 0.10404 0.08845 0.09093 0.11809 0.39999 0.39993 0.39971
 0.39899 0.39703 0.39249 0.38353 0.36838 0.34658 0.31990 0.29214 0.26754 0.24927
 0.23889 0.23654 0.24139 0.25188 0.26598 0.28144 0.29620 0.30865 0.31779 0.32319
 0.32496 0.32363 0.32012 0.31547 0.31069 0.30649 0.30327 0.30107 0.29971 0.29894
 0.29850 0.29817 0.29780 0.29725 0.29634 0.29488 0.29267 0.28958 0.28557 0.28072
 0.27510 0.26837 0.25854 0.23961 0.20301 0.15304 0.11237 0.09288 0.09155 0.11052
 0.39999 0.39993 0.39971 0.39899 0.39703 0.39249 0.38353 0.36838 0.34658 0.31990
 0.29214 0.26754 0.24927 0.23889 0.23654 0.24139 0.25188 0.26598 0.28144 0.29620
 0.30865 0.31779 0.32319 0.32496 0.32363 0.32012 0.31547 0.31069 0.30649 0.30327
 0.30107 0.29971 0.29894 0.29850 0.29817 0.29780 0.29725 0.29634 0.29488 0.29267
 0.28958 0.28557 0.28073 0.27513 0.26857 0.25949 0.24297 0.21095 0.16406 0.12152
 0.09823 0.09329 0.10606 0.39999 0.39993 0.39971 0.39899 0.39703 0.39249 0.38353
 0.36838 0.34658 0.31990 0.29214 0.26754 0.24927 0.23889 0.23654 0.24139 0.25188
 0.26598 0.28144 0.29620 0.30865 0.31779 0.32319 0.32496 0.32363 0.32012 0.31547
 0.31069 0.30649 0.30327 0.30107 0.29971 0.29894 0.29850 0.29817 0.29780 0.29725
 0.29634 0.29488 0.29267 0.28958 0.28558 0.28073 0.27516 0.26874 0.26025 0.24572
 0.21785 0.17466 0.13132 0.10452 0.09603 0.10389 0.39999 0.39993 0.39971 0.39899
 0.39703 0.39249 0.38353 0.36838 0.34658 0.31990 0.29214 0.26754 0.24927 0.23889
 0.23654 0.24139 0.25188 0.26598 0.28144 0.29620 0.30865 0.31779 0.32319 0.32496
 0.32363 0.32012 0.31547 0.31069 0.30649 0.30327 0.30107 0.29971 0.29894 0.29850
 0.29817 0.29780 0.29725 0.29634 0.29488 0.29267 0.28958 0.28558 0.28073 0.27518
 0.26887 0.26086 0.24796 0.22375 0.18460 0.14156 0.11171 0.09973 0.10347 0.39999
 0.39993 0.39971 0.39899 0.39703 0.39249 0.38353 0.36838 0.34658 0.31990 0.29214
 0.26754 0.24927 0.23889 0.23654 0.24139 0.25188 0.26598 0.28144 0.29620 0.30865
 0.31779 0.32319 0.32496 0.32363 0.32012 0.31547 0.31069 0.30649 0.30327 0.30107
 0.29971 0.29894 0.29850 0.29817 0.29780 0.29725 0.29634 0.29488 0.29267 0.28958
 0.28558 0.28074 0.27520 0.26897 0.26135 0.24977 0.22873 0.19371 0.15197 0.11973
 0.10437 0.10445 0.39999 0.39993 0.39971 0.39899 0.39703 0.39249 0.38353 0.36838
 0.34658 0.31990 0.29214 0.26754 0.24927 0.23889 0.23654 0.24139 0.25188 0.26598
 0.28144 0.29620 0.30865 0.31779 0.32319 0.32496 0.32363 0.32012 0.31547 0.31069
 0.30649 0.30327 0.30107 0.29971 0.29894 0.29850 0.29817 0.29780 0.29725 0.29634
 0.29488 0.29267 0.28958 0.28558 0.28074 0.27521 0.26905 0.26174 0.25123 0.23288
 0.20189 0.16228 0.12846 0.10992 0.10662 0.39999 0.39993 0.39971 0.39899 0.39703
 0.39249 0.38353 0.36838 0.34658 0.31990 0.29214 0.26754 0.24927 0.23889 0.23654
 0.24139 0.25188 0.26598 0.28144 0.29620 0.30865 0.31779 0.32319 0.32496 0.32363
 0.32012 0.31547 0.31069 0.30649 0.30327 0.30107 0.29971 0.29894 0.29850 0.29817
 0.29780 0.29725 0.29634 0.29488 0.29267 0.28958 0.28558 0.28074 0.27522 0.26912
 0.26205 0.25240 0.23632 0.20907 0.17223 0.13772 0.11636 0.10984 0.39999 0.39993
 0.39971 0.39899 0.39703 0.39249 0.38353 0.36838 0.34658 0.31990 0.29214 0.26754
 0.24927 0.23889 0.23654 0.24139 0.25188 0.26598 0.28144 0.29620 0.30865 0.31779
 0.32319 0.32496 0.32363 0.32012 0.31547 0.31069 0.30649 0.30327 0.30107 0.29971
 0.29894 0.29850 0.29817 0.29780 0.29725 0.29634 0.29488 0.29267 0.28958 0.28558
 0.28074 0.27523 0.26917 0.26230 0.25335 0.23915 0.21529 0.18158 0.14729 0.12359
 0.11404 0.39999 0.39993 0.39971 0.39899 0.39703 0.39249 0.38353 0.36838 0.34658
 0.31990 0.29214 0.26754 0.24927 0.23889 0.23654 0.24139 0.25188 0.26598 0.28144
 0.29620 0.30865 0.31779 0.32319 0.32496 0.32363 0.32012 0.31547 0.31069 0.30649
 0.30327 0.30107 0.29971 0.29894 0.29850 0.29817 0.29780 0.29725 0.29634 0.29488
 0.29267 0.28958 0.28558 0.28074 0.27524 0.26921 0.26249 0.25410 0.24145 0.22058
 0.19017 0.15690 0.13150 0.11915 0.39999 0.39993 0.39971 0.39899 0.39703 0.39249
 0.38353 0.36838 0.34658 0.31990 0.29214 0.26754 0.24927 0.23889 0.23654 0.24139
 0.25188 0.26598 0.28144 0.29620 0.30865 0.31779 0.32319 0.32496 0.32363 0.32012
 0.31547 0.31069 0.30649 0.30327 0.30107 0.29971 0.29894 0.29850 0.29817 0.29780
 0.29725 0.29634 0.29488 0.29267 0.28958 0.28558 0.28074 0.27524 0.26924 0.26265
 0.25471 0.24331 0.22504 0.19788 0.16630 0.13992 0.12510 0.39999 0.39993 0.39971
 0.39899 0.39703 0.39249 0.38353 0.36838 0.34658 0.31990 0.29214 0.26754 0.24927
 0.23889 0.23654 0.24139 0.25188 0.26598 0.28144 0.29620 0.30865 0.31779 0.32319
 0.32496 0.32363 0.32012 0.31547 0.31069 0.30649 0.30327 0.30107 0.29971 0.29894
 0.29850 0.29817 0.29780 0.29725 0.29634 0.29488 0.29267 0.28958 0.28558 0.28074
 0.27525 0.26927 0.26277 0.25519 0.24482 0.22875 0.20468 0.17527 0.14864 0.13179
 0.39999 0.39993 0.39971 0.39899 0.39703 0.39249 0.38353 0.36838 0.34658 0.31990
 0.29214 0.26754 0.24927 0.23889 0.23654 0.24139 0.25188 0.26598 0.28144 0.29620
 0.30865 0.31779 0.32319 0.32496 0.32363 0.32012 0.31547 0.31069 0.30649 0.30327
 0.30107 0.29971 0.29894 0.29850 0.29817 0.29780 0.29725 0.29634 0.29488 0.29267
 0.28958 0.28558 0.28074 0.27525 0.26929 0.26287 0.25557 0.24604 0.23181 0.21057
 0.18361 0.15742 0.13907 0.39999 0.39993 0.39971 0.39899 0.39703 0.39249 0.38353
 0.36838 0.34658 0.31990 0.29214 0.26754 0.24927 0.23889 0.23654 0.24139 0.25188
 0.26598 0.28144 0.29620 0.30865 0.31779 0.32319 0.32496 0.32363 0.32012 0.31547
 0.31069 0.30649 0.30327 0.30107 0.29971 0.29894 0.29850 0.29817 0.29780 0.29725
 0.29634 0.29488 0.29267 0.28958 0.28558 0.28074 0.27525 0.26930 0.26295 0.25588
 0.24701 0.23431 0.21559 0.19119 0.16603 0.14677 0.39999 0.39993 0.39971 0.39899
 0.39703 0.39249 0.38353 0.36838 0.34658 0.31990 0.29214 0.26754 0.24927 0.23889
 0.23654 0.24139 0.25188 0.26598 0.28144 0.29620 0.30865 0.31779 0.32319 0.32496
 0.32363 0.32012 0.31547 0.31069 0.30649 0.30327 0.30107 0.29971 0.29894 0.29850
 0.29817 0.29780 0.29725 0.29634 0.29488 0.29267 0.28958 0.28558 0.28074 0.27526
 0.26932 0.26301 0.25612 0.24780 0.23635 0.21982 0.19794 0.17426 0.15468 0.39999
 0.39993 0.39971 0.39899 0.39703 0.39249 0.38353 0.36838 0.34658 0.31990 0.29214
 0.26754 0.24927 0.23889 0.23654 0.24139 0.25188 0.26598 0.28144 0.29620 0.30865
 0.31779 0.32319 0.32496 0.32363 0.32012 0.31547 0.31069 0.30649 0.30327 0.30107
 0.29971 0.29894 0.29850 0.29817 0.29780 0.29725 0.29634 0.29488 0.29267 0.28958
 0.28558 0.28074 0.27526 0.26933 0.26306 0.25632 0.24842 0.23801 0.22334 0.20384
 0.18192 0.16257 0.39999 0.39993 0.39971 0.39899 0.39703 0.39249 0.38353 0.36838
 0.34658 0.31990 0.29214 0.26754 0.24927 0.23889 0.23654 0.24139 0.25188 0.26598
 0.28144 0.29620 0.30865 0.31779 0.32319 0.32496 0.32363 0.32012 0.31547 0.31069
 0.30649 0.30327 0.30107 0.29971 0.29894 0.29850 0.29817 0.29780 0.29725 0.29634
 0.29488 0.29267 0.28958 0.28558 0.28074 0.27526 0.26933 0.26310 0.25647 0.24892
 0.23934 0.22625 0.20891 0.18889 0.17024 0.39999 0.39993 0.39971 0.39899 0.39703
 0.39249 0.38353 0.36838 0.34658 0.31990 0.29214 0.26754 0.24927 0.23889 0.23654
 0.24139 0.25188 0.26598 0.28144 0.29620 0.30865 0.31779 0.32319 0.32496 0.32363
 0.32012 0.31547 0.31069 0.30649 0.30327 0.30107 0.29971 0.29894 0.29850 0.29817
 0.29780 0.29725 0.29634 0.29488 0.29267 0.28958 0.28558 0.28074 0.27526 0.26934
 0.26313 0.25659 0.24932 0.24041 0.22864 0.21321 0.19510 0.17750

