T(K)  p(mbar)  mu(amu)  mean cp(kJ/kg/K)
       75.000000    0.0010000000       2.5761596       11.509258
       75.000000    0.0030000000       2.5761606       11.509255
       75.000000     0.010000000       2.5761595       11.509258
       75.000000     0.030000000       2.5761606       11.509255
       75.000000      0.10000000       2.5761595       11.509258
       75.000000      0.30000000       2.5761606       11.509255
       75.000000       1.0000000       2.5761595       11.509258
       75.000000       3.0000000       2.5761606       11.509255
       75.000000       10.000000       2.5761595       11.509258
       75.000000       30.000000       2.5761606       11.509255
       75.000000       100.00000       2.5761595       11.509258
       75.000000       300.00000       2.5761606       11.509255
       75.000000       1000.0000       2.4882911       12.069305
       75.000000       3000.0000       2.4050371       12.655835
       75.000000       10000.000       2.3756546       12.877445
       100.00000    0.0010000000       2.5918929       11.091979
       100.00000    0.0030000000       2.5814086       11.091979
       100.00000     0.010000000       2.5777354       11.091979
       100.00000     0.030000000       2.5766856       11.091979
       100.00000      0.10000000       2.5763181       11.091979
       100.00000      0.30000000       2.5762131       11.091979
       100.00000       1.0000000       2.5761763       11.091979
       100.00000       3.0000000       2.5761658       11.091979
       100.00000       10.000000       2.5761622       11.091979
       100.00000       30.000000       2.5761611       11.091979
       100.00000       100.00000       2.5761607       11.091979
       100.00000       300.00000       2.5761606       11.091979
       100.00000       1000.0000       2.5761606       11.091979
       100.00000       3000.0000       2.5761606       11.091979
       100.00000       10000.000       2.5761606       11.091979
       100.00000       30000.000       2.5117164       11.477859
       110.00000    0.0010000000       2.6422634       11.041201
       110.00000    0.0030000000       2.6422622       11.041203
       110.00000     0.010000000       2.6197725       11.041201
       110.00000     0.030000000       2.5907261       11.041203
       110.00000      0.10000000       2.5805337       11.041201
       110.00000      0.30000000       2.5776175       11.041203
       110.00000       1.0000000       2.5765980       11.041201
       110.00000       3.0000000       2.5763053       11.041203
       110.00000       10.000000       2.5762043       11.041201
       110.00000       30.000000       2.5761741       11.041203
       110.00000       100.00000       2.5761650       11.041201
       110.00000       300.00000       2.5761610       11.041203
       110.00000       1000.0000       2.5761610       11.041201
       110.00000       3000.0000       2.5761597       11.041203
       110.00000       10000.000       2.5761606       11.041201
       110.00000       30000.000       2.5761595       11.041203
       110.00000       100000.00       2.4800914       11.622906
       120.00000    0.0010000000       2.6422726       11.044341
       120.00000    0.0030000000       2.6422666       11.044338
       120.00000     0.010000000       2.6422632       11.044341
       120.00000     0.030000000       2.6422635       11.044338
       120.00000      0.10000000       2.6422622       11.044341
       120.00000      0.30000000       2.5993947       11.044338
       120.00000       1.0000000       2.5831376       11.044341
       120.00000       3.0000000       2.5784874       11.044338
       120.00000       10.000000       2.5768576       11.044341
       120.00000       30.000000       2.5763933       11.044338
       120.00000       100.00000       2.5762293       11.044341
       120.00000       300.00000       2.5761839       11.044338
       120.00000       1000.0000       2.5761665       11.044341
       120.00000       3000.0000       2.5761629       11.044338
       120.00000       10000.000       2.5761602       11.044341
       120.00000       30000.000       2.5761608       11.044338
       120.00000       100000.00       2.5761596       11.044341
       130.00000    0.0010000000       2.6426310       11.093089
       130.00000    0.0030000000       2.6423861       11.093092
       130.00000     0.010000000       2.6422990       11.093097
       130.00000     0.030000000       2.6422754       11.093095
       130.00000      0.10000000       2.6422658       11.093098
       130.00000      0.30000000       2.6422644       11.093095
       130.00000       1.0000000       2.6422625       11.093098
       130.00000       3.0000000       2.6003738       11.093095
       130.00000       10.000000       2.5834319       11.093098
       130.00000       30.000000       2.5785856       11.093095
       130.00000       100.00000       2.5768871       11.093098
       130.00000       300.00000       2.5764031       11.093095
       130.00000       1000.0000       2.5762323       11.093098
       130.00000       3000.0000       2.5761848       11.093095
       130.00000       10000.000       2.5761668       11.093098
       130.00000       30000.000       2.5761630       11.093095
       130.00000       100000.00       2.5761603       11.093098
       140.00000    0.0010000000       2.6500676       11.178909
       140.00000    0.0030000000       2.6448652       11.179086
       140.00000     0.010000000       2.6430437       11.179148
       140.00000     0.030000000       2.6425235       11.179165
       140.00000      0.10000000       2.6423412       11.179172
       140.00000      0.30000000       2.6422893       11.179173
       140.00000       1.0000000       2.6422709       11.179174
       140.00000       3.0000000       2.6422659       11.179174
       140.00000       10.000000       2.6302116       11.179174
       140.00000       30.000000       2.5942221       11.179174
       140.00000       100.00000       2.5815839       11.179174
       140.00000       300.00000       2.5779688       11.179174
       140.00000       1000.0000       2.5767031       11.179174
       140.00000       3000.0000       2.5763414       11.179174
       140.00000       10000.000       2.5762148       11.179174
       140.00000       30000.000       2.5761787       11.179174
       140.00000       100000.00       2.5761660       11.179174
       150.00000    0.0010000000       2.6692333       11.290312
       150.00000    0.0030000000       2.6690042       11.292858
       150.00000     0.010000000       2.6532329       11.293805
       150.00000     0.030000000       2.6459304       11.294109
       150.00000      0.10000000       2.6433624       11.294231
       150.00000      0.30000000       2.6426299       11.294262
       150.00000       1.0000000       2.6423721       11.294277
       150.00000       3.0000000       2.6422998       11.294277
       150.00000       10.000000       2.6422731       11.294281
       150.00000       30.000000       2.6422668       11.294279
       150.00000       100.00000       2.6070415       11.294282
       150.00000       300.00000       2.5864691       11.294279
       150.00000       1000.0000       2.5792537       11.294282
       150.00000       3000.0000       2.5771921       11.294279
       150.00000       10000.000       2.5764690       11.294282
       150.00000       30000.000       2.5762637       11.294279
       150.00000       100000.00       2.5761905       11.294282
       160.00000    0.0010000000       2.6791052       11.365578
       160.00000    0.0030000000       2.6715774       11.410117
       160.00000     0.010000000       2.6689624       11.425709
       160.00000     0.030000000       2.6682523       11.430135
       160.00000      0.10000000       2.6525970       11.431370
       160.00000      0.30000000       2.6454380       11.431201
       160.00000       1.0000000       2.6431993       11.430451
       160.00000       3.0000000       2.6425996       11.430138
       160.00000       10.000000       2.6423732       11.430105
       160.00000       30.000000       2.6423004       11.430109
       160.00000       100.00000       2.6422744       11.430111
       160.00000       300.00000       2.6233426       11.430111
       160.00000       1000.0000       2.5903474       11.430112
       160.00000       3000.0000       2.5808927       11.430112
       160.00000       10000.000       2.5775805       11.430112
       160.00000       30000.000       2.5766339       11.430112
       160.00000       100000.00       2.5763026       11.430112
       170.00000    0.0010000000       2.7764307       10.960506
       170.00000    0.0030000000       2.7041893       11.364843
       170.00000     0.010000000       2.6787402       11.515021
       170.00000     0.030000000       2.6714554       11.558802
       170.00000      0.10000000       2.6689025       11.574224
       170.00000      0.30000000       2.6681816       11.578618
       170.00000       1.0000000       2.6499161       11.580037
       170.00000       3.0000000       2.6442572       11.580293
       170.00000       10.000000       2.6424690       11.579890
       170.00000       30.000000       2.6422374       11.579112
       170.00000       100.00000       2.6422992       11.578451
       170.00000       300.00000       2.6422904       11.578374
       170.00000       1000.0000       2.6304284       11.578375
       170.00000       3000.0000       2.5942953       11.578376
       170.00000       10000.000       2.5816058       11.578376
       170.00000       30000.000       2.5779761       11.578376
       170.00000       100000.00       2.5767053       11.578376
       180.00000    0.0010000000       3.0748561       9.6935422
       180.00000    0.0030000000       2.9373064       10.292499
       180.00000     0.010000000       2.7497094       11.251612
       180.00000     0.030000000       2.6952520       11.567202
       180.00000      0.10000000       2.6760992       11.682750
       180.00000      0.30000000       2.6706187       11.716271
       180.00000       1.0000000       2.6686991       11.728058
       180.00000       3.0000000       2.6589622       11.731430
       180.00000       10.000000       2.6466685       11.732476
       180.00000       30.000000       2.6432114       11.732631
       180.00000       100.00000       2.6421459       11.732316
       180.00000       300.00000       2.6421264       11.731534
       180.00000       1000.0000       2.6423154       11.730776
       180.00000       3000.0000       2.6359644       11.730612
       180.00000       10000.000       2.5942001       11.730595
       180.00000       30000.000       2.5822204       11.730598
       180.00000       100000.00       2.5780241       11.730595
       190.00000    0.0010000000       3.0755142       9.8091584
       190.00000    0.0030000000       3.0755295       9.8091070
       190.00000     0.010000000       3.0755290       9.8091080
       190.00000     0.030000000       2.8333711       10.936541
       190.00000      0.10000000       2.7182004       11.577141
       190.00000      0.30000000       2.6849707       11.777190
       190.00000       1.0000000       2.6733065       11.849168
       190.00000       3.0000000       2.6699712       11.869928
       190.00000       10.000000       2.6686596       11.877198
       190.00000       30.000000       2.6507686       11.879145
       190.00000       100.00000       2.6445622       11.879671
       190.00000       300.00000       2.6429496       11.879407
       190.00000       1000.0000       2.6427216       11.878431
       190.00000       3000.0000       2.6428305       11.877745
       190.00000       10000.000       2.6289754       11.877514
       190.00000       30000.000       2.5941636       11.877498
       190.00000       100000.00       2.5819373       11.877498
       200.00000    0.0010000000       3.0756203       9.9163022
       200.00000    0.0030000000       3.0756255       9.9164455
       200.00000     0.010000000       3.0756245       9.9164640
       200.00000     0.030000000       3.0756250       9.9164635
       200.00000      0.10000000       2.9183766       10.627546
       200.00000      0.30000000       2.7526178       11.506604
       200.00000       1.0000000       2.6937359       11.857599
       200.00000       3.0000000       2.6768301       11.962633
       200.00000       10.000000       2.6709032       11.999922
       200.00000       30.000000       2.6692606       12.010486
       200.00000       100.00000       2.6535329       12.014140
       200.00000       300.00000       2.6459587       12.014746
       200.00000       1000.0000       2.6436321       12.014079
       200.00000       3000.0000       2.6431926       12.013303
       200.00000       10000.000       2.6430267       12.013057
       200.00000       30000.000       2.6225393       12.013032
       200.00000       100000.00       2.5905298       12.013035
       210.00000    0.0010000000       3.0755293       10.007515
       210.00000    0.0030000000       3.0756170       10.009163
       210.00000     0.010000000       3.0756241       10.009367
       210.00000     0.030000000       3.0756235       10.009387
       210.00000      0.10000000       3.0756107       10.009449
       210.00000      0.30000000       3.0281605       10.215416
       210.00000       1.0000000       2.7781034       11.471104
       210.00000       3.0000000       2.7051174       11.902588
       210.00000       10.000000       2.6794145       12.062905
       210.00000       30.000000       2.6720960       12.109551
       210.00000       100.00000       2.6695562       12.125925
       210.00000       300.00000       2.6566524       12.130209
       210.00000       1000.0000       2.6467974       12.130914
       210.00000       3000.0000       2.6442524       12.130395
       210.00000       10000.000       2.6433484       12.130216
       210.00000       30000.000       2.6430837       12.130216
       210.00000       100000.00       2.6040406       12.130232
       220.00000    0.0010000000       3.0746407       10.073774
       220.00000    0.0030000000       3.0754890       10.087721
       220.00000     0.010000000       3.0756036       10.089580
       220.00000     0.030000000       3.0756248       10.089694
       220.00000      0.10000000       3.0756239       10.089715
       220.00000      0.30000000       3.0756253       10.089737
       220.00000       1.0000000       3.0756249       10.089761
       220.00000       3.0000000       2.8072786       11.401015
       220.00000       10.000000       2.7103107       11.969545
       220.00000       30.000000       2.6824175       12.144607
       220.00000       100.00000       2.6726553       12.207240
       220.00000       300.00000       2.6700051       12.224911
       220.00000       1000.0000       2.6570005       12.230361
       220.00000       3000.0000       2.6476231       12.231327
       220.00000       10000.000       2.6443687       12.231391
       220.00000       30000.000       2.6434246       12.231482
       220.00000       100000.00       2.6275529       12.231529
       230.00000    0.0010000000       3.0712576       10.090757
       230.00000    0.0030000000       3.0747284       10.146308
       230.00000     0.010000000       3.0755522       10.159647
       230.00000     0.030000000       3.0756050       10.161092
       230.00000      0.10000000       3.0756248       10.161199
       230.00000      0.30000000       3.0756257       10.161234
       230.00000       1.0000000       3.0756253       10.161259
       230.00000       3.0000000       3.0756249       10.161396
       230.00000       10.000000       2.8095157       11.471471
       230.00000       30.000000       2.7157335       12.023995
       230.00000       100.00000       2.6826765       12.232561
       230.00000       300.00000       2.6733371       12.293412
       230.00000       1000.0000       2.6703430       12.314278
       230.00000       3000.0000       2.6573963       12.319832
       230.00000       10000.000       2.6473088       12.321057
       230.00000       30000.000       2.6444048       12.321490
       230.00000       100000.00       2.6433795       12.321655
       240.00000    0.0010000000       3.0665339       10.086795
       240.00000    0.0030000000       3.0718115       10.163596
       240.00000     0.010000000       3.0750216       10.215554
       240.00000     0.030000000       3.0755618       10.224161
       240.00000      0.10000000       3.0756055       10.225314
       240.00000      0.30000000       3.0756231       10.225371
       240.00000       1.0000000       3.0756236       10.225411
       240.00000       3.0000000       3.0756248       10.225544
       240.00000       10.000000       3.0756233       10.225728
       240.00000       30.000000       2.8123292       11.530521
       240.00000       100.00000       2.7119069       12.126908
       240.00000       300.00000       2.6830847       12.310960
       240.00000       1000.0000       2.6732341       12.376414
       240.00000       3000.0000       2.6707313       12.395780
       240.00000       10000.000       2.6549834       12.400470
       240.00000       30000.000       2.6469679       12.401887
       240.00000       100000.00       2.6441470       12.402412
       250.00000    0.0010000000       3.0608847       10.111593
       250.00000    0.0030000000       3.0673707       10.154957
       250.00000     0.010000000       3.0730235       10.238859
       250.00000     0.030000000       3.0752227       10.274522
       250.00000      0.10000000       3.0755880       10.280709
       250.00000      0.30000000       3.0756071       10.281359
       250.00000       1.0000000       3.0756246       10.281389
       250.00000       3.0000000       3.0756254       10.281530
       250.00000       10.000000       3.0756248       10.281713
       250.00000       30.000000       3.0644738       10.332265
       250.00000       100.00000       2.7894588       11.727118
       250.00000       300.00000       2.7090958       12.214650
       250.00000       1000.0000       2.6810426       12.396730
       250.00000       3000.0000       2.6733221       12.452744
       250.00000       10000.000       2.6707314       12.467015
       250.00000       30000.000       2.6531433       12.471147
       250.00000       100000.00       2.6460013       12.472617
       260.00000    0.0010000000       3.0498732       10.177442
       260.00000    0.0030000000       3.0621418       10.165610
       260.00000     0.010000000       3.0691843       10.228112
       260.00000     0.030000000       3.0738660       10.299794
       260.00000      0.10000000       3.0754364       10.325425
       260.00000      0.30000000       3.0755961       10.328490
       260.00000       1.0000000       3.0756235       10.328826
       260.00000       3.0000000       3.0756239       10.328998
       260.00000       10.000000       3.0756253       10.329180
       260.00000       30.000000       3.0756512       10.330469
       260.00000       100.00000       2.9774198       10.785459
       260.00000       300.00000       2.7729313       11.882375
       260.00000       1000.0000       2.7002925       12.333915
       260.00000       3000.0000       2.6797424       12.478811
       260.00000       10000.000       2.6726577       12.516822
       260.00000       30000.000       2.6670002       12.527649
       260.00000       100000.00       2.6501606       12.531479
       260.00000       300000.00       2.6453468       12.532570
       270.00000    0.0010000000       3.0407944       10.243190
       270.00000    0.0030000000       3.0524960       10.214708
       270.00000     0.010000000       3.0646179       10.221798
       270.00000     0.030000000       3.0707880       10.292712
       270.00000      0.10000000       3.0747676       10.355251
       270.00000      0.30000000       3.0755344       10.367742
       270.00000       1.0000000       3.0756158       10.369482
       270.00000       3.0000000       3.0756337       10.369715
       270.00000       10.000000       3.0756368       10.369907
       270.00000       30.000000       3.0756504       10.371233
       270.00000       100.00000       3.0757051       10.372819
       270.00000       300.00000       2.9176932       11.131762
       270.00000       1000.0000       2.7444081       12.112435
       270.00000       3000.0000       2.6944820       12.453099
       270.00000       10000.000       2.6770950       12.545016
       270.00000       30000.000       2.6720806       12.571303
       270.00000       100000.00       2.6589278       12.580549
       270.00000       300000.00       2.6482693       12.583204
       275.00000    0.0010000000       3.0389715       10.265959
       275.00000    0.0030000000       3.0468650       10.247299
       275.00000     0.010000000       3.0614824       10.229987
       275.00000     0.030000000       3.0688277       10.284252
       275.00000      0.10000000       3.0740124       10.361725
       275.00000      0.30000000       3.0754122       10.384533
       275.00000       1.0000000       3.0756081       10.387898
       275.00000       3.0000000       3.0756324       10.388298
       275.00000       10.000000       3.0756343       10.388516
       275.00000       30.000000       3.0756352       10.389906
       275.00000       100.00000       3.0757183       10.391359
       275.00000       300.00000       3.0401417       10.558708
       275.00000       1000.0000       2.7822007       11.911559
       275.00000       3000.0000       2.7071741       12.410940
       275.00000       10000.000       2.6809130       12.548518
       275.00000       30000.000       2.6733567       12.588054
       275.00000       100000.00       2.6662087       12.601991
       275.00000       300000.00       2.6506984       12.605992
       280.00000    0.0010000000       3.0381353       10.284806
       280.00000    0.0030000000       3.0425967       10.276230
       280.00000     0.010000000       3.0572375       10.247690
       280.00000     0.030000000       3.0666736       10.278480
       280.00000      0.10000000       3.0729007       10.361449
       280.00000      0.30000000       3.0751924       10.398750
       280.00000       1.0000000       3.0755980       10.405258
       280.00000       3.0000000       3.0756339       10.405999
       280.00000       10.000000       3.0756365       10.406258
       280.00000       30.000000       3.0756370       10.407650
       280.00000       100.00000       3.0756931       10.409206
       280.00000       300.00000       3.0758363       10.415960
       280.00000       1000.0000       2.8273196       11.676704
       280.00000       3000.0000       2.7223940       12.355557
       280.00000       10000.000       2.6854893       12.547038
       280.00000       30000.000       2.6748887       12.602363
       280.00000       100000.00       2.6711583       12.621941
       280.00000       300000.00       2.6540550       12.627559
       290.00000    0.0010000000       3.0376322       10.316978
       290.00000    0.0030000000       3.0387611       10.317300
       290.00000     0.010000000       3.0469025       10.300774
       290.00000     0.030000000       3.0608946       10.285953
       290.00000      0.10000000       3.0696302       10.347525
       290.00000      0.30000000       3.0741870       10.414869
       290.00000       1.0000000       3.0754902       10.436102
       290.00000       3.0000000       3.0756361       10.438548
       290.00000       10.000000       3.0756347       10.439060
       290.00000       30.000000       3.0756474       10.440441
       290.00000       100.00000       3.0757057       10.441970
       290.00000       300.00000       3.0758248       10.448818
       290.00000       1000.0000       2.9670402       10.989809
       290.00000       3000.0000       2.7698778       12.161505
       290.00000       10000.000       2.6998462       12.513981
       290.00000       30000.000       2.6796873       12.618454
       290.00000       100000.00       2.6725989       12.655683
       290.00000       300000.00       2.6649105       12.666390
       300.00000    0.0010000000       3.0540293       10.270596
       300.00000    0.0030000000       3.0541688       10.272740
       300.00000     0.010000000       3.0546142       10.280147
       300.00000     0.030000000       3.0558339       10.299929
       300.00000      0.10000000       3.0591990       10.355364
       300.00000      0.30000000       3.0640449       10.436083
       300.00000       1.0000000       3.0669135       10.485098
       300.00000       3.0000000       3.0673529       10.492856
       300.00000       10.000000       3.0674251       10.493928
       300.00000       30.000000       3.0674264       10.495396
       300.00000       100.00000       3.0674268       10.497108
       300.00000       300.00000       3.0674266       10.504271
       300.00000       1000.0000       3.0674266       10.544460
       300.00000       3000.0000       2.8441647       11.839384
       300.00000       10000.000       2.7179754       12.442232
       300.00000       30000.000       2.6815328       12.628352
       300.00000       100000.00       2.6687375       12.695454
       300.00000       300000.00       2.6650776       12.714831
       310.00000    0.0010000000       3.0540024       10.293963
       310.00000    0.0030000000       3.0540540       10.295233
       310.00000     0.010000000       3.0543311       10.299264
       310.00000     0.030000000       3.0550333       10.310686
       310.00000      0.10000000       3.0571802       10.346139
       310.00000      0.30000000       3.0613771       10.415758
       310.00000       1.0000000       3.0659738       10.493699
       310.00000       3.0000000       3.0672241       10.515016
       310.00000       10.000000       3.0673932       10.518249
       310.00000       30.000000       3.0674283       10.519820
       310.00000       100.00000       3.0674279       10.521560
       310.00000       300.00000       3.0674286       10.528721
       310.00000       1000.0000       3.0674272       10.568914
       310.00000       3000.0000       2.9771531       11.311541
       310.00000       10000.000       2.7587866       12.271390
       310.00000       30000.000       2.6952272       12.587717
       310.00000       100000.00       2.6728554       12.704308
       310.00000       300000.00       2.6664522       12.738231
       320.00000    0.0010000000       3.0539989       10.314245
       320.00000    0.0030000000       3.0540272       10.314981
       320.00000     0.010000000       3.0541743       10.317367
       320.00000     0.030000000       3.0545951       10.323990
       320.00000      0.10000000       3.0559032       10.345897
       320.00000      0.30000000       3.0589569       10.396434
       320.00000       1.0000000       3.0642318       10.484535
       320.00000       3.0000000       3.0668597       10.529746
       320.00000       10.000000       3.0673551       10.538689
       320.00000       30.000000       3.0674242       10.540850
       320.00000       100.00000       3.0674274       10.542658
       320.00000       300.00000       3.0674274       10.549828
       320.00000       1000.0000       3.0674266       10.590020
       320.00000       3000.0000       3.0674272       10.993990
       320.00000       10000.000       2.8240285       11.992262
       320.00000       30000.000       2.7172198       12.501470
       320.00000       100000.00       2.6794782       12.695702
       320.00000       300000.00       2.6686620       12.752896
       330.00000    0.0010000000       3.0539941       10.332678
       330.00000    0.0030000000       3.0540037       10.333135
       330.00000     0.010000000       3.0540869       10.334544
       330.00000     0.030000000       3.0543304       10.338515
       330.00000      0.10000000       3.0551660       10.351884
       330.00000      0.30000000       3.0572162       10.385830
       330.00000       1.0000000       3.0618833       10.464272
       330.00000       3.0000000       3.0659815       10.534196
       330.00000       10.000000       3.0672533       10.556029
       330.00000       30.000000       3.0673935       10.559788
       330.00000       100.00000       3.0674261       10.561693
       330.00000       300.00000       3.0674279       10.568880
       330.00000       1000.0000       3.0674267       10.609074
       330.00000       3000.0000       3.0674272       11.013044
       330.00000       10000.000       2.9247585       11.581219
       330.00000       30000.000       2.7514175       12.354818
       330.00000       100000.00       2.6898054       12.665204
       330.00000       300000.00       2.6721105       12.758317
       340.00000    0.0010000000       3.0539626       10.349687
       340.00000    0.0030000000       3.0539991       10.349844
       340.00000     0.010000000       3.0540343       10.350764
       340.00000     0.030000000       3.0541913       10.353180
       340.00000      0.10000000       3.0546871       10.361521
       340.00000      0.30000000       3.0560472       10.383615
       340.00000       1.0000000       3.0596612       10.443924
       340.00000       3.0000000       3.0644706       10.525422
       340.00000       10.000000       3.0670083       10.569049
       340.00000       30.000000       3.0673597       10.576650
       340.00000       100.00000       3.0674249       10.579045
       340.00000       300.00000       3.0674277       10.586279
       340.00000       1000.0000       3.0674268       10.626478
       340.00000       3000.0000       3.0674272       11.030449
       340.00000       10000.000       3.0674266       11.053680
       340.00000       30000.000       2.8030047       12.130130
       340.00000       100000.00       2.7054425       12.605575
       340.00000       300000.00       2.6773388       12.752141
       350.00000    0.0010000000       3.0539615       10.364514
       350.00000    0.0030000000       3.0539945       10.364576
       350.00000     0.010000000       3.0540092       10.365173
       350.00000     0.030000000       3.0540962       10.366703
       350.00000      0.10000000       3.0544175       10.371975
       350.00000      0.30000000       3.0552957       10.386333
       350.00000       1.0000000       3.0579019       10.429411
       350.00000       3.0000000       3.0624509       10.506283
       350.00000       10.000000       3.0664570       10.574630
       350.00000       30.000000       3.0673085       10.590526
       350.00000       100.00000       3.0674220       10.594167
       350.00000       300.00000       3.0674266       10.601517
       350.00000       1000.0000       3.0674271       10.641729
       350.00000       3000.0000       3.0674272       11.045701
       350.00000       10000.000       3.0674266       11.068933
       350.00000       30000.000       2.8786404       11.810014
       350.00000       100000.00       2.7285041       12.506793
       350.00000       300000.00       2.6850624       12.730063
       375.00000    0.0010000000       3.0539468       10.392681
       375.00000    0.0030000000       3.0539634       10.392724
       375.00000     0.010000000       3.0539949       10.392827
       375.00000     0.030000000       3.0540098       10.393402
       375.00000      0.10000000       3.0541168       10.395198
       375.00000      0.30000000       3.0544230       10.400345
       375.00000       1.0000000       3.0554558       10.417293
       375.00000       3.0000000       3.0579562       10.458723
       375.00000       10.000000       3.0630085       10.544286
       375.00000       30.000000       3.0664933       10.605219
       375.00000       100.00000       3.0673232       10.621590
       375.00000       300.00000       3.0674222       10.630104
       375.00000       1000.0000       3.0674263       10.669772
       375.00000       3000.0000       3.0674271       11.065669
       375.00000       10000.000       3.0674266       11.090209
       375.00000       30000.000       3.0674266       11.098124
       375.00000       100000.00       2.8379105       12.020096
       375.00000       300000.00       2.7219117       12.573657
       400.00000    0.0010000000       3.0538473       10.417691
       400.00000    0.0030000000       3.0539155       10.417458
       400.00000     0.010000000       3.0539502       10.417448
       400.00000     0.030000000       3.0539519       10.417698
       400.00000      0.10000000       3.0539848       10.418428
       400.00000      0.30000000       3.0541089       10.420380
       400.00000       1.0000000       3.0545416       10.427159
       400.00000       3.0000000       3.0556413       10.445654
       400.00000       10.000000       3.0587856       10.498352
       400.00000       30.000000       3.0635829       10.580910
       400.00000       100.00000       3.0667632       10.637446
       400.00000       300.00000       3.0673155       10.652269
       400.00000       1000.0000       3.0673800       10.683699
       400.00000       3000.0000       3.0673975       10.974016
       400.00000       10000.000       3.0673970       11.015643
       400.00000       30000.000       3.0673973       11.130255
       400.00000       100000.00       3.0309242       11.264458
       400.00000       300000.00       2.7877942       12.278760
       425.00000    0.0010000000       3.0526618       10.441622
       425.00000    0.0030000000       3.0537864       10.437915
       425.00000     0.010000000       3.0539011       10.437554
       425.00000     0.030000000       3.0539445       10.437527
       425.00000      0.10000000       3.0539562       10.437855
       425.00000      0.30000000       3.0539903       10.438776
       425.00000       1.0000000       3.0541767       10.441705
       425.00000       3.0000000       3.0546747       10.450023
       425.00000       10.000000       3.0562636       10.476585
       425.00000       30.000000       3.0597602       10.535731
       425.00000       100.00000       3.0649422       10.625077
       425.00000       300.00000       3.0669992       10.665329
       425.00000       1000.0000       3.0673542       10.692700
       425.00000       3000.0000       3.0673813       10.884618
       425.00000       10000.000       3.0673969       10.943014
       425.00000       30000.000       3.0673975       11.157138
       425.00000       100000.00       3.0673967       11.162095
       425.00000       300000.00       2.9104706       11.757617
       450.00000    0.0010000000       3.0413893       10.494410
       450.00000    0.0030000000       3.0518179       10.460751
       450.00000     0.010000000       3.0537161       10.454656
       450.00000     0.030000000       3.0538901       10.454158
       450.00000      0.10000000       3.0539627       10.454087
       450.00000      0.30000000       3.0539758       10.454521
       450.00000       1.0000000       3.0540541       10.455913
       450.00000       3.0000000       3.0542799       10.459901
       450.00000       10.000000       3.0550912       10.473059
       450.00000       30.000000       3.0570820       10.506973
       450.00000       100.00000       3.0617033       10.585899
       450.00000       300.00000       3.0658998       10.660900
       450.00000       1000.0000       3.0672344       10.696798
       450.00000       3000.0000       3.0673624       10.797693
       450.00000       10000.000       3.0673832       10.872681
       450.00000       30000.000       3.0673975       11.180092
       450.00000       100000.00       3.0673987       11.188966
       450.00000       300000.00       3.0673967       11.172976
       475.00000    0.0010000000       1.4726179       10.886000
       475.00000    0.0030000000       3.0387322       10.516551
       475.00000     0.010000000       3.0516538       10.476316
       475.00000     0.030000000       3.0536520       10.470147
       475.00000      0.10000000       3.0538991       10.469450
       475.00000      0.30000000       3.0539410       10.469587
       475.00000       1.0000000       3.0539873       10.470260
       475.00000       3.0000000       3.0541087       10.472225
       475.00000       10.000000       3.0545392       10.478985
       475.00000       30.000000       3.0556210       10.497667
       475.00000       100.00000       3.0587302       10.550528
       475.00000       300.00000       3.0635315       10.634392
       475.00000       1000.0000       3.0667556       10.698734
       475.00000       3000.0000       3.0673159       10.759121
       475.00000       10000.000       3.0673799       10.834800
       475.00000       30000.000       3.0673989       11.146814
       475.00000       100000.00       3.0673985       11.228062
       475.00000       300000.00       3.0673986       11.210769
       500.00000    0.0010000000       1.4691938       10.896680
       500.00000    0.0030000000       1.4785448       10.840849
       500.00000     0.010000000       3.0396884       10.527654
       500.00000     0.030000000       3.0514813       10.492479
       500.00000      0.10000000       3.0536861       10.485960
       500.00000      0.30000000       3.0538981       10.485453
       500.00000       1.0000000       3.0539735       10.485666
       500.00000       3.0000000       3.0540028       10.486875
       500.00000       10.000000       3.0542224       10.490564
       500.00000       30.000000       3.0548395       10.500904
       500.00000       100.00000       3.0567825       10.533105
       500.00000       300.00000       3.0606887       10.600646
       500.00000       1000.0000       3.0655806       10.689651
       500.00000       3000.0000       3.0671174       10.730530
       500.00000       10000.000       3.0673615       10.805518
       500.00000       30000.000       3.0673825       11.106029
       500.00000       100000.00       3.0673977       11.273155
       500.00000       300000.00       3.0673974       11.251035
       575.00000    0.0010000000       2.9656656       10.755772
       575.00000    0.0030000000       2.9661305       10.754783
       575.00000     0.010000000       2.9706095       10.744742
       575.00000     0.030000000       1.4941575       10.704154
       575.00000      0.10000000       3.0226260       10.621608
       575.00000      0.30000000       3.0462118       10.562624
       575.00000       1.0000000       3.0530814       10.545245
       575.00000       3.0000000       3.0538534       10.543524
       575.00000       10.000000       3.0539932       10.544079
       575.00000       30.000000       3.0541266       10.546376
       575.00000       100.00000       3.0545582       10.554001
       575.00000       300.00000       3.0557370       10.574574
       575.00000       1000.0000       3.0590916       10.632784
       575.00000       3000.0000       3.0639089       10.722510
       575.00000       10000.000       3.0668618       10.803114
       575.00000       30000.000       3.0673221       10.923766
       575.00000       100000.00       3.0673804       11.419278
       575.00000       300000.00       3.0673980       11.794285
       650.00000    0.0010000000       2.9656059       10.778311
       650.00000    0.0030000000       2.9655923       10.778379
       650.00000     0.010000000       2.9656164       10.778337
       650.00000     0.030000000       2.9658515       10.777853
       650.00000      0.10000000       2.9682904       10.773141
       650.00000      0.30000000       2.9814743       10.747344
       650.00000       1.0000000       3.0164763       10.677202
       650.00000       3.0000000       3.0443627       10.619731
       650.00000       10.000000       3.0528799       10.602145
       650.00000       30.000000       3.0538626       10.600851
       650.00000       100.00000       3.0540954       10.602924
       650.00000       300.00000       3.0544687       10.609394
       650.00000       1000.0000       3.0556990       10.630784
       650.00000       3000.0000       3.0585296       10.682210
       650.00000       10000.000       3.0637289       10.785245
       650.00000       30000.000       3.0667247       10.883176
       650.00000       100000.00       3.0673187       11.254498
       650.00000       300000.00       3.0673785       13.463263
       725.00000    0.0010000000       2.9657072       10.820423
       725.00000    0.0030000000       2.9656236       10.820410
       725.00000     0.010000000       2.9655966       10.820394
       725.00000     0.030000000       2.9656028       10.820330
       725.00000      0.10000000       2.9656219       10.820336
       725.00000      0.30000000       2.9659626       10.819768
       725.00000       1.0000000       2.9693747       10.814161
       725.00000       3.0000000       2.9862494       10.786085
       725.00000       10.000000       3.0246842       10.721348
       725.00000       30.000000       3.0480397       10.681713
       725.00000       100.00000       3.0533933       10.673457
       725.00000       300.00000       3.0540535       10.675066
       725.00000       1000.0000       3.0545773       10.683638
       725.00000       3000.0000       3.0558610       10.706697
       725.00000       10000.000       3.0592789       10.773368
       725.00000       30000.000       3.0641118       10.881197
       725.00000       100000.00       3.0668977       11.107095
       725.00000       300000.00       3.0673250       12.632011
       800.00000    0.0010000000       2.9697400       10.888518
       800.00000    0.0030000000       2.9682886       10.888605
       800.00000     0.010000000       2.9664688       10.888517
       800.00000     0.030000000       2.9658920       10.888583
       800.00000      0.10000000       2.9656810       10.888603
       800.00000      0.30000000       2.9656244       10.888612
       800.00000       1.0000000       2.9657453       10.888369
       800.00000       3.0000000       2.9667343       10.887094
       800.00000       10.000000       2.9756380       10.874667
       800.00000       30.000000       3.0041853       10.834856
       800.00000       100.00000       3.0409088       10.783559
       800.00000       300.00000       3.0521486       10.768919
       800.00000       1000.0000       3.0540366       10.770581
       800.00000       3000.0000       3.0547880       10.781523
       800.00000       10000.000       3.0566308       10.817886
       800.00000       30000.000       3.0604180       10.898554
       800.00000       100000.00       3.0654288       11.059055
       800.00000       300000.00       3.0671003       11.401655
       900.00000    0.0010000000       2.9694605       10.983348
       900.00000    0.0030000000       2.9696628       10.983342
       900.00000     0.010000000       2.9697767       10.983146
       900.00000     0.030000000       2.9697720       10.983263
       900.00000      0.10000000       2.9697759       10.983267
       900.00000      0.30000000       2.9681206       10.983341
       900.00000       1.0000000       2.9663962       10.983443
       900.00000       3.0000000       2.9658911       10.983465
       900.00000       10.000000       2.9659845       10.983213
       900.00000       30.000000       2.9682891       10.980719
       900.00000       100.00000       2.9844938       10.963492
       900.00000       300.00000       3.0200277       10.926250
       900.00000       1000.0000       3.0480236       10.898309
       900.00000       3000.0000       3.0535478       10.897644
       900.00000       10000.000       3.0550104       10.914211
       900.00000       30000.000       3.0571311       10.958421
       900.00000       100000.00       3.0618065       11.079164
       900.00000       300000.00       3.0659333       11.282882
       1000.0000    0.0010000000       2.9669164       11.100149
       1000.0000    0.0030000000       2.9686644       11.100011
       1000.0000     0.010000000       2.9694308       11.099853
       1000.0000     0.030000000       2.9696601       11.099855
       1000.0000      0.10000000       2.9697476       11.099841
       1000.0000      0.30000000       2.9697689       11.099855
       1000.0000       1.0000000       2.9697756       11.099854
       1000.0000       3.0000000       2.9697493       11.099968
       1000.0000       10.000000       2.9682987       11.100120
       1000.0000       30.000000       2.9666697       11.100063
       1000.0000       100.00000       2.9674201       11.099016
       1000.0000       300.00000       2.9763612       11.092148
       1000.0000       1000.0000       3.0098727       11.066951
       1000.0000       3000.0000       3.0424888       11.044360
       1000.0000       10000.000       3.0532156       11.045564
       1000.0000       30000.000       3.0554291       11.069689
       1000.0000       100000.00       3.0586571       11.148097
       1000.0000       300000.00       3.0634575       11.308815
       1100.0000    0.0010000000       2.9596969       11.231078
       1100.0000    0.0030000000       2.9642511       11.230616
       1100.0000     0.010000000       2.9674856       11.230425
       1100.0000     0.030000000       2.9689015       11.230196
       1100.0000      0.10000000       2.9694858       11.230129
       1100.0000      0.30000000       2.9696641       11.230162
       1100.0000       1.0000000       2.9697360       11.230159
       1100.0000       3.0000000       2.9697561       11.230163
       1100.0000       10.000000       2.9697644       11.230151
       1100.0000       30.000000       2.9697607       11.230193
       1100.0000       100.00000       2.9698599       11.230224
       1100.0000       300.00000       2.9684943       11.229937
       1100.0000       1000.0000       2.9763689       11.225681
       1100.0000       3000.0000       3.0054305       11.211767
       1100.0000       10000.000       3.0422369       11.198084
       1100.0000       30000.000       3.0532126       11.207747
       1100.0000       100000.00       3.0566264       11.257650
       1100.0000       300000.00       3.0606969       11.376405
       1200.0000    0.0010000000       2.9548974       11.375315
       1200.0000    0.0030000000       2.9577577       11.375147
       1200.0000     0.010000000       2.9625256       11.374803
       1200.0000     0.030000000       2.9661512       11.374546
       1200.0000      0.10000000       2.9683431       11.374461
       1200.0000      0.30000000       2.9692057       11.374429
       1200.0000       1.0000000       2.9695859       11.374308
       1200.0000       3.0000000       2.9697328       11.374185
       1200.0000       10.000000       2.9697735       11.374217
       1200.0000       30.000000       2.9697662       11.374338
       1200.0000       100.00000       2.9697478       11.374524
       1200.0000       300.00000       2.9698706       11.374599
       1200.0000       1000.0000       2.9713261       11.374524
       1200.0000       3000.0000       2.9788701       11.371411
       1200.0000       10000.000       3.0121970       11.366656
       1200.0000       30000.000       3.0439728       11.367556
       1200.0000       100000.00       3.0545919       11.399185
       1200.0000       300000.00       3.0585003       11.484807
       1300.0000    0.0010000000       3.0087369       11.520954
       1300.0000    0.0030000000       2.9710644       11.523789
       1300.0000     0.010000000       2.9616633       11.524433
       1300.0000     0.030000000       2.9625879       11.524341
       1300.0000      0.10000000       2.9657400       11.524451
       1300.0000      0.30000000       2.9678411       11.524711
       1300.0000       1.0000000       2.9689840       11.524883
       1300.0000       3.0000000       2.9694633       11.524825
       1300.0000       10.000000       2.9696717       11.524809
       1300.0000       30.000000       2.9697371       11.524879
       1300.0000       100.00000       2.9697498       11.525015
       1300.0000       300.00000       2.9697459       11.525235
       1300.0000       1000.0000       2.9700025       11.525406
       1300.0000       3000.0000       2.9722083       11.522170
       1300.0000       10000.000       2.9878682       11.529489
       1300.0000       30000.000       3.0212889       11.537906
       1300.0000       100000.00       3.0495106       11.563154
       1300.0000       300000.00       3.0566517       11.626373
       1400.0000    0.0010000000       3.1097802       11.554933
       1400.0000    0.0030000000       3.0842954       11.620467
       1400.0000     0.010000000       3.0459789       11.673635
       1400.0000     0.030000000       2.9862936       11.688017
       1400.0000      0.10000000       2.9693587       11.692924
       1400.0000      0.30000000       2.9673211       11.694404
       1400.0000       1.0000000       2.9681983       11.694831
       1400.0000       3.0000000       2.9689639       11.695307
       1400.0000       10.000000       2.9694112       11.695769
       1400.0000       30.000000       2.9696428       11.695882
       1400.0000       100.00000       2.9697354       11.696072
       1400.0000       300.00000       2.9697507       11.696320
       1400.0000       1000.0000       2.9698225       11.696543
       1400.0000       3000.0000       2.9703251       11.697061
       1400.0000       10000.000       2.9755400       11.701885
       1400.0000       30000.000       2.9978503       11.718584
       1400.0000       100000.00       3.0371148       11.757251
       1400.0000       300000.00       3.0540902       11.813143
       1500.0000    0.0010000000       3.1533895       11.562558
       1500.0000    0.0030000000       3.1652789       11.572274
       1500.0000     0.010000000       3.1437793       11.651501
       1500.0000     0.030000000       3.1055993       11.764425
       1500.0000      0.10000000       3.0671519       11.827157
       1500.0000      0.30000000       2.9970305       11.860799
       1500.0000       1.0000000       2.9751504       11.873914
       1500.0000       3.0000000       2.9704856       11.877752
       1500.0000       10.000000       2.9695648       11.879255
       1500.0000       30.000000       2.9696207       11.879680
       1500.0000       100.00000       2.9697573       11.880063
       1500.0000       300.00000       2.9698347       11.880455
       1500.0000       1000.0000       2.9698935       11.880832
       1500.0000       3000.0000       2.9700605       11.881580
       1500.0000       10000.000       2.9717470       11.884845
       1500.0000       30000.000       2.9821388       11.901141
       1500.0000       100000.00       3.0175939       11.957971
       1500.0000       300000.00       3.0491054       12.033063
       1600.0000    0.0010000000       3.1012629       11.654769
       1600.0000    0.0030000000       3.1337239       11.692373
       1600.0000     0.010000000       3.1550757       11.713635
       1600.0000     0.030000000       3.1672925       11.723085
       1600.0000      0.10000000       3.1694832       11.745316
       1600.0000      0.30000000       3.1176830       11.895554
       1600.0000       1.0000000       3.0670061       11.954395
       1600.0000       3.0000000       3.0001021       12.005705
       1600.0000       10.000000       2.9775296       12.026247
       1600.0000       30.000000       2.9717801       12.032614
       1600.0000       100.00000       2.9701720       12.034933
       1600.0000       300.00000       2.9699459       12.035520
       1600.0000       1000.0000       2.9699926       12.035800
       1600.0000       3000.0000       2.9701478       12.036204
       1600.0000       10000.000       2.9707735       12.038699
       1600.0000       30000.000       2.9750815       12.051164
       1600.0000       100000.00       2.9984358       12.114545
       1600.0000       300000.00       3.0363898       12.228482
       1700.0000    0.0010000000       2.9792444       11.642477
       1700.0000    0.0030000000       3.0597338       11.752541
       1700.0000     0.010000000       3.1124873       11.817923
       1700.0000     0.030000000       3.1411182       11.849419
       1700.0000      0.10000000       3.1604712       11.867019
       1700.0000      0.30000000       3.1721893       11.874455
       1700.0000       1.0000000       3.1743525       11.895851
       1700.0000       3.0000000       3.1225554       12.047951
       1700.0000       10.000000       3.0505952       12.100722
       1700.0000       30.000000       2.9962045       12.157849
       1700.0000       100.00000       2.9770818       12.180536
       1700.0000       300.00000       2.9719610       12.187486
       1700.0000       1000.0000       2.9704223       12.190146
       1700.0000       3000.0000       2.9701623       12.191068
       1700.0000       10000.000       2.9704080       12.192831
       1700.0000       30000.000       2.9722017       12.201672
       1700.0000       100000.00       2.9852959       12.258966
       1700.0000       300000.00       3.0195955       12.408466
       1800.0000    0.0010000000       2.7403490       11.391592
       1800.0000    0.0030000000       2.9064794       11.677828
       1800.0000     0.010000000       3.0225360       11.846401
       1800.0000     0.030000000       3.0866153       11.929205
       1800.0000      0.10000000       3.1286610       11.978147
       1800.0000      0.30000000       3.1520149       12.001277
       1800.0000       1.0000000       3.1686239       12.013729
       1800.0000       3.0000000       3.1790966       12.018838
       1800.0000       10.000000       3.1606687       12.090041
       1800.0000       30.000000       3.0829822       12.210657
       1800.0000       100.00000       3.0270867       12.261175
       1800.0000       300.00000       2.9888596       12.310505
       1800.0000       1000.0000       2.9752734       12.329868
       1800.0000       3000.0000       2.9715820       12.336002
       1800.0000       10000.000       2.9706016       12.339106
       1800.0000       30000.000       2.9711071       12.345978
       1800.0000       100000.00       2.9778782       12.391865
       1800.0000       300000.00       3.0038482       12.557524
       1900.0000    0.0010000000       2.3752559       10.674772
       1900.0000    0.0030000000       2.6411232       11.337791
       1900.0000     0.010000000       2.8544029       11.733709
       1900.0000     0.030000000       2.9816367       11.926915
       1900.0000      0.10000000       3.0679072       12.041436
       1900.0000      0.30000000       3.1147527       12.097631
       1900.0000       1.0000000       3.1461240       12.130215
       1900.0000       3.0000000       3.1644484       12.145100
       1900.0000       10.000000       3.1779150       12.153002
       1900.0000       30.000000       3.1861419       12.156492
       1900.0000       100.00000       3.1094905       12.295871
       1900.0000       300.00000       3.0457402       12.371026
       1900.0000       1000.0000       2.9978236       12.435558
       1900.0000       3000.0000       2.9790386       12.463637
       1900.0000       10000.000       2.9725555       12.475233
       1900.0000       30000.000       2.9712361       12.482686
       1900.0000       100000.00       2.9742088       12.518469
       1900.0000       300000.00       2.9917807       12.679627
       2000.0000    0.0010000000       1.9792405       9.2458745
       2000.0000    0.0030000000       2.2790390       10.544722
       2000.0000     0.010000000       2.5891156       11.366735
       2000.0000     0.030000000       2.8038431       11.780471
       2000.0000      0.10000000       2.9614446       12.025328
       2000.0000      0.30000000       3.0492967       12.145623
       2000.0000       1.0000000       3.1074530       12.217036
       2000.0000       3.0000000       3.1400532       12.251425
       2000.0000       10.000000       3.1628237       12.271058
       2000.0000       30.000000       3.1765287       12.279870
       2000.0000       100.00000       3.1861627       12.284946
       2000.0000       300.00000       3.1435239       12.348572
       2000.0000       1000.0000       3.0526017       12.483042
       2000.0000       3000.0000       3.0017420       12.558648
       2000.0000       10000.000       2.9793597       12.595166
       2000.0000       30000.000       2.9731378       12.609769
       2000.0000       100000.00       2.9728654       12.639851
       2000.0000       300000.00       2.9836291       12.784335
       2150.0000    0.0010000000       1.6854069       5.0574499
       2150.0000    0.0030000000       1.8052774       7.8627335
       2150.0000     0.010000000       2.0737959       10.028767
       2150.0000     0.030000000       2.3805578       11.086471
       2150.0000      0.10000000       2.6717536       11.740975
       2150.0000      0.30000000       2.8625013       12.067938
       2150.0000       1.0000000       2.9979504       12.262523
       2150.0000       3.0000000       3.0735724       12.358303
       2150.0000       10.000000       3.1228198       12.415035
       2150.0000       30.000000       3.1508608       12.442204
       2150.0000       100.00000       3.1706926       12.457904
       2150.0000       300.00000       3.1822367       12.465323
       2150.0000       1000.0000       3.1897665       12.470107
       2150.0000       3000.0000       3.1026820       12.559578
       2150.0000       10000.000       3.0186153       12.708003
       2150.0000       30000.000       2.9865114       12.769102
       2150.0000       100000.00       2.9754974       12.809799
       2150.0000       300000.00       2.9776223       12.927439
       2300.0000    0.0010000000       1.6291240       2.3102096
       2300.0000    0.0030000000       1.6561024       3.8593109
       2300.0000     0.010000000       1.7409575       6.8128312
       2300.0000     0.030000000       1.9252763       9.3751642
       2300.0000      0.10000000       2.2454944       10.925001
       2300.0000      0.30000000       2.5403074       11.673717
       2300.0000       1.0000000       2.7890902       12.130540
       2300.0000       3.0000000       2.9417082       12.357454
       2300.0000       10.000000       3.0464465       12.493067
       2300.0000       30.000000       3.1044250       12.559826
       2300.0000       100.00000       3.1428992       12.598987
       2300.0000       300.00000       3.1645562       12.618051
       2300.0000       1000.0000       3.1796052       12.629459
       2300.0000       3000.0000       3.1878467       12.635496
       2300.0000       10000.000       3.1402944       12.636539
       2300.0000       30000.000       3.0523082       12.811891
       2300.0000       100000.00       2.9965643       12.929969
       2300.0000       300000.00       2.9812840       13.048124
       2450.0000    0.0010000000       1.6179222       1.5653240
       2450.0000    0.0030000000       1.6247985       2.0396776
       2450.0000     0.010000000       1.6469837       3.4229663
       2450.0000     0.030000000       1.7049888       5.9140116
       2450.0000      0.10000000       1.8666952       9.0260559
       2450.0000      0.30000000       2.1353354       10.765668
       2450.0000       1.0000000       2.4699443       11.718966
       2450.0000       3.0000000       2.7201636       12.192600
       2450.0000       10.000000       2.9100448       12.478684
       2450.0000       30.000000       3.0200302       12.620542
       2450.0000       100.00000       3.0939286       12.705415
       2450.0000       300.00000       3.1349412       12.747085
       2450.0000       1000.0000       3.1622953       12.771743
       2450.0000       3000.0000       3.1772117       12.784113
       2450.0000       10000.000       3.1870392       12.792617
       2450.0000       30000.000       3.1425064       12.795379
       2450.0000       100000.00       3.0720873       12.936273
       2450.0000       300000.00       3.0088450       13.122780
       2600.0000    0.0010000000       1.6128402       1.3885506
       2600.0000    0.0030000000       1.6166949       1.5287253
       2600.0000     0.010000000       1.6238032       1.9934760
       2600.0000     0.030000000       1.6413789       3.1332563
       2600.0000      0.10000000       1.6972951       5.7325884
       2600.0000      0.30000000       1.8280073       8.7036948
       2600.0000       1.0000000       2.1036620       10.840001
       2600.0000       3.0000000       2.4119606       11.775533
       2600.0000       10.000000       2.6986451       12.319861
       2600.0000       30.000000       2.8827660       12.592127
       2600.0000       100.00000       3.0122445       12.756163
       2600.0000       300.00000       3.0848222       12.837379
       2600.0000       1000.0000       3.1333580       12.885870
       2600.0000       3000.0000       3.1601373       12.910113
       2600.0000       10000.000       3.1774436       12.925149
       2600.0000       30000.000       3.1863485       12.934724
       2600.0000       100000.00       3.1370105       12.943675
       2600.0000       300000.00       3.0837216       13.085098
       2800.0000    0.0010000000       1.5911531       1.3392364
       2800.0000    0.0030000000       1.6036855       1.3711667
       2800.0000     0.010000000       1.6125444       1.4815041
       2800.0000     0.030000000       1.6193415       1.7854751
       2800.0000      0.10000000       1.6339886       2.7339239
       2800.0000      0.30000000       1.6705419       4.7306670
       2800.0000       1.0000000       1.7782952       8.0295522
       2800.0000       3.0000000       1.9888238       10.467719
       2800.0000       10.000000       2.3184527       11.782730
       2800.0000       30.000000       2.6037436       12.364945
       2800.0000       100.00000       2.8349321       12.711427
       2800.0000       300.00000       2.9733727       12.884613
       2800.0000       1000.0000       3.0679083       12.988839
       2800.0000       3000.0000       3.1203624       13.040741
       2800.0000       10000.000       3.1550379       13.072341
       2800.0000       30000.000       3.1735905       13.089663
       2800.0000       100000.00       3.1850385       13.106038
       2800.0000       300000.00       3.1400273       13.138760
       3000.0000    0.0010000000       1.5625408       1.3328137
       3000.0000    0.0030000000       1.5742310       1.3415425
       3000.0000     0.010000000       1.5902000       1.3720210
       3000.0000     0.030000000       1.6038169       1.4581498
       3000.0000      0.10000000       1.6154116       1.7496938
       3000.0000      0.30000000       1.6288937       2.5078365
       3000.0000       1.0000000       1.6643881       4.5170834
       3000.0000       3.0000000       1.7497353       7.5190770
       3000.0000       10.000000       1.9580239       10.447431
       3000.0000       30.000000       2.2502427       11.813527
       3000.0000       100.00000       2.5721340       12.504268
       3000.0000       300.00000       2.7965821       12.834089
       3000.0000       1000.0000       2.9605832       13.032529
       3000.0000       3000.0000       3.0541676       13.131687
       3000.0000       10000.000       3.1167511       13.191953
       3000.0000       30000.000       3.1508807       13.223025
       3000.0000       100000.00       3.1726677       13.246849
       3000.0000       300000.00       3.1836135       13.282136
       3250.0000    0.0010000000       1.5324258       1.3358760
       3250.0000    0.0030000000       1.5462122       1.3379562
       3250.0000     0.010000000       1.5585221       1.3454889
       3250.0000     0.030000000       1.5705330       1.3670200
       3250.0000      0.10000000       1.5872940       1.4415689
       3250.0000      0.30000000       1.6036274       1.6490904
       3250.0000       1.0000000       1.6216555       2.3209604
       3250.0000       3.0000000       1.6493964       3.8749358
       3250.0000       10.000000       1.7254358       6.9933003
       3250.0000       30.000000       1.8855035       9.9841489
       3250.0000       100.00000       2.1823296       11.850931
       3250.0000       300.00000       2.4853944       12.591256
       3250.0000       1000.0000       2.7540638       12.992014
       3250.0000       3000.0000       2.9218530       13.188786
       3250.0000       10000.000       3.0385688       13.307627
       3250.0000       30000.000       3.1035119       13.368147
       3250.0000       100000.00       3.1460321       13.408729
       3250.0000       300000.00       3.1683786       13.447873
       3500.0000    0.0010000000       1.4804007       1.3393280
       3500.0000    0.0030000000       1.5086807       1.3399492
       3500.0000     0.010000000       1.5305237       1.3422113
       3500.0000     0.030000000       1.5451864       1.3487718
       3500.0000      0.10000000       1.5585730       1.3716139
       3500.0000      0.30000000       1.5721053       1.4359740
       3500.0000       1.0000000       1.5913249       1.6548607
       3500.0000       3.0000000       1.6121640       2.2371874
       3500.0000       10.000000       1.6455247       3.8897543
       3500.0000       30.000000       1.7123357       6.7261473
       3500.0000       100.00000       1.8797598       10.107088
       3500.0000       300.00000       2.1431358       11.936981
       3500.0000       1000.0000       2.4750713       12.798311
       3500.0000       3000.0000       2.7266499       13.163981
       3500.0000       10000.000       2.9176682       13.376463
       3500.0000       30000.000       3.0285209       13.482779
       3500.0000       100000.00       3.1028168       13.550573
       3500.0000       300000.00       3.1428852       13.600261
       3750.0000    0.0010000000       1.3747104       1.3427476
       3750.0000    0.0030000000       1.4304349       1.3430110
       3750.0000     0.010000000       1.4800010       1.3438795
       3750.0000     0.030000000       1.5106850       1.3463000
       3750.0000      0.10000000       1.5330939       1.3546298
       3750.0000      0.30000000       1.5480181       1.3779873
       3750.0000       1.0000000       1.5629224       1.4579020
       3750.0000       3.0000000       1.5798282       1.6785988
       3750.0000       10.000000       1.6056903       2.3885857
       3750.0000       30.000000       1.6417033       4.0185430
       3750.0000       100.00000       1.7234601       7.2574801
       3750.0000       300.00000       1.8847263       10.349462
       3750.0000       1000.0000       2.1779975       12.285150
       3750.0000       3000.0000       2.4795839       13.020073
       3750.0000       10000.000       2.7501910       13.389053
       3750.0000       30000.000       2.9203690       13.563953
       3750.0000       100000.00       3.0388027       13.671412
       3750.0000       300000.00       3.1042411       13.738787
       4000.0000    0.0010000000       1.2923595       1.3464784
       4000.0000    0.0030000000       1.3251767       1.3466108
       4000.0000     0.010000000       1.3827083       1.3470298
       4000.0000     0.030000000       1.4398419       1.3481168
       4000.0000      0.10000000       1.4890453       1.3516844
       4000.0000      0.30000000       1.5183977       1.3615111
       4000.0000       1.0000000       1.5396748       1.3948492
       4000.0000       3.0000000       1.5550400       1.4871628
       4000.0000       10.000000       1.5740112       1.7954052
       4000.0000       30.000000       1.5998249       2.5912808
       4000.0000       100.00000       1.6481996       4.6991350
       4000.0000       300.00000       1.7380325       7.8824518
       4000.0000       1000.0000       1.9389332       11.099212
       4000.0000       3000.0000       2.2203111       12.634198
       4000.0000       10000.000       2.5439671       13.322283
       4000.0000       30000.000       2.7775295       13.605991
       4000.0000       100000.00       2.9508918       13.769396
       4000.0000       300000.00       3.0499462       13.861959
