Li Na K Rb Cs
  4.6827E-38  4.6827E-38  4.6827E-38  4.6827E-38  4.6827E-38
  4.6827E-38  4.6827E-38  4.6827E-38  4.6827E-38  4.6827E-38
  4.6827E-38  4.6827E-38  4.6827E-38  4.6827E-38  4.6827E-38
  4.6827E-38  4.6827E-38  4.6827E-38  4.6827E-38  4.6827E-38
  4.6827E-38  4.6827E-38  4.6827E-38  4.6827E-38  4.6827E-38
  4.6827E-38  4.6827E-38  4.6827E-38  4.6827E-38  4.6827E-38
  4.6827E-38  4.6827E-38  4.6827E-38  4.6827E-38  4.6827E-38
  4.6827E-38  4.6827E-38  4.6827E-38  4.6827E-38  4.6827E-38
  4.6827E-38  4.6827E-38  4.6827E-38  4.6827E-38  4.6827E-38
  4.6827E-38  4.6827E-38  4.6827E-38  4.6827E-38  4.6827E-38
  4.6827E-38  4.6827E-38  4.6827E-38  4.6827E-38  4.6827E-38
  4.6827E-38  4.6827E-38  4.6827E-38  4.6827E-38  4.6827E-38
  4.7132E-38  4.7132E-38  4.7132E-38  4.7132E-38  4.7132E-38
  4.7422E-38  4.7422E-38  4.7422E-38  4.7422E-38  4.7422E-38
  4.7524E-38  4.7524E-38  4.7524E-38  4.7524E-38  4.7524E-38
  4.6776E-38  4.6776E-38  4.6776E-38  4.6776E-38  4.6776E-38
  4.6810E-38  4.6810E-38  4.6810E-38  4.6810E-38  4.6810E-38
  4.6821E-38  4.6821E-38  4.6821E-38  4.6821E-38  4.6821E-38
  4.6825E-38  4.6825E-38  4.6825E-38  4.6825E-38  4.6825E-38
  4.6826E-38  4.6826E-38  4.6826E-38  4.6826E-38  4.6826E-38
  4.6826E-38  4.6826E-38  4.6826E-38  4.6826E-38  4.6826E-38
  4.6826E-38  4.6826E-38  4.6826E-38  4.6826E-38  4.6826E-38
  4.6827E-38  4.6827E-38  4.6827E-38  4.6827E-38  4.6827E-38
  4.6827E-38  4.6827E-38  4.6827E-38  4.6827E-38  4.6827E-38
  4.6827E-38  4.6827E-38  4.6827E-38  4.6827E-38  4.6827E-38
  4.6827E-38  4.6827E-38  4.6827E-38  4.6827E-38  4.6827E-38
  4.6827E-38  4.6827E-38  4.6827E-38  4.6827E-38  4.6827E-38
  4.6827E-38  4.6827E-38  4.6827E-38  4.6827E-38  4.6827E-38
  4.6827E-38  4.6827E-38  4.6827E-38  4.6827E-38  4.6827E-38
  4.6827E-38  4.6827E-38  4.6827E-38  4.6827E-38  4.6827E-38
  4.7051E-38  4.7051E-38  4.7051E-38  4.7051E-38  4.7051E-38
  4.6612E-38  4.6612E-38  4.6612E-38  4.6612E-38  4.6612E-38
  4.6612E-38  4.6612E-38  4.6612E-38  4.6612E-38  4.6612E-38
  4.6685E-38  4.6685E-38  4.6685E-38  4.6685E-38  4.6685E-38
  4.6779E-38  4.6779E-38  4.6779E-38  4.6779E-38  4.6779E-38
  4.6812E-38  4.6812E-38  4.6812E-38  4.6812E-38  4.6812E-38
  4.6822E-38  4.6822E-38  4.6822E-38  4.6822E-38  4.6822E-38
  4.6825E-38  4.6825E-38  4.6825E-38  4.6825E-38  4.6825E-38
  4.6826E-38  4.6826E-38  4.6826E-38  4.6826E-38  4.6826E-38
  4.6826E-38  4.6826E-38  4.6826E-38  4.6826E-38  4.6826E-38
  4.6827E-38  4.6827E-38  4.6827E-38  4.6827E-38  4.6827E-38
  4.6827E-38  4.6827E-38  4.6827E-38  4.6827E-38  4.6827E-38
  4.6827E-38  4.6827E-38  4.6827E-38  4.6827E-38  4.6827E-38
  4.6827E-38  4.6827E-38  4.6827E-38  4.6827E-38  4.6827E-38
  4.6827E-38  4.6827E-38  4.6827E-38  4.6827E-38  4.6827E-38
  4.6827E-38  4.6827E-38  4.6827E-38  4.6827E-38  4.6827E-38
  4.6827E-38  4.6827E-38  4.6827E-38  4.6827E-38  4.6827E-38
  4.7161E-38  4.7161E-38  4.7161E-38  4.7161E-38  4.7161E-38
  4.6612E-38  4.6612E-38  4.6612E-38  4.6612E-38  4.6612E-38
  4.6612E-38  4.6612E-38  4.6612E-38  4.6612E-38  4.6612E-38
  4.6612E-38  4.6612E-38  4.6612E-38  4.6612E-38  4.6612E-38
  4.6612E-38  4.6612E-38  4.6612E-38  4.6612E-38  4.6612E-38
  4.6612E-38  4.6612E-38  4.6612E-38  4.6612E-38  4.6612E-38
  4.6751E-38  4.6751E-38  4.6751E-38  4.6751E-38  4.6751E-38
  4.6804E-38  4.6804E-38  4.6804E-38  4.6804E-38  4.6804E-38
  4.6819E-38  4.6819E-38  4.6819E-38  4.6819E-38  4.6819E-38
  4.6824E-38  4.6824E-38  4.6824E-38  4.6824E-38  4.6824E-38
  4.6826E-38  4.6826E-38  4.6826E-38  4.6826E-38  4.6826E-38
  4.6826E-38  4.6826E-38  4.6826E-38  4.6826E-38  4.6826E-38
  4.6826E-38  4.6826E-38  4.6826E-38  4.6826E-38  4.6826E-38
  4.6827E-38  4.6827E-38  4.6827E-38  4.6827E-38  4.6827E-38
  4.6827E-38  4.6827E-38  4.6827E-38  4.6827E-38  4.6827E-38
  4.6827E-38  4.6827E-38  4.6827E-38  4.6827E-38  4.6827E-38
  4.6827E-38  4.6827E-38  4.6827E-38  4.6827E-38  4.6827E-38
  4.6827E-38  4.6827E-38  4.6827E-38  4.6827E-38  4.6827E-38
  4.6612E-38  4.6612E-38  4.6612E-38  4.6612E-38  4.6612E-38
  4.6612E-38  4.6612E-38  4.6612E-38  4.6612E-38  4.6612E-38
  4.6612E-38  4.6612E-38  4.6612E-38  4.6612E-38  4.6612E-38
  4.6612E-38  4.6612E-38  4.6612E-38  4.6612E-38  4.6612E-38
  4.6612E-38  4.6612E-38  4.6612E-38  4.6612E-38  4.6612E-38
  4.6612E-38  4.6612E-38  4.6612E-38  4.6612E-38  4.6612E-38
  4.6612E-38  4.6612E-38  4.6612E-38  4.6612E-38  4.6612E-38
  4.6748E-38  4.6748E-38  4.6748E-38  4.6748E-38  4.6748E-38
  4.6803E-38  4.6803E-38  4.6803E-38  4.6803E-38  4.6803E-38
  4.6819E-38  4.6819E-38  4.6819E-38  4.6819E-38  4.6819E-38
  4.6824E-38  4.6824E-38  4.6824E-38  4.6824E-38  4.6824E-38
  4.6826E-38  4.6826E-38  4.6826E-38  4.6826E-38  4.6826E-38
  4.6826E-38  4.6826E-38  4.6826E-38  4.6826E-38  4.6826E-38
  4.6826E-38  4.6826E-38  4.6826E-38  4.6826E-38  4.6826E-38
  4.6827E-38  4.6827E-38  4.6827E-38  4.6827E-38  4.6827E-38
  4.6827E-38  4.6827E-38  4.6827E-38  4.6827E-38  4.6827E-38
  4.6827E-38  4.6827E-38  4.6827E-38  4.6827E-38  4.6827E-38
  4.6601E-38  4.6601E-38  4.6601E-38  4.6601E-38  4.6601E-38
  4.6609E-38  4.6609E-38  4.6609E-38  4.6609E-38  4.6609E-38
  4.6611E-38  4.6611E-38  4.6611E-38  4.6611E-38  4.6611E-38
  4.6612E-38  4.6612E-38  4.6612E-38  4.6612E-38  4.6612E-38
  4.6612E-38  4.6612E-38  4.6612E-38  4.6612E-38  4.6612E-38
  4.6612E-38  4.6612E-38  4.6612E-38  4.6612E-38  4.6612E-38
  4.6612E-38  4.6612E-38  4.6612E-38  4.6612E-38  4.6612E-38
  4.6612E-38  4.6612E-38  4.6612E-38  4.6612E-38  4.6612E-38
  4.6651E-38  4.6651E-38  4.6651E-38  4.6651E-38  4.6651E-38
  4.6768E-38  4.6768E-38  4.6768E-38  4.6768E-38  4.6768E-38
  4.6809E-38  4.6809E-38  4.6809E-38  4.6809E-38  4.6809E-38
  4.6821E-38  4.6821E-38  4.6821E-38  4.6821E-38  4.6821E-38
  4.6825E-38  4.6825E-38  4.6825E-38  4.6825E-38  4.6825E-38
  4.6826E-38  4.6826E-38  4.6826E-38  4.6826E-38  4.6826E-38
  4.6826E-38  4.6826E-38  4.6826E-38  4.6826E-38  4.6826E-38
  4.6827E-38  4.6827E-38  4.6827E-38  4.6827E-38  4.6827E-38
  4.6827E-38  4.6827E-38  4.6827E-38  4.6827E-38  4.6827E-38
  4.6555E-38  4.6555E-38  4.6555E-38  4.6555E-38  4.6555E-38
  4.6567E-38  4.6567E-38  4.6567E-38  4.6567E-38  4.6567E-38
  4.6595E-38  4.6595E-38  4.6595E-38  4.6595E-38  4.6595E-38
  4.6607E-38  4.6607E-38  4.6607E-38  4.6607E-38  4.6607E-38
  4.6611E-38  4.6611E-38  4.6611E-38  4.6611E-38  4.6611E-38
  4.6612E-38  4.6612E-38  4.6612E-38  4.6612E-38  4.6612E-38
  4.6612E-38  4.6612E-38  4.6612E-38  4.6612E-38  4.6612E-38
  4.6612E-38  4.6612E-38  4.6612E-38  4.6612E-38  4.6612E-38
  4.6612E-38  4.6612E-38  4.6612E-38  4.6612E-38  4.6612E-38
  4.6612E-38  4.6612E-38  4.6612E-38  4.6612E-38  4.6612E-38
  4.6727E-38  4.6727E-38  4.6727E-38  4.6727E-38  4.6727E-38
  4.6793E-38  4.6793E-38  4.6793E-38  4.6793E-38  4.6793E-38
  4.6817E-38  4.6817E-38  4.6817E-38  4.6817E-38  4.6817E-38
  4.6823E-38  4.6823E-38  4.6823E-38  4.6823E-38  4.6823E-38
  4.6826E-38  4.6826E-38  4.6826E-38  4.6826E-38  4.6826E-38
  4.6826E-38  4.6826E-38  4.6826E-38  4.6826E-38  4.6826E-38
  4.6826E-38  4.6826E-38  4.6826E-38  4.6826E-38  4.6826E-38
  4.6506E-38  4.6506E-38  4.6506E-38  4.6506E-38  4.6506E-38
  4.6529E-38  4.6529E-38  4.6529E-38  4.6529E-38  4.6529E-38
  4.6537E-38  4.6537E-38  4.6537E-38  4.6537E-38  4.6537E-38
  4.6541E-38  4.6541E-38  4.6541E-38  4.6541E-38  4.6541E-38
  4.6569E-38  4.6569E-38  4.6569E-38  4.6569E-38  4.6569E-38
  4.6589E-38  4.6589E-38  4.6589E-38  4.6589E-38  4.6589E-38
  4.6605E-38  4.6605E-38  4.6605E-38  4.6605E-38  4.6605E-38
  4.6611E-38  4.6611E-38  4.6611E-38  4.6611E-38  4.6611E-38
  4.6612E-38  4.6612E-38  4.6612E-38  4.6612E-38  4.6612E-38
  4.6612E-38  4.6612E-38  4.6612E-38  4.6612E-38  4.6612E-38
  4.6612E-38  4.6612E-38  4.6612E-38  4.6612E-38  4.6612E-38
  4.6674E-38  4.6674E-38  4.6674E-38  4.6674E-38  4.6674E-38
  4.6781E-38  4.6781E-38  4.6781E-38  4.6781E-38  4.6781E-38
  4.6811E-38  4.6811E-38  4.6811E-38  4.6811E-38  4.6811E-38
  4.6822E-38  4.6822E-38  4.6822E-38  4.6822E-38  4.6822E-38
  4.6825E-38  4.6825E-38  4.6825E-38  4.6825E-38  4.6825E-38
  4.6826E-38  4.6826E-38  4.6826E-38  4.6826E-38  4.6826E-38
  4.6211E-38  4.6211E-38  4.6211E-38  4.6211E-38  4.6211E-38
  4.6430E-38  4.6430E-38  4.6430E-38  4.6430E-38  4.6430E-38
  4.6507E-38  4.6507E-38  4.6507E-38  4.6507E-38  4.6507E-38
  4.6529E-38  4.6529E-38  4.6529E-38  4.6529E-38  4.6529E-38
  4.6537E-38  4.6537E-38  4.6537E-38  4.6537E-38  4.6537E-38
  4.6540E-38  4.6540E-38  4.6540E-38  4.6540E-38  4.6540E-38
  4.6568E-38  4.6568E-38  4.6568E-38  4.6568E-38  4.6568E-38
  4.6579E-38  4.6579E-38  4.6579E-38  4.6579E-38  4.6579E-38
  4.6589E-38  4.6589E-38  4.6589E-38  4.6589E-38  4.6589E-38
  4.6602E-38  4.6602E-38  4.6602E-38  4.6602E-38  4.6602E-38
  4.6610E-38  4.6610E-38  4.6610E-38  4.6610E-38  4.6610E-38
  4.6612E-38  4.6612E-38  4.6612E-38  4.6612E-38  4.6612E-38
  4.6651E-38  4.6651E-38  4.6651E-38  4.6651E-38  4.6651E-38
  4.6768E-38  4.6768E-38  4.6768E-38  4.6768E-38  4.6768E-38
  4.6809E-38  4.6809E-38  4.6809E-38  4.6809E-38  4.6809E-38
  4.6821E-38  4.6821E-38  4.6821E-38  4.6821E-38  4.6821E-38
  4.6825E-38  4.6825E-38  4.6825E-38  4.6825E-38  4.6825E-38
  4.5311E-38  4.5311E-38  4.5311E-38  4.5311E-38  4.5311E-38
  4.5728E-38  4.5728E-38  4.5728E-38  4.5728E-38  4.5728E-38
  4.6297E-38  4.6297E-38  4.6297E-38  4.6297E-38  4.6297E-38
  4.6462E-38  4.6462E-38  4.6462E-38  4.6462E-38  4.6462E-38
  4.6520E-38  4.6520E-38  4.6520E-38  4.6520E-38  4.6520E-38
  4.6537E-38  4.6537E-38  4.6537E-38  4.6537E-38  4.6537E-38
  4.6542E-38  4.6542E-38  4.6542E-38  4.6542E-38  4.6542E-38
  4.6558E-38  4.6558E-38  4.6558E-38  4.6558E-38  4.6558E-38
  4.6577E-38  4.6577E-38  4.6577E-38  4.6577E-38  4.6577E-38
  4.6585E-38  4.6585E-38  4.6585E-38  4.6585E-38  4.6585E-38
  4.6593E-38  4.6593E-38  4.6593E-38  4.6593E-38  4.6593E-38
  4.6605E-38  4.6605E-38  4.6605E-38  4.6605E-38  4.6605E-38
  4.6615E-38  4.6615E-38  4.6615E-38  4.6615E-38  4.6615E-38
  4.6638E-38  4.6638E-38  4.6638E-38  4.6638E-38  4.6638E-38
  4.6774E-38  4.6774E-38  4.6774E-38  4.6774E-38  4.6774E-38
  4.6812E-38  4.6812E-38  4.6812E-38  4.6812E-38  4.6812E-38
  4.6826E-38  4.6826E-38  4.6826E-38  4.6826E-38  4.6826E-38
  4.5340E-38  4.5340E-38  4.5340E-38  4.5340E-38  4.5340E-38
  4.5339E-38  4.5339E-38  4.5339E-38  4.5339E-38  4.5339E-38
  4.5339E-38  4.5339E-38  4.5339E-38  4.5339E-38  4.5339E-38
  4.6074E-38  4.6074E-38  4.6074E-38  4.6074E-38  4.6074E-38
  4.6424E-38  4.6424E-38  4.6424E-38  4.6424E-38  4.6424E-38
  4.6525E-38  4.6525E-38  4.6525E-38  4.6525E-38  4.6525E-38
  4.6560E-38  4.6560E-38  4.6560E-38  4.6560E-38  4.6560E-38
  4.6570E-38  4.6570E-38  4.6570E-38  4.6570E-38  4.6570E-38
  4.6574E-38  4.6574E-38  4.6574E-38  4.6574E-38  4.6574E-38
  4.6603E-38  4.6603E-38  4.6603E-38  4.6603E-38  4.6603E-38
  4.6615E-38  4.6615E-38  4.6615E-38  4.6615E-38  4.6615E-38
  4.6625E-38  4.6625E-38  4.6625E-38  4.6625E-38  4.6625E-38
  4.6641E-38  4.6641E-38  4.6641E-38  4.6641E-38  4.6641E-38
  4.6652E-38  4.6652E-38  4.6652E-38  4.6652E-38  4.6652E-38
  4.6701E-38  4.6701E-38  4.6701E-38  4.6701E-38  4.6701E-38
  4.6814E-38  4.6814E-38  4.6814E-38  4.6814E-38  4.6814E-38
  4.6854E-38  4.6854E-38  4.6854E-38  4.6854E-38  4.6854E-38
  4.5344E-38  4.5344E-38  4.5344E-38  4.5344E-38  4.5344E-38
  4.5344E-38  4.5344E-38  4.5344E-38  4.5344E-38  4.5344E-38
  4.5343E-38  4.5343E-38  4.5343E-38  4.5343E-38  4.5343E-38
  4.5344E-38  4.5344E-38  4.5344E-38  4.5344E-38  4.5344E-38
  4.5821E-38  4.5821E-38  4.5821E-38  4.5821E-38  4.5821E-38
  4.6324E-38  4.6324E-38  4.6324E-38  4.6324E-38  4.6324E-38
  4.6503E-38  4.6503E-38  4.6503E-38  4.6503E-38  4.6503E-38
  4.6554E-38  4.6554E-38  4.6554E-38  4.6554E-38  4.6554E-38
  4.6572E-38  4.6572E-38  4.6572E-38  4.6572E-38  4.6572E-38
  4.6578E-38  4.6578E-38  4.6578E-38  4.6578E-38  4.6578E-38
  4.6605E-38  4.6605E-38  4.6605E-38  4.6605E-38  4.6605E-38
  4.6624E-38  4.6624E-38  4.6624E-38  4.6624E-38  4.6624E-38
  4.6642E-38  4.6642E-38  4.6642E-38  4.6642E-38  4.6642E-38
  4.6657E-38  4.6657E-38  4.6657E-38  4.6657E-38  4.6657E-38
  4.6662E-38  4.6662E-38  4.6662E-38  4.6662E-38  4.6662E-38
  4.6729E-38  4.6729E-38  4.6729E-38  4.6729E-38  4.6729E-38
  4.6833E-38  4.6833E-38  4.6833E-38  4.6833E-38  4.6833E-38
  4.5343E-38  4.5343E-38  4.5343E-38  4.5343E-38  4.5343E-38
  4.5344E-38  4.5344E-38  4.5344E-38  4.5344E-38  4.5344E-38
  4.5344E-38  4.5344E-38  4.5344E-38  4.5344E-38  4.5344E-38
  4.5344E-38  4.5344E-38  4.5344E-38  4.5344E-38  4.5344E-38
  4.5344E-38  4.5344E-38  4.5344E-38  4.5344E-38  4.5344E-38
  4.5488E-38  4.5488E-38  4.5488E-38  4.5488E-38  4.5488E-38
  4.6247E-38  4.6247E-38  4.6247E-38  4.6247E-38  4.6247E-38
  4.6468E-38  4.6468E-38  4.6468E-38  4.6468E-38  4.6468E-38
  4.6547E-38  4.6547E-38  4.6547E-38  4.6547E-38  4.6547E-38
  4.6569E-38  4.6569E-38  4.6569E-38  4.6569E-38  4.6569E-38
  4.6580E-38  4.6580E-38  4.6580E-38  4.6580E-38  4.6580E-38
  4.6606E-38  4.6606E-38  4.6606E-38  4.6606E-38  4.6606E-38
  4.6636E-38  4.6636E-38  4.6636E-38  4.6636E-38  4.6636E-38
  4.6654E-38  4.6654E-38  4.6654E-38  4.6654E-38  4.6654E-38
  4.6662E-38  4.6662E-38  4.6662E-38  4.6662E-38  4.6662E-38
  4.6662E-38  4.6662E-38  4.6662E-38  4.6662E-38  4.6662E-38
  4.6789E-38  4.6789E-38  4.6789E-38  4.6789E-38  4.6789E-38
  4.5344E-38  4.5344E-38  4.5344E-38  4.5344E-38  4.5344E-38
  4.5344E-38  4.5344E-38  4.5344E-38  4.5344E-38  4.5344E-38
  4.5344E-38  4.5344E-38  4.5344E-38  4.5344E-38  4.5344E-38
  4.5344E-38  4.5344E-38  4.5344E-38  4.5344E-38  4.5344E-38
  4.5344E-38  4.5344E-38  4.5344E-38  4.5344E-38  4.5344E-38
  4.5344E-38  4.5344E-38  4.5344E-38  4.5344E-38  4.5344E-38
  4.5344E-38  4.5344E-38  4.5344E-38  4.5344E-38  4.5344E-38
  4.6158E-38  4.6158E-38  4.6158E-38  4.6158E-38  4.6158E-38
  4.6453E-38  4.6453E-38  4.6453E-38  4.6453E-38  4.6453E-38
  4.6538E-38  4.6538E-38  4.6538E-38  4.6538E-38  4.6538E-38
  4.6570E-38  4.6570E-38  4.6570E-38  4.6570E-38  4.6570E-38
  4.6584E-38  4.6584E-38  4.6584E-38  4.6584E-38  4.6584E-38
  4.6619E-38  4.6619E-38  4.6619E-38  4.6619E-38  4.6619E-38
  4.6648E-38  4.6648E-38  4.6648E-38  4.6648E-38  4.6648E-38
  4.6660E-38  4.6660E-38  4.6660E-38  4.6660E-38  4.6660E-38
  4.6662E-38  4.6662E-38  4.6662E-38  4.6662E-38  4.6662E-38
  4.6713E-38  4.6713E-38  4.6713E-38  4.6713E-38  4.6713E-38
  4.5344E-38  4.5344E-38  4.5344E-38  4.5344E-38  4.5344E-38
  4.5344E-38  4.5344E-38  4.5344E-38  4.5344E-38  4.5344E-38
  4.5344E-38  4.5344E-38  4.5344E-38  4.5344E-38  4.5344E-38
  4.5344E-38  4.5344E-38  4.5344E-38  4.5344E-38  4.5344E-38
  4.5343E-38  4.5343E-38  4.5343E-38  4.5343E-38  4.5343E-38
  4.5344E-38  4.5344E-38  4.5344E-38  4.5344E-38  4.5344E-38
  4.5343E-38  4.5343E-38  4.5343E-38  4.5343E-38  4.5343E-38
  4.5344E-38  4.5344E-38  4.5344E-38  4.5344E-38  4.5344E-38
  4.6151E-38  4.6151E-38  4.6151E-38  4.6151E-38  4.6151E-38
  4.6437E-38  4.6437E-38  4.6437E-38  4.6437E-38  4.6437E-38
  4.6539E-38  4.6539E-38  4.6539E-38  4.6539E-38  4.6539E-38
  4.6573E-38  4.6573E-38  4.6573E-38  4.6573E-38  4.6573E-38
  4.6596E-38  4.6596E-38  4.6596E-38  4.6596E-38  4.6596E-38
  4.6632E-38  4.6632E-38  4.6632E-38  4.6632E-38  4.6632E-38
  4.6655E-38  4.6655E-38  4.6655E-38  4.6655E-38  4.6655E-38
  4.6660E-38  4.6660E-38  4.6660E-38  4.6660E-38  4.6660E-38
  4.6662E-38  4.6662E-38  4.6662E-38  4.6662E-38  4.6662E-38
  4.5344E-38  4.5344E-38  4.5344E-38  4.5344E-38  4.5344E-38
  4.5344E-38  4.5344E-38  4.5344E-38  4.5344E-38  4.5344E-38
  4.5344E-38  4.5344E-38  4.5344E-38  4.5344E-38  4.5344E-38
  4.5344E-38  4.5344E-38  4.5344E-38  4.5344E-38  4.5344E-38
  4.5344E-38  4.5344E-38  4.5344E-38  4.5344E-38  4.5344E-38
  4.5344E-38  4.5344E-38  4.5344E-38  4.5344E-38  4.5344E-38
  4.5344E-38  4.5344E-38  4.5344E-38  4.5344E-38  4.5344E-38
  4.5343E-38  4.5343E-38  4.5343E-38  4.5343E-38  4.5343E-38
  4.5344E-38  4.5344E-38  4.5344E-38  4.5344E-38  4.5344E-38
  4.6144E-38  4.6144E-38  4.6144E-38  4.6144E-38  4.6144E-38
  4.6450E-38  4.6450E-38  4.6450E-38  4.6450E-38  4.6450E-38
  4.6543E-38  4.6543E-38  4.6543E-38  4.6543E-38  4.6543E-38
  4.6585E-38  4.6585E-38  4.6585E-38  4.6585E-38  4.6585E-38
  4.6609E-38  4.6609E-38  4.6609E-38  4.6609E-38  4.6609E-38
  4.6643E-38  4.6643E-38  4.6643E-38  4.6643E-38  4.6643E-38
  4.6656E-38  4.6656E-38  4.6656E-38  4.6656E-38  4.6656E-38
  4.6661E-38  4.6661E-38  4.6661E-38  4.6661E-38  4.6661E-38
  4.5344E-38  4.5344E-38  4.5344E-38  4.5344E-38  4.5344E-38
  4.5345E-38  4.5345E-38  4.5345E-38  4.5345E-38  4.5345E-38
  4.5344E-38  4.5344E-38  4.5344E-38  4.5344E-38  4.5344E-38
  4.5344E-38  4.5344E-38  4.5344E-38  4.5344E-38  4.5344E-38
  4.5344E-38  4.5344E-38  4.5344E-38  4.5344E-38  4.5344E-38
  4.5344E-38  4.5344E-38  4.5344E-38  4.5344E-38  4.5344E-38
  4.5344E-38  4.5344E-38  4.5344E-38  4.5344E-38  4.5344E-38
  4.5344E-38  4.5344E-38  4.5344E-38  4.5344E-38  4.5344E-38
  4.5343E-38  4.5343E-38  4.5343E-38  4.5343E-38  4.5343E-38
  4.5378E-38  4.5378E-38  4.5378E-38  4.5378E-38  4.5378E-38
  4.6215E-38  4.6215E-38  4.6215E-38  4.6215E-38  4.6215E-38
  4.6463E-38  4.6463E-38  4.6463E-38  4.6463E-38  4.6463E-38
  4.6560E-38  4.6560E-38  4.6560E-38  4.6560E-38  4.6560E-38
  4.6600E-38  4.6600E-38  4.6600E-38  4.6600E-38  4.6600E-38
  4.6618E-38  4.6618E-38  4.6618E-38  4.6618E-38  4.6618E-38
  4.6647E-38  4.6647E-38  4.6647E-38  4.6647E-38  4.6647E-38
  4.6658E-38  4.6658E-38  4.6658E-38  4.6658E-38  4.6658E-38
  4.5342E-38  4.5342E-38  4.5342E-38  4.5342E-38  4.5342E-38
  4.5345E-38  4.5345E-38  4.5345E-38  4.5345E-38  4.5345E-38
  4.5345E-38  4.5345E-38  4.5345E-38  4.5345E-38  4.5345E-38
  4.5344E-38  4.5344E-38  4.5344E-38  4.5344E-38  4.5344E-38
  4.5344E-38  4.5344E-38  4.5344E-38  4.5344E-38  4.5344E-38
  4.5344E-38  4.5344E-38  4.5344E-38  4.5344E-38  4.5344E-38
  4.5344E-38  4.5344E-38  4.5344E-38  4.5344E-38  4.5344E-38
  4.5344E-38  4.5344E-38  4.5344E-38  4.5344E-38  4.5344E-38
  4.5344E-38  4.5344E-38  4.5344E-38  4.5344E-38  4.5344E-38
  4.5344E-38  4.5344E-38  4.5344E-38  4.5344E-38  4.5344E-38
  4.5644E-38  4.5644E-38  4.5644E-38  4.5644E-38  4.5644E-38
  4.6268E-38  4.6268E-38  4.6268E-38  4.6268E-38  4.6268E-38
  4.6500E-38  4.6500E-38  4.6500E-38  4.6500E-38  4.6500E-38
  4.6579E-38  4.6579E-38  4.6579E-38  4.6579E-38  4.6579E-38
  4.6612E-38  4.6612E-38  4.6612E-38  4.6612E-38  4.6612E-38
  4.6625E-38  4.6625E-38  4.6625E-38  4.6625E-38  4.6625E-38
  4.6651E-38  4.6651E-38  4.6651E-38  4.6651E-38  4.6651E-38
  4.6659E-38  4.6659E-38  4.6659E-38  4.6659E-38  4.6659E-38
  4.5344E-38  4.5344E-38  4.5344E-38  4.5344E-38  4.5344E-38
  4.5344E-38  4.5344E-38  4.5344E-38  4.5344E-38  4.5344E-38
  4.5347E-38  4.5347E-38  4.5347E-38  4.5347E-38  4.5347E-38
  4.5346E-38  4.5346E-38  4.5346E-38  4.5346E-38  4.5346E-38
  4.5345E-38  4.5345E-38  4.5345E-38  4.5345E-38  4.5345E-38
  4.5344E-38  4.5344E-38  4.5344E-38  4.5344E-38  4.5344E-38
  4.5344E-38  4.5344E-38  4.5344E-38  4.5344E-38  4.5344E-38
  4.5344E-38  4.5344E-38  4.5344E-38  4.5344E-38  4.5344E-38
  4.5344E-38  4.5344E-38  4.5344E-38  4.5344E-38  4.5344E-38
  4.5344E-38  4.5344E-38  4.5344E-38  4.5344E-38  4.5344E-38
  4.5345E-38  4.5345E-38  4.5345E-38  4.5345E-38  4.5345E-38
  4.5828E-38  4.5828E-38  4.5828E-38  4.5828E-38  4.5828E-38
  4.6365E-38  4.6365E-38  4.6365E-38  4.6365E-38  4.6365E-38
  4.6533E-38  4.6533E-38  4.6533E-38  4.6533E-38  4.6533E-38
  4.6598E-38  4.6598E-38  4.6598E-38  4.6598E-38  4.6598E-38
  4.6615E-38  4.6615E-38  4.6615E-38  4.6615E-38  4.6615E-38
  4.6638E-38  4.6638E-38  4.6638E-38  4.6638E-38  4.6638E-38
  4.6654E-38  4.6654E-38  4.6654E-38  4.6654E-38  4.6654E-38
  4.5347E-38  4.5347E-38  4.5347E-38  4.5347E-38  4.5347E-38
  4.5344E-38  4.5344E-38  4.5344E-38  4.5344E-38  4.5344E-38
  4.5347E-38  4.5347E-38  4.5347E-38  4.5347E-38  4.5347E-38
  4.5346E-38  4.5346E-38  4.5346E-38  4.5346E-38  4.5346E-38
  4.5346E-38  4.5346E-38  4.5346E-38  4.5346E-38  4.5346E-38
  4.5344E-38  4.5344E-38  4.5344E-38  4.5344E-38  4.5344E-38
  4.5344E-38  4.5344E-38  4.5344E-38  4.5344E-38  4.5344E-38
  4.5344E-38  4.5344E-38  4.5344E-38  4.5344E-38  4.5344E-38
  4.5344E-38  4.5344E-38  4.5344E-38  4.5344E-38  4.5344E-38
  4.5344E-38  4.5344E-38  4.5344E-38  4.5344E-38  4.5344E-38
  4.5345E-38  4.5345E-38  4.5345E-38  4.5345E-38  4.5345E-38
  4.5457E-38  4.5457E-38  4.5457E-38  4.5457E-38  4.5457E-38
  4.6250E-38  4.6250E-38  4.6250E-38  4.6250E-38  4.6250E-38
  4.6494E-38  4.6494E-38  4.6494E-38  4.6494E-38  4.6494E-38
  4.6586E-38  4.6586E-38  4.6586E-38  4.6586E-38  4.6586E-38
  4.6611E-38  4.6611E-38  4.6611E-38  4.6611E-38  4.6611E-38
  4.6626E-38  4.6626E-38  4.6626E-38  4.6626E-38  4.6626E-38
  4.6651E-38  4.6651E-38  4.6651E-38  4.6651E-38  4.6651E-38
  4.5351E-38  4.5351E-38  4.5351E-38  4.5351E-38  4.5351E-38
  4.5345E-38  4.5345E-38  4.5345E-38  4.5345E-38  4.5345E-38
  4.5346E-38  4.5346E-38  4.5346E-38  4.5346E-38  4.5346E-38
  4.5347E-38  4.5347E-38  4.5347E-38  4.5347E-38  4.5347E-38
  4.5346E-38  4.5346E-38  4.5346E-38  4.5346E-38  4.5346E-38
  4.5345E-38  4.5345E-38  4.5345E-38  4.5345E-38  4.5345E-38
  4.5344E-38  4.5344E-38  4.5344E-38  4.5344E-38  4.5344E-38
  4.5344E-38  4.5344E-38  4.5344E-38  4.5344E-38  4.5344E-38
  4.5344E-38  4.5344E-38  4.5344E-38  4.5344E-38  4.5344E-38
  4.5344E-38  4.5344E-38  4.5344E-38  4.5344E-38  4.5344E-38
  4.5345E-38  4.5345E-38  4.5345E-38  4.5345E-38  4.5345E-38
  4.5348E-38  4.5348E-38  4.5348E-38  4.5348E-38  4.5348E-38
  4.6112E-38  4.6112E-38  4.6112E-38  4.6112E-38  4.6112E-38
  4.6446E-38  4.6446E-38  4.6446E-38  4.6446E-38  4.6446E-38
  4.6572E-38  4.6572E-38  4.6572E-38  4.6572E-38  4.6572E-38
  4.6607E-38  4.6607E-38  4.6607E-38  4.6607E-38  4.6607E-38
  4.6618E-38  4.6618E-38  4.6618E-38  4.6618E-38  4.6618E-38
  4.6645E-38  4.6645E-38  4.6645E-38  4.6645E-38  4.6645E-38
  4.5362E-38  4.5362E-38  4.5362E-38  4.5362E-38  4.5362E-38
  4.5352E-38  4.5352E-38  4.5352E-38  4.5352E-38  4.5352E-38
  4.5347E-38  4.5347E-38  4.5347E-38  4.5347E-38  4.5347E-38
  4.5349E-38  4.5349E-38  4.5349E-38  4.5349E-38  4.5349E-38
  4.5347E-38  4.5347E-38  4.5347E-38  4.5347E-38  4.5347E-38
  4.5346E-38  4.5346E-38  4.5346E-38  4.5346E-38  4.5346E-38
  4.5345E-38  4.5345E-38  4.5345E-38  4.5345E-38  4.5345E-38
  4.5345E-38  4.5345E-38  4.5345E-38  4.5345E-38  4.5345E-38
  4.5344E-38  4.5344E-38  4.5344E-38  4.5344E-38  4.5344E-38
  4.5344E-38  4.5344E-38  4.5344E-38  4.5344E-38  4.5344E-38
  4.5345E-38  4.5345E-38  4.5345E-38  4.5345E-38  4.5345E-38
  4.5347E-38  4.5347E-38  4.5347E-38  4.5347E-38  4.5347E-38
  4.5687E-38  4.5687E-38  4.5687E-38  4.5687E-38  4.5687E-38
  4.6301E-38  4.6301E-38  4.6301E-38  4.6301E-38  4.6301E-38
  4.6528E-38  4.6528E-38  4.6528E-38  4.6528E-38  4.6528E-38
  4.6592E-38  4.6592E-38  4.6592E-38  4.6592E-38  4.6592E-38
  4.6614E-38  4.6614E-38  4.6614E-38  4.6614E-38  4.6614E-38
  4.6629E-38  4.6629E-38  4.6629E-38  4.6629E-38  4.6629E-38
  4.5001E-38  4.5001E-38  4.5001E-38  4.5001E-38  4.5001E-38
  4.5000E-38  4.5000E-38  4.5000E-38  4.5000E-38  4.5000E-38
  4.5000E-38  4.5000E-38  4.5000E-38  4.5000E-38  4.5000E-38
  4.5001E-38  4.5001E-38  4.5001E-38  4.5001E-38  4.5001E-38
  4.5001E-38  4.5001E-38  4.5001E-38  4.5001E-38  4.5001E-38
  4.5000E-38  4.5000E-38  4.5000E-38  4.5000E-38  4.5000E-38
  4.5001E-38  4.5001E-38  4.5001E-38  4.5001E-38  4.5001E-38
  4.5001E-38  4.5001E-38  4.5001E-38  4.5001E-38  4.5001E-38
  4.5001E-38  4.5001E-38  4.5001E-38  4.5001E-38  4.5001E-38
  4.5001E-38  4.5001E-38  4.5001E-38  4.5001E-38  4.5001E-38
  4.5001E-38  4.5001E-38  4.5001E-38  4.5001E-38  4.5001E-38
  4.5001E-38  4.5001E-38  4.5001E-38  4.5001E-38  4.5001E-38
  4.5001E-38  4.5001E-38  4.5001E-38  4.5001E-38  4.5001E-38
  4.5673E-38  4.5673E-38  4.5673E-38  4.5673E-38  4.5673E-38
  4.6053E-38  4.6053E-38  4.6053E-38  4.6053E-38  4.6053E-38
  4.6162E-38  4.6162E-38  4.6162E-38  4.6162E-38  4.6162E-38
  4.6201E-38  4.6201E-38  4.6201E-38  4.6201E-38  4.6201E-38
  4.6212E-38  4.6212E-38  4.6212E-38  4.6212E-38  4.6212E-38
  4.5000E-38  4.5000E-38  4.5000E-38  4.5000E-38  4.5000E-38
  4.5000E-38  4.5000E-38  4.5000E-38  4.5000E-38  4.5000E-38
  4.5001E-38  4.5001E-38  4.5001E-38  4.5001E-38  4.5001E-38
  4.5001E-38  4.5001E-38  4.5001E-38  4.5001E-38  4.5001E-38
  4.5001E-38  4.5001E-38  4.5001E-38  4.5001E-38  4.5001E-38
  4.5001E-38  4.5001E-38  4.5001E-38  4.5001E-38  4.5001E-38
  4.5001E-38  4.5001E-38  4.5001E-38  4.5001E-38  4.5001E-38
  4.5001E-38  4.5001E-38  4.5001E-38  4.5001E-38  4.5001E-38
  4.5001E-38  4.5001E-38  4.5001E-38  4.5001E-38  4.5001E-38
  4.5001E-38  4.5001E-38  4.5001E-38  4.5001E-38  4.5001E-38
  4.5001E-38  4.5001E-38  4.5001E-38  4.5001E-38  4.5001E-38
  4.5001E-38  4.5001E-38  4.5001E-38  4.5001E-38  4.5001E-38
  4.5001E-38  4.5001E-38  4.5001E-38  4.5001E-38  4.5001E-38
  4.5273E-38  4.5273E-38  4.5273E-38  4.5273E-38  4.5273E-38
  4.5930E-38  4.5930E-38  4.5930E-38  4.5930E-38  4.5930E-38
  4.6121E-38  4.6121E-38  4.6121E-38  4.6121E-38  4.6121E-38
  4.6189E-38  4.6189E-38  4.6189E-38  4.6189E-38  4.6189E-38
  4.6208E-38  4.6208E-38  4.6208E-38  4.6208E-38  4.6208E-38
  4.5001E-38  4.5001E-38  4.5001E-38  4.5001E-38  4.5001E-38
  4.5001E-38  4.5001E-38  4.5001E-38  4.5001E-38  4.5001E-38
  4.5000E-38  4.5000E-38  4.5000E-38  4.5000E-38  4.5000E-38
  4.5001E-38  4.5001E-38  4.5001E-38  4.5001E-38  4.5001E-38
  4.5000E-38  4.5000E-38  4.5000E-38  4.5000E-38  4.5000E-38
  4.5001E-38  4.5001E-38  4.5001E-38  4.5001E-38  4.5001E-38
  4.5001E-38  4.5001E-38  4.5001E-38  4.5001E-38  4.5001E-38
  4.5001E-38  4.5001E-38  4.5001E-38  4.5001E-38  4.5001E-38
  4.5001E-38  4.5001E-38  4.5001E-38  4.5001E-38  4.5001E-38
  4.5001E-38  4.5001E-38  4.5001E-38  4.5001E-38  4.5001E-38
  4.5001E-38  4.5001E-38  4.5001E-38  4.5001E-38  4.5001E-38
  4.5001E-38  4.5001E-38  4.5001E-38  4.5001E-38  4.5001E-38
  4.5001E-38  4.5001E-38  4.5001E-38  4.5001E-38  4.5001E-38
  4.5001E-38  4.5001E-38  4.5001E-38  4.5001E-38  4.5001E-38
  4.5733E-38  4.5733E-38  4.5733E-38  4.5733E-38  4.5733E-38
  4.6055E-38  4.6055E-38  4.6055E-38  4.6055E-38  4.6055E-38
  4.6169E-38  4.6169E-38  4.6169E-38  4.6169E-38  4.6169E-38
  4.6201E-38  4.6201E-38  4.6201E-38  4.6201E-38  4.6201E-38
  4.5001E-38  4.5001E-38  4.5001E-38  4.5001E-38  4.5001E-38
  4.5000E-38  4.5000E-38  4.5000E-38  4.5000E-38  4.5000E-38
  4.5001E-38  4.5001E-38  4.5001E-38  4.5001E-38  4.5001E-38
  4.5000E-38  4.5000E-38  4.5000E-38  4.5000E-38  4.5000E-38
  4.5001E-38  4.5001E-38  4.5001E-38  4.5001E-38  4.5001E-38
  4.5001E-38  4.5001E-38  4.5001E-38  4.5001E-38  4.5001E-38
  4.5001E-38  4.5001E-38  4.5001E-38  4.5001E-38  4.5001E-38
  4.5001E-38  4.5001E-38  4.5001E-38  4.5001E-38  4.5001E-38
  4.5001E-38  4.5001E-38  4.5001E-38  4.5001E-38  4.5001E-38
  4.5001E-38  4.5001E-38  4.5001E-38  4.5001E-38  4.5001E-38
  4.5001E-38  4.5001E-38  4.5001E-38  4.5001E-38  4.5001E-38
  4.5001E-38  4.5001E-38  4.5001E-38  4.5001E-38  4.5001E-38
  4.5001E-38  4.5001E-38  4.5001E-38  4.5001E-38  4.5001E-38
  4.5001E-38  4.5001E-38  4.5001E-38  4.5001E-38  4.5001E-38
  4.5430E-38  4.5430E-38  4.5430E-38  4.5430E-38  4.5430E-38
  4.5952E-38  4.5952E-38  4.5952E-38  4.5952E-38  4.5952E-38
  4.6138E-38  4.6138E-38  4.6138E-38  4.6138E-38  4.6138E-38
  4.6191E-38  4.6191E-38  4.6191E-38  4.6191E-38  4.6191E-38
  4.5000E-38  4.5000E-38  4.5000E-38  4.5000E-38  4.5000E-38
  4.5001E-38  4.5001E-38  4.5001E-38  4.5001E-38  4.5001E-38
  4.5001E-38  4.5001E-38  4.5001E-38  4.5001E-38  4.5001E-38
  4.5001E-38  4.5001E-38  4.5001E-38  4.5001E-38  4.5001E-38
  4.5001E-38  4.5001E-38  4.5001E-38  4.5001E-38  4.5001E-38
  4.5001E-38  4.5001E-38  4.5001E-38  4.5001E-38  4.5001E-38
  4.5000E-38  4.5000E-38  4.5000E-38  4.5000E-38  4.5000E-38
  4.5001E-38  4.5001E-38  4.5001E-38  4.5001E-38  4.5001E-38
  4.5000E-38  4.5000E-38  4.5000E-38  4.5000E-38  4.5000E-38
  4.5001E-38  4.5001E-38  4.5001E-38  4.5001E-38  4.5001E-38
  4.5001E-38  4.5001E-38  4.5001E-38  4.5001E-38  4.5001E-38
  4.5001E-38  4.5001E-38  4.5001E-38  4.5001E-38  4.5001E-38
  4.5001E-38  4.5001E-38  4.5001E-38  4.5001E-38  4.5001E-38
  4.5001E-38  4.5001E-38  4.5001E-38  4.5001E-38  4.5001E-38
  4.5001E-38  4.5001E-38  4.5001E-38  4.5001E-38  4.5001E-38
  4.5797E-38  4.5797E-38  4.5797E-38  4.5797E-38  4.5797E-38
  4.6090E-38  4.6090E-38  4.6090E-38  4.6090E-38  4.6090E-38
  4.6175E-38  4.6175E-38  4.6175E-38  4.6175E-38  4.6175E-38
  4.5000E-38  4.5000E-38  4.5000E-38  4.5000E-38  4.5000E-38
  4.5001E-38  4.5001E-38  4.5001E-38  4.5001E-38  4.5001E-38
  4.5000E-38  4.5000E-38  4.5000E-38  4.5000E-38  4.5000E-38
  4.5001E-38  4.5001E-38  4.5001E-38  4.5001E-38  4.5001E-38
  4.5001E-38  4.5001E-38  4.5001E-38  4.5001E-38  4.5001E-38
  4.5000E-38  4.5000E-38  4.5000E-38  4.5000E-38  4.5000E-38
  4.5001E-38  4.5001E-38  4.5001E-38  4.5001E-38  4.5001E-38
  4.5001E-38  4.5001E-38  4.5001E-38  4.5001E-38  4.5001E-38
  4.5000E-38  4.5000E-38  4.5000E-38  4.5000E-38  4.5000E-38
  4.5001E-38  4.5001E-38  4.5001E-38  4.5001E-38  4.5001E-38
  4.5001E-38  4.5001E-38  4.5001E-38  4.5001E-38  4.5001E-38
  4.5001E-38  4.5001E-38  4.5001E-38  4.5001E-38  4.5001E-38
  4.5001E-38  4.5001E-38  4.5001E-38  4.5001E-38  4.5001E-38
  4.5001E-38  4.5001E-38  4.5001E-38  4.5001E-38  4.5001E-38
  4.5001E-38  4.5001E-38  4.5001E-38  4.5001E-38  4.5001E-38
  4.5569E-38  4.5569E-38  4.5569E-38  4.5569E-38  4.5569E-38
  4.6021E-38  4.6021E-38  4.6021E-38  4.6021E-38  4.6021E-38
  4.6152E-38  4.6152E-38  4.6152E-38  4.6152E-38  4.6152E-38
  4.5000E-38  4.5000E-38  4.5000E-38  4.5000E-38  4.5000E-38
  4.5000E-38  4.5000E-38  4.5000E-38  4.5000E-38  4.5000E-38
  4.5001E-38  4.5001E-38  4.5001E-38  4.5001E-38  4.5001E-38
  4.5000E-38  4.5000E-38  4.5000E-38  4.5000E-38  4.5000E-38
  4.5000E-38  4.5000E-38  4.5000E-38  4.5000E-38  4.5000E-38
  4.5001E-38  4.5001E-38  4.5001E-38  4.5001E-38  4.5001E-38
  4.5001E-38  4.5001E-38  4.5001E-38  4.5001E-38  4.5001E-38
  4.5001E-38  4.5001E-38  4.5001E-38  4.5001E-38  4.5001E-38
  4.5001E-38  4.5001E-38  4.5001E-38  4.5001E-38  4.5001E-38
  4.5001E-38  4.5001E-38  4.5001E-38  4.5001E-38  4.5001E-38
  4.5001E-38  4.5001E-38  4.5001E-38  4.5001E-38  4.5001E-38
  4.5001E-38  4.5001E-38  4.5001E-38  4.5001E-38  4.5001E-38
  4.5001E-38  4.5001E-38  4.5001E-38  4.5001E-38  4.5001E-38
  4.5001E-38  4.5001E-38  4.5001E-38  4.5001E-38  4.5001E-38
  4.5001E-38  4.5001E-38  4.5001E-38  4.5001E-38  4.5001E-38
  4.5001E-38  4.5001E-38  4.5001E-38  4.5001E-38  4.5001E-38
  4.5692E-38  4.5692E-38  4.5692E-38  4.5692E-38  4.5692E-38
  4.6041E-38  4.6041E-38  4.6041E-38  4.6041E-38  4.6041E-38
  4.5177E-38  2.1854E-22  2.0883E-32  2.4538E-31  1.0347E-31
  4.5176E-38  7.2850E-23  3.9366E-33  4.6257E-32  1.9506E-32
  4.5177E-38  2.1855E-23  6.3851E-34  7.5027E-33  3.1639E-33
  4.5178E-38  7.2851E-24  1.2206E-34  1.4342E-33  6.0482E-34
  4.5177E-38  2.1854E-24  1.9972E-35  2.3468E-34  9.8966E-35
  4.5178E-38  7.2847E-25  3.8354E-36  4.5066E-35  1.9004E-35
  4.5177E-38  2.1852E-25  6.2926E-37  7.3940E-36  3.1179E-36
  4.5178E-38  7.2813E-26  1.2095E-37  1.4213E-36  5.9933E-37
  4.5178E-38  2.1822E-26  4.5178E-38  2.3308E-37  9.8291E-38
  4.5178E-38  7.2633E-27  4.5178E-38  4.5178E-38  4.5178E-38
  4.5178E-38  2.1768E-27  4.5178E-38  4.5178E-38  4.5178E-38
  4.5178E-38  7.2550E-28  4.5178E-38  4.5178E-38  4.5178E-38
  4.5178E-38  2.1764E-28  4.5178E-38  4.5178E-38  4.5178E-38
  4.5178E-38  7.2548E-29  4.5178E-38  4.5178E-38  4.5178E-38
  4.5178E-38  2.1764E-29  4.5178E-38  4.5178E-38  4.5178E-38
  4.5178E-38  7.2548E-30  4.5178E-38  4.5178E-38  4.5178E-38
  4.5402E-38  2.1817E-30  4.5401E-38  4.5401E-38  4.5401E-38
  4.6892E-38  7.3904E-31  4.6891E-38  4.6891E-38  4.6891E-38
  6.3913E-37  2.9962E-20  4.9640E-29  4.9347E-28  2.1792E-28
  1.2292E-37  9.9836E-21  8.8326E-30  8.7804E-29  3.8777E-29
  4.5177E-38  2.9950E-21  1.3787E-30  1.3706E-29  6.0529E-30
  4.5177E-38  9.9835E-22  2.5818E-31  2.5665E-30  1.1335E-30
  4.5178E-38  2.9950E-22  4.1699E-32  4.1453E-31  1.8307E-31
  4.5178E-38  9.9835E-23  7.9533E-33  7.9063E-32  3.4918E-32
  4.5177E-38  2.9948E-23  1.2995E-33  1.2918E-32  5.7051E-33
  4.5178E-38  9.9815E-24  2.4931E-34  2.4784E-33  1.0946E-33
  4.5177E-38  2.9929E-24  4.0863E-35  4.0622E-34  1.7940E-34
  4.5178E-38  9.9659E-25  7.8442E-36  7.7979E-35  3.4438E-35
  4.5178E-38  2.9850E-25  1.2850E-36  1.2774E-35  5.6416E-36
  4.5178E-38  9.9434E-26  2.4699E-37  2.4553E-36  1.0844E-36
  4.5179E-38  2.9827E-26  4.5179E-38  4.0333E-37  1.7811E-37
  4.5178E-38  9.9423E-27  4.5178E-38  7.7611E-38  4.5178E-38
  4.5178E-38  2.9827E-27  4.5178E-38  4.5178E-38  4.5178E-38
  4.5178E-38  9.9422E-28  4.5178E-38  4.5178E-38  4.5178E-38
  4.5178E-38  2.9827E-28  4.5178E-38  4.5178E-38  4.5178E-38
  4.6140E-38  1.0047E-28  4.6139E-38  4.6139E-38  4.6139E-38
  1.7478E-33  2.3702E-18  6.3657E-26  5.4529E-25  2.5083E-25
  3.3439E-34  7.8684E-19  9.9318E-27  8.5078E-26  3.9134E-26
  5.4885E-35  2.3589E-19  1.4032E-27  1.2020E-26  5.5288E-27
  1.0561E-35  7.8631E-20  2.4766E-28  2.1215E-27  9.7584E-28
  1.7354E-36  2.3589E-20  3.8425E-29  3.2916E-28  1.5140E-28
  3.3397E-37  7.8635E-21  7.1713E-30  6.1431E-29  2.8257E-29
  4.5178E-38  2.3590E-21  1.1556E-30  9.8993E-30  4.5534E-30
  4.5178E-38  7.8628E-22  2.2013E-31  1.8857E-30  8.6739E-31
  4.5178E-38  2.3582E-22  3.5932E-32  3.0779E-31  1.4157E-31
  4.5178E-38  7.8561E-23  6.8863E-33  5.8989E-32  2.7133E-32
  4.5178E-38  2.3534E-23  1.1268E-33  9.6522E-33  4.4398E-33
  4.5178E-38  7.8347E-24  2.1620E-34  1.8520E-33  8.5188E-34
  4.5179E-38  2.3494E-24  3.5481E-35  3.0394E-34  1.3980E-34
  4.5178E-38  7.8311E-25  6.8254E-36  5.8468E-35  2.6894E-35
  4.5178E-38  2.3493E-25  1.1213E-36  9.6053E-36  4.4182E-36
  4.5178E-38  7.8310E-26  2.1577E-37  1.8484E-36  8.5019E-37
  4.5178E-38  2.3493E-26  4.5178E-38  3.0370E-37  1.3969E-37
  4.5178E-38  7.8310E-27  4.5178E-38  5.8444E-38  4.5178E-38
  1.0481E-30  5.9355E-17  2.6613E-23  1.9952E-22  7.0461E-24
  3.9640E-31  3.9084E-17  7.0366E-24  5.2752E-23  5.6461E-24
  6.4665E-32  1.1667E-17  8.4546E-25  6.3384E-24  2.2709E-24
  1.2431E-32  3.8862E-18  1.3289E-25  9.9630E-25  4.7512E-25
  2.0423E-33  1.1659E-18  1.8827E-26  1.4114E-25  6.7311E-26
  3.9304E-34  3.8864E-19  3.3272E-27  2.4944E-26  1.1895E-26
  6.4581E-35  1.1660E-19  5.1663E-28  3.8732E-27  1.8470E-27
  1.2428E-35  3.8865E-20  9.6459E-29  7.2315E-28  3.4486E-28
  2.0417E-36  1.1658E-20  1.5546E-29  1.1655E-28  5.5580E-29
  3.9272E-37  3.8846E-21  2.9607E-30  2.2196E-29  1.0584E-29
  6.4436E-38  1.1643E-21  4.8276E-31  3.6193E-30  1.7259E-30
  4.5178E-38  3.8752E-22  9.2404E-32  6.9274E-31  3.3036E-31
  4.5178E-38  1.1614E-22  1.5130E-32  1.1343E-31  5.4093E-32
  4.5178E-38  3.8707E-23  2.9082E-33  2.1803E-32  1.0397E-32
  4.5178E-38  1.1612E-23  4.7754E-34  3.5802E-33  1.7073E-33
  4.5178E-38  3.8706E-24  9.1874E-35  6.8877E-34  3.2847E-34
  4.5178E-38  1.1612E-24  1.5093E-35  1.1315E-34  5.3962E-35
  4.5178E-38  3.8706E-25  2.9045E-36  2.1774E-35  1.0384E-35
  6.1190E-28  1.9885E-15  1.4000E-20  9.3076E-20  2.7885E-22
  1.1656E-28  6.5820E-16  1.6818E-21  1.1181E-20  1.0114E-22
  3.7616E-29  3.8990E-16  3.4657E-22  2.3041E-21  7.0229E-23
  7.1920E-30  1.2937E-16  4.7242E-23  3.1410E-22  2.8832E-23
  1.1803E-30  3.8786E-17  5.8329E-24  3.8781E-23  1.1874E-23
  2.2712E-31  1.2929E-17  9.3337E-25  6.2055E-24  3.0562E-24
  3.7320E-32  3.8789E-18  1.3417E-25  8.9205E-25  4.3933E-25
  7.1817E-33  1.2930E-18  2.3929E-26  1.5910E-25  7.8355E-26
  1.1799E-33  3.8790E-19  3.7398E-27  2.4863E-26  1.2245E-26
  2.2702E-34  1.2928E-19  7.0062E-28  4.6580E-27  2.2940E-27
  3.7270E-35  3.8761E-20  1.1310E-28  7.5196E-28  3.7032E-28
  7.1592E-36  1.2905E-20  2.1538E-29  1.4319E-28  7.0521E-29
  1.1736E-36  3.8655E-21  3.5116E-30  2.3346E-29  1.1498E-29
  2.2569E-37  1.2878E-21  6.7344E-31  4.4774E-30  2.2050E-30
  4.5178E-38  3.8635E-22  1.1045E-31  7.3437E-31  3.6167E-31
  4.5178E-38  1.2878E-22  2.1238E-32  1.4120E-31  6.9541E-32
  4.5178E-38  3.8634E-23  3.4880E-33  2.3189E-32  1.1420E-32
  4.5178E-38  1.2878E-23  6.7106E-34  4.4615E-33  2.1972E-33
  8.4364E-21  2.2998E-11  2.1161E-13  3.2358E-15  7.1703E-18
  1.6234E-21  7.6651E-12  2.3715E-14  1.0879E-15  2.4110E-18
  2.6621E-22  2.2963E-12  2.1648E-15  3.3156E-16  7.3473E-19
  2.5400E-23  3.8057E-13  1.2216E-16  5.6460E-17  1.2513E-19
  8.2053E-24  2.2569E-13  2.2623E-17  3.5257E-17  7.8130E-20
  1.5598E-24  7.4599E-14  2.6748E-18  1.2603E-17  2.7928E-20
  2.5537E-25  2.2325E-14  2.7477E-19  1.3559E-18  9.5848E-21
  4.9127E-26  7.4405E-15  3.6832E-20  1.8175E-19  3.8553E-21
  8.0719E-27  2.2323E-15  4.4251E-21  2.1835E-20  1.5439E-21
  1.5533E-27  7.4416E-16  6.9130E-22  3.4112E-21  7.2366E-22
  2.5518E-28  2.2323E-16  9.7300E-23  4.8014E-22  2.5583E-22
  4.9083E-29  7.4391E-17  1.7113E-23  8.4445E-23  4.4996E-23
  8.0523E-30  2.2295E-17  2.6451E-24  1.3052E-23  6.9549E-24
  1.5462E-30  7.4208E-18  4.9192E-25  2.4275E-24  1.2935E-24
  2.5370E-31  2.2242E-18  7.9104E-26  3.9033E-25  2.0799E-25
  4.8815E-32  7.4133E-19  1.5061E-26  7.4321E-26  3.9600E-26
  8.0209E-33  2.2239E-19  2.4587E-27  1.2132E-26  6.4644E-27
  1.5436E-33  7.4131E-20  4.7157E-28  2.3269E-27  1.2399E-27
  9.3618E-16  1.7358E-08  2.2637E-09  3.4671E-12  1.0900E-14
  2.8315E-16  5.7860E-09  7.5619E-10  1.1581E-12  3.6406E-15
  4.6698E-17  1.7358E-09  2.2753E-10  3.4845E-13  1.0952E-15
  9.0030E-18  5.7856E-10  4.6864E-11  1.1665E-13  3.6666E-16
  1.4793E-18  1.7343E-10  4.2461E-12  3.5261E-14  1.1083E-16
  2.8310E-19  5.7573E-11  4.7404E-13  1.1861E-14  3.7285E-17
  4.5749E-20  1.7076E-11  4.2780E-14  3.6101E-15  1.1348E-17
  8.6838E-21  5.6385E-12  4.8584E-15  1.2413E-15  3.9019E-18
  1.4210E-21  1.6866E-12  4.6842E-16  4.0006E-16  1.2575E-18
  2.7333E-22  5.6207E-13  5.8053E-17  1.4879E-16  4.6769E-19
  4.4911E-23  1.6862E-13  6.2856E-18  2.4650E-17  1.6881E-19
  8.6415E-24  5.6209E-14  8.8912E-19  3.4870E-18  7.1645E-20
  1.4191E-24  1.6858E-14  1.1350E-19  4.4515E-19  3.0499E-20
  2.7275E-25  5.6150E-15  1.8616E-20  7.3008E-20  1.5020E-20
  4.4707E-26  1.6819E-15  2.7274E-21  1.0696E-20  6.0508E-21
  8.5917E-27  5.6015E-16  4.9231E-22  1.9308E-21  1.0922E-21
  1.4113E-27  1.6802E-16  7.7645E-23  3.0452E-22  1.7226E-22
  2.7162E-28  5.6007E-17  1.4624E-23  5.7354E-23  3.2445E-23
  7.2565E-13  3.2385E-06  4.4834E-07  7.0300E-10  3.0517E-12
  3.5363E-13  1.0803E-06  1.7027E-07  2.6500E-10  1.1178E-12
  1.0612E-13  3.2420E-07  5.4131E-08  8.3979E-11  3.5017E-13
  3.5377E-14  1.0807E-07  1.8398E-08  2.8513E-11  1.1847E-13
  1.0613E-14  3.2423E-08  5.5686E-09  8.6266E-12  3.5798E-14
  3.5373E-15  1.0806E-08  1.8659E-09  2.8901E-12  1.1988E-14
  6.5349E-16  3.2385E-09  5.6301E-10  8.7201E-13  3.6168E-15
  1.2529E-16  1.0737E-09  7.1036E-11  2.9206E-13  1.2113E-15
  2.0262E-17  3.1815E-10  6.3538E-12  8.8201E-14  3.6580E-16
  3.8603E-18  1.0523E-10  7.1631E-13  3.0061E-14  1.2468E-16
  6.3318E-19  3.1515E-11  6.7933E-14  9.5199E-15  3.9482E-17
  1.2187E-19  1.0503E-11  8.2077E-15  3.4515E-15  1.4314E-17
  2.0024E-20  3.1508E-12  8.5498E-16  1.1986E-15  4.9711E-18
  3.8519E-21  1.0500E-12  1.1586E-16  3.7872E-16  2.0219E-18
  6.3194E-22  3.1469E-13  1.4083E-17  4.6031E-17  8.2011E-19
  1.2133E-22  1.0475E-13  2.2201E-18  7.2565E-18  3.8846E-19
  1.9912E-23  3.1402E-14  3.1531E-19  1.0305E-18  1.8407E-19
  3.8314E-24  1.0466E-14  5.5847E-20  1.8254E-19  9.7821E-20
  2.6374E-11  1.0899E-04  4.1618E-06  7.2694E-09  6.8643E-11
  1.6047E-11  7.2445E-05  3.5505E-06  6.1055E-09  5.1006E-11
  7.9294E-12  2.2081E-05  1.9917E-06  3.2858E-09  2.1441E-11
  4.1807E-12  7.3966E-06  9.9476E-07  1.5986E-09  9.2219E-12
  2.0185E-12  2.2230E-06  3.9037E-07  6.1731E-10  3.3358E-12
  9.8616E-13  7.4142E-07  1.4672E-07  2.3043E-10  1.2148E-12
  3.1670E-13  2.2245E-07  4.6514E-08  7.2832E-11  3.8014E-13
  1.0554E-13  7.4134E-08  1.5825E-08  2.4753E-11  1.2880E-13
  3.1575E-14  2.2178E-08  4.7972E-09  7.5000E-12  3.8983E-14
  8.8838E-15  7.3261E-09  1.6031E-09  2.5060E-12  1.3021E-14
  1.4491E-15  2.1719E-09  1.4978E-10  7.5839E-13  3.9401E-15
  2.7888E-16  7.2135E-10  1.7015E-11  2.5945E-13  1.3479E-15
  4.5936E-17  2.1628E-10  1.6152E-12  8.2155E-14  4.2680E-16
  8.8524E-18  7.2083E-11  1.9477E-13  2.9729E-14  1.5443E-16
  1.4548E-18  2.1614E-11  2.0211E-14  1.0289E-14  5.3455E-17
  2.7961E-19  7.1971E-12  2.7257E-15  4.1681E-15  2.1653E-17
  4.5847E-20  2.1561E-12  3.2967E-16  9.2947E-16  8.7443E-18
  8.8171E-21  7.1840E-13  5.1880E-17  1.4626E-16  4.1305E-18
  3.0179E-10  1.0871E-04  4.5392E-06  8.0324E-09  1.0246E-10
  2.4534E-10  1.0868E-04  4.5270E-06  8.0128E-09  1.0200E-10
  1.8147E-10  1.0865E-04  4.5094E-06  7.9865E-09  1.0141E-10
  1.2953E-10  1.0860E-04  4.4843E-06  7.9504E-09  1.0061E-10
  8.5306E-11  1.0851E-04  4.4380E-06  7.8844E-09  9.9173E-11
  5.1000E-11  6.6388E-05  3.6853E-06  6.4387E-09  6.9618E-11
  2.5214E-11  2.0210E-05  2.0991E-06  3.5222E-09  2.9626E-11
  1.3209E-11  6.7677E-06  1.0656E-06  1.7405E-09  1.2886E-11
  6.2852E-12  2.0336E-06  4.2813E-07  6.8686E-10  4.7470E-12
  2.9945E-12  6.7772E-07  1.6431E-07  2.6144E-10  1.7591E-12
  1.1899E-12  2.0231E-07  5.2619E-08  8.3394E-11  5.5494E-13
  4.6298E-13  6.6685E-08  1.7880E-08  2.8301E-11  1.8768E-13
  1.3765E-13  1.9827E-08  5.4873E-09  8.6756E-12  5.7456E-14
  3.4008E-14  6.5979E-09  6.7540E-10  3.0098E-12  1.9924E-14
  5.6778E-15  1.9784E-09  6.4038E-11  9.5278E-13  6.3054E-15
  1.1007E-15  6.5911E-10  7.6718E-12  3.4285E-13  2.2688E-15
  1.8135E-16  1.9746E-10  7.8722E-13  1.1749E-13  7.7742E-16
  3.4915E-17  6.5745E-11  1.0496E-13  4.7067E-14  3.1143E-16
  9.9897E-10  1.0896E-04  4.9438E-06  8.8655E-09  1.4650E-10
  9.1571E-10  1.0872E-04  4.8846E-06  8.7481E-09  1.4260E-10
  8.1286E-10  1.0857E-04  4.8424E-06  8.6666E-09  1.3996E-10
  6.9892E-10  1.0847E-04  4.8134E-06  8.6137E-09  1.3832E-10
  5.5441E-10  1.0838E-04  4.7818E-06  8.5614E-09  1.3673E-10
  4.1863E-10  1.0830E-04  4.7443E-06  8.5033E-09  1.3502E-10
  2.8621E-10  1.0817E-04  4.6804E-06  8.4077E-09  1.3229E-10
  1.9213E-10  1.0798E-04  4.5844E-06  8.2654E-09  1.2835E-10
  1.1154E-10  7.1986E-05  3.8983E-06  6.9622E-09  9.4621E-11
  5.9415E-11  2.4358E-05  2.4106E-06  4.1535E-09  4.4256E-11
  2.9324E-11  7.3466E-06  1.1889E-06  1.9845E-09  1.8107E-11
  1.4291E-11  2.4461E-06  5.3020E-07  8.6915E-10  7.3808E-12
  5.5995E-12  7.2658E-07  1.8595E-07  3.0199E-10  2.4773E-12
  2.3680E-12  2.3974E-07  6.7480E-08  1.0893E-10  8.8293E-13
  9.7265E-13  7.1688E-08  2.2165E-08  3.5571E-11  2.8676E-13
  4.2346E-13  2.3881E-08  4.8040E-09  1.2970E-11  1.0435E-13
  1.2724E-13  7.1578E-09  4.6906E-10  4.2494E-12  3.4154E-14
  2.5060E-14  2.3825E-09  5.7020E-11  1.5566E-12  1.2506E-14
  2.8732E-09  1.1124E-04  5.8177E-06  1.0684E-08  2.5009E-10
  2.2777E-09  1.1032E-04  5.5579E-06  1.0143E-08  2.2115E-10
  1.8117E-09  1.0954E-04  5.3479E-06  9.7111E-09  2.0071E-10
  1.4621E-09  1.0902E-04  5.2172E-06  9.4461E-09  1.8918E-10
  1.1111E-09  1.0864E-04  5.1211E-06  9.2555E-09  1.8134E-10
  8.1748E-10  1.0841E-04  5.0583E-06  9.1363E-09  1.7665E-10
  5.4467E-10  1.0821E-04  4.9978E-06  9.0294E-09  1.7262E-10
  3.5519E-10  1.0804E-04  4.9333E-06  8.9243E-09  1.6882E-10
  2.1207E-10  1.0779E-04  4.8315E-06  8.7652E-09  1.6330E-10
  1.2867E-10  1.0745E-04  4.6848E-06  8.5392E-09  1.5580E-10
  7.2920E-11  1.0682E-04  4.4277E-06  8.1420E-09  1.4338E-10
  4.1071E-11  4.4696E-05  3.1418E-06  5.6444E-09  7.8931E-11
  1.9578E-11  1.3507E-05  1.6647E-06  2.8984E-09  3.2982E-11
  8.1755E-12  4.4749E-06  7.5560E-07  1.2931E-09  1.3274E-11
  3.2972E-12  1.3283E-06  2.8269E-07  4.7636E-10  4.6530E-12
  1.7226E-12  4.4147E-07  1.1447E-07  1.8990E-10  1.8199E-12
  8.8259E-13  1.3233E-07  4.1181E-08  6.7423E-11  6.3993E-13
  4.7634E-13  4.4065E-08  8.4378E-09  2.7128E-11  2.5650E-13
  1.3728E-08  1.1430E-04  6.9154E-06  1.3029E-08  4.6156E-10
  9.4486E-09  1.1348E-04  6.6422E-06  1.2449E-08  4.0550E-10
  6.5301E-09  1.1238E-04  6.3032E-06  1.1726E-08  3.4409E-10
  4.8717E-09  1.1131E-04  6.0010E-06  1.1087E-08  2.9825E-10
  3.6773E-09  1.1025E-04  5.7190E-06  1.0499E-08  2.6206E-10
  2.8877E-09  1.0946E-04  5.5222E-06  1.0095E-08  2.4002E-10
  2.1795E-09  1.0883E-04  5.3658E-06  9.7811E-09  2.2433E-10
  1.6173E-09  1.0842E-04  5.2581E-06  9.5744E-09  2.1465E-10
  1.0961E-09  1.0804E-04  5.1522E-06  9.3841E-09  2.0625E-10
  7.2592E-10  1.0771E-04  5.0405E-06  9.1971E-09  1.9848E-10
  4.3910E-10  1.0724E-04  4.8676E-06  8.9190E-09  1.8757E-10
  2.6810E-10  1.0657E-04  4.6264E-06  8.5353E-09  1.7345E-10
  1.4978E-10  1.0533E-04  4.2102E-06  7.8698E-09  1.5113E-10
  7.5801E-11  4.9301E-05  2.9511E-06  5.4704E-09  8.5690E-11
  2.8721E-11  1.4793E-05  1.4162E-06  2.5809E-09  3.3027E-11
  1.2834E-11  4.8981E-06  6.4099E-07  1.1457E-09  1.3416E-11
  6.4258E-12  1.4666E-06  2.6735E-07  4.6502E-10  5.2122E-12
  3.5465E-12  4.8858E-07  1.1607E-07  1.9755E-10  2.1716E-12
  5.0343E-08  1.1526E-04  7.3319E-06  1.3761E-08  5.1086E-10
  3.6912E-08  1.1515E-04  7.2594E-06  1.3705E-08  5.3708E-10
  2.5070E-08  1.1470E-04  7.1011E-06  1.3419E-08  5.2190E-10
  1.7347E-08  1.1402E-04  6.8859E-06  1.2978E-08  4.7881E-10
  1.1728E-08  1.1301E-04  6.5873E-06  1.2345E-08  4.1794E-10
  8.4377E-09  1.1194E-04  6.2902E-06  1.1715E-08  3.6466E-10
  6.0757E-09  1.1074E-04  5.9823E-06  1.1069E-08  3.1770E-10
  4.5728E-09  1.0979E-04  5.7458E-06  1.0582E-08  2.8672E-10
  3.3121E-09  1.0894E-04  5.5395E-06  1.0170E-08  2.6312E-10
  2.3830E-09  1.0832E-04  5.3829E-06  9.8725E-09  2.4747E-10
  1.5727E-09  1.0771E-04  5.2127E-06  9.5691E-09  2.3276E-10
  1.0233E-09  1.0709E-04  5.0212E-06  9.2462E-09  2.1827E-10
  6.0896E-10  1.0614E-04  4.7208E-06  8.7535E-09  1.9790E-10
  3.5845E-10  1.0471E-04  4.2951E-06  8.0586E-09  1.7197E-10
  1.6667E-10  1.0142E-04  3.4422E-06  6.6329E-09  1.2680E-10
  6.7636E-11  3.5935E-05  1.8868E-06  3.6226E-09  5.5790E-11
  2.9700E-11  1.0773E-05  8.7637E-07  1.6472E-09  2.2424E-11
  1.6217E-11  3.5934E-06  4.3023E-07  7.8594E-10  1.0132E-11
  8.8461E-08  1.1513E-04  7.2663E-06  1.2954E-08  3.4358E-10
  7.7651E-08  1.1519E-04  7.3302E-06  1.3466E-08  4.3754E-10
  6.3105E-08  1.1518E-04  7.3363E-06  1.3725E-08  5.1650E-10
  4.8926E-08  1.1519E-04  7.2951E-06  1.3759E-08  5.5395E-10
  3.4741E-08  1.1481E-04  7.1703E-06  1.3563E-08  5.5210E-10
  2.4529E-08  1.1419E-04  6.9856E-06  1.3196E-08  5.1871E-10
  1.6579E-08  1.1322E-04  6.7145E-06  1.2629E-08  4.6270E-10
  1.1712E-08  1.1215E-04  6.4287E-06  1.2027E-08  4.0848E-10
  8.1391E-09  1.1087E-04  6.1139E-06  1.1369E-08  3.5697E-10
  5.8696E-09  1.0979E-04  5.8533E-06  1.0839E-08  3.2054E-10
  4.0327E-09  1.0875E-04  5.6025E-06  1.0348E-08  2.9050E-10
  2.7655E-09  1.0788E-04  5.3843E-06  9.9438E-09  2.6823E-10
  1.7425E-09  1.0687E-04  5.1121E-06  9.4672E-09  2.4449E-10
  1.0908E-09  1.0565E-04  4.7788E-06  8.9055E-09  2.1923E-10
  5.9315E-10  1.0349E-04  4.2032E-06  7.9477E-09  1.8125E-10
  2.7332E-10  9.8957E-05  3.2374E-06  6.2891E-09  1.2705E-10
  1.0654E-10  5.6593E-05  1.8487E-06  3.6577E-09  6.2293E-11
  5.4186E-11  1.8999E-05  9.9323E-07  1.9320E-09  2.9625E-11
  1.0307E-07  1.1446E-04  6.7499E-06  1.0473E-08  1.7115E-10
  9.8616E-08  1.1482E-04  7.0519E-06  1.1882E-08  2.5693E-10
  9.1114E-08  1.1504E-04  7.2348E-06  1.2895E-08  3.6454E-10
  8.1670E-08  1.1513E-04  7.3127E-06  1.3433E-08  4.5783E-10
  6.8091E-08  1.1512E-04  7.3280E-06  1.3711E-08  5.3406E-10
  5.4214E-08  1.1514E-04  7.2942E-06  1.3761E-08  5.6975E-10
  3.9380E-08  1.1475E-04  7.1756E-06  1.3580E-08  5.6813E-10
  2.8108E-08  1.1410E-04  6.9959E-06  1.3229E-08  5.3648E-10
  1.8963E-08  1.1309E-04  6.7281E-06  1.2675E-08  4.8237E-10
  1.3183E-08  1.1193E-04  6.4403E-06  1.2075E-08  4.2859E-10
  8.8569E-09  1.1056E-04  6.1121E-06  1.1402E-08  3.7557E-10
  6.1114E-09  1.0932E-04  5.8208E-06  1.0825E-08  3.3576E-10
  3.9659E-09  1.0798E-04  5.5035E-06  1.0226E-08  2.9938E-10
  2.5790E-09  1.0665E-04  5.1800E-06  9.6471E-09  2.6830E-10
  1.5186E-09  1.0472E-04  4.7131E-06  8.8446E-09  2.3039E-10
  8.1315E-10  1.0168E-04  4.0113E-06  7.6550E-09  1.8221E-10
  3.2192E-10  9.3661E-05  2.7361E-06  5.3828E-09  1.0996E-10
  1.4858E-10  7.5372E-05  1.6937E-06  3.3971E-09  6.1846E-11
  1.0606E-07  1.1255E-04  5.4195E-06  6.5331E-09  7.2025E-11
  1.0533E-07  1.1374E-04  6.2190E-06  8.7566E-09  1.2401E-10
  1.0260E-07  1.1446E-04  6.7683E-06  1.0771E-08  2.0548E-10
  9.7857E-08  1.1481E-04  7.0603E-06  1.2090E-08  2.9889E-10
  8.9636E-08  1.1499E-04  7.2327E-06  1.3012E-08  4.0774E-10
  8.0395E-08  1.1506E-04  7.3046E-06  1.3491E-08  4.9495E-10
  6.6717E-08  1.1508E-04  7.3144E-06  1.3725E-08  5.5975E-10
  5.3062E-08  1.1501E-04  7.2664E-06  1.3731E-08  5.8433E-10
  3.8375E-08  1.1451E-04  7.1298E-06  1.3502E-08  5.7350E-10
  2.7178E-08  1.1374E-04  6.9305E-06  1.3110E-08  5.3698E-10
  1.8058E-08  1.1256E-04  6.6390E-06  1.2514E-08  4.8080E-10
  1.2261E-08  1.1124E-04  6.3259E-06  1.1876E-08  4.2641E-10
  7.9175E-09  1.0963E-04  5.9553E-06  1.1142E-08  3.7167E-10
  5.2111E-09  1.0802E-04  5.5943E-06  1.0456E-08  3.2740E-10
  3.1798E-09  1.0597E-04  5.1382E-06  9.6311E-09  2.8133E-10
  1.8762E-09  1.0337E-04  4.5700E-06  8.6460E-09  2.3409E-10
  8.3109E-10  9.7638E-05  3.4949E-06  6.7682E-09  1.6062E-10
  3.5564E-10  8.6570E-05  2.2683E-06  4.4952E-09  9.2880E-11
  1.0332E-07  1.0778E-04  3.1903E-06  2.8855E-09  2.6171E-11
  1.0535E-07  1.1092E-04  4.5346E-06  4.9307E-09  5.2475E-11
  1.0565E-07  1.1291E-04  5.6865E-06  7.4503E-09  1.0053E-10
  1.0425E-07  1.1395E-04  6.3922E-06  9.5649E-09  1.6626E-10
  1.0053E-07  1.1457E-04  6.8666E-06  1.1366E-08  2.6198E-10
  9.4550E-08  1.1484E-04  7.1127E-06  1.2486E-08  3.6183E-10
  8.4727E-08  1.1495E-04  7.2493E-06  1.3230E-08  4.6569E-10
  7.4612E-08  1.1498E-04  7.2958E-06  1.3587E-08  5.3879E-10
  6.0127E-08  1.1499E-04  7.2825E-06  1.3722E-08  5.8396E-10
  4.6621E-08  1.1472E-04  7.1989E-06  1.3630E-08  5.9076E-10
  3.2754E-08  1.1400E-04  7.0175E-06  1.3298E-08  5.6470E-10
  2.2607E-08  1.1298E-04  6.7705E-06  1.2807E-08  5.1918E-10
  1.4579E-08  1.1146E-04  6.4196E-06  1.2104E-08  4.5782E-10
  9.5745E-09  1.0976E-04  6.0403E-06  1.1359E-08  4.0057E-10
  5.9000E-09  1.0750E-04  5.5617E-06  1.0454E-08  3.4086E-10
  3.6379E-09  1.0488E-04  5.0274E-06  9.4892E-09  2.8681E-10
  1.8216E-09  1.0026E-04  4.1358E-06  7.9285E-09  2.1428E-10
  7.8333E-10  9.1254E-05  2.8904E-06  5.6636E-09  1.3251E-10
  9.5407E-08  9.7532E-05  1.2502E-06  9.5722E-10  8.4509E-12
  1.0091E-07  1.0461E-04  2.3821E-06  2.0594E-09  1.9567E-11
  1.0425E-07  1.0934E-04  3.8839E-06  4.0244E-09  4.4057E-11
  1.0530E-07  1.1186E-04  5.1029E-06  6.2754E-09  8.2936E-11
  1.0448E-07  1.1343E-04  6.0688E-06  8.7398E-09  1.4906E-10
  1.0178E-07  1.1423E-04  6.6329E-06  1.0611E-08  2.3208E-10
  9.6105E-08  1.1469E-04  6.9983E-06  1.2080E-08  3.4014E-10
  8.7846E-08  1.1486E-04  7.1766E-06  1.2930E-08  4.3850E-10
  7.6218E-08  1.1488E-04  7.2608E-06  1.3446E-08  5.2608E-10
  6.4531E-08  1.1492E-04  7.2735E-06  1.3657E-08  5.7693E-10
  4.9392E-08  1.1466E-04  7.2027E-06  1.3627E-08  5.9490E-10
  3.6562E-08  1.1409E-04  7.0566E-06  1.3382E-08  5.7976E-10
  2.4507E-08  1.1294E-04  6.7922E-06  1.2873E-08  5.3509E-10
  1.6291E-08  1.1143E-04  6.4548E-06  1.2211E-08  4.7828E-10
  1.0090E-08  1.0920E-04  5.9842E-06  1.1301E-08  4.0914E-10
  6.3269E-09  1.0651E-04  5.4542E-06  1.0309E-08  3.4501E-10
  3.4429E-09  1.0226E-04  4.6611E-06  8.8916E-09  2.6854E-10
  1.5816E-09  9.4879E-05  3.5087E-06  6.8180E-09  1.7978E-10
  8.2509E-08  7.9938E-05  4.2310E-07  3.1430E-10  2.9283E-12
  9.1796E-08  9.2507E-05  9.3737E-07  7.3268E-10  7.0244E-12
  9.9022E-08  1.0208E-04  1.9865E-06  1.7265E-09  1.7652E-11
  1.0289E-07  1.0750E-04  3.3028E-06  3.3189E-09  3.7785E-11
  1.0465E-07  1.1101E-04  4.7250E-06  5.6821E-09  7.7711E-11
  1.0428E-07  1.1283E-04  5.7305E-06  7.9841E-09  1.3548E-10
  1.0163E-07  1.1396E-04  6.4650E-06  1.0182E-08  2.2411E-10
  9.6698E-08  1.1450E-04  6.8702E-06  1.1673E-08  3.2209E-10
  8.7889E-08  1.1475E-04  7.1149E-06  1.2737E-08  4.3108E-10
  7.6464E-08  1.1477E-04  7.2138E-06  1.3285E-08  5.1360E-10
  6.3797E-08  1.1476E-04  7.2401E-06  1.3569E-08  5.7323E-10
  5.0511E-08  1.1455E-04  7.1844E-06  1.3576E-08  5.9388E-10
  3.6480E-08  1.1386E-04  7.0228E-06  1.3323E-08  5.8093E-10
  2.5345E-08  1.1269E-04  6.7677E-06  1.2846E-08  5.4136E-10
  1.6055E-08  1.1072E-04  6.3560E-06  1.2054E-08  4.7658E-10
  1.0197E-08  1.0812E-04  5.8516E-06  1.1095E-08  4.0712E-10
  5.8155E-09  1.0402E-04  5.1112E-06  9.7382E-09  3.2414E-10
  2.9045E-09  9.7647E-05  4.0725E-06  7.8703E-09  2.3157E-10
  6.7785E-08  5.7816E-05  1.5299E-07  1.1609E-10  1.1633E-12
  7.8732E-08  7.4013E-05  3.5242E-07  2.7301E-10  2.7704E-12
  8.9672E-08  8.9279E-05  8.4119E-07  6.8314E-10  7.1145E-12
  9.7033E-08  9.9325E-05  1.6913E-06  1.4910E-09  1.6343E-11
  1.0191E-07  1.0631E-04  3.0545E-06  3.1016E-09  3.7824E-11
  1.0386E-07  1.1008E-04  4.3777E-06  5.1884E-09  7.3708E-11
  1.0361E-07  1.1244E-04  5.5576E-06  7.7175E-09  1.3691E-10
  1.0115E-07  1.1365E-04  6.2968E-06  9.7916E-09  2.1800E-10
  9.5542E-08  1.1435E-04  6.7958E-06  1.1513E-08  3.2546E-10
  8.7208E-08  1.1462E-04  7.0479E-06  1.2547E-08  4.2504E-10
  7.4330E-08  1.1463E-04  7.1708E-06  1.3191E-08  5.1486E-10
  6.1312E-08  1.1453E-04  7.1893E-06  1.3452E-08  5.6757E-10
  4.7830E-08  1.1423E-04  7.1237E-06  1.3462E-08  5.8969E-10
  3.5514E-08  1.1344E-04  6.9575E-06  1.3203E-08  5.7648E-10
  2.3623E-08  1.1184E-04  6.6336E-06  1.2606E-08  5.2981E-10
  1.5369E-08  1.0949E-04  6.1875E-06  1.1763E-08  4.6529E-10
  9.0458E-09  1.0558E-04  5.5006E-06  1.0485E-08  3.7963E-10
  4.8655E-09  9.9801E-05  4.5620E-06  8.7873E-09  2.8489E-10
  4.6174E-08  2.6622E-05  3.8749E-08  3.0980E-11  3.4586E-13
  5.7753E-08  4.2136E-05  9.0716E-08  7.2998E-11  8.1916E-13
  7.0311E-08  6.0906E-05  2.2819E-07  1.8637E-10  2.1077E-12
  8.1734E-08  7.7523E-05  5.1637E-07  4.3356E-10  4.9826E-12
  9.2076E-08  9.2194E-05  1.1674E-06  1.0403E-09  1.2413E-11
  9.8430E-08  1.0136E-04  2.1773E-06  2.1325E-09  2.7231E-11
  1.0209E-07  1.0753E-04  3.5977E-06  4.0724E-09  5.9192E-11
  1.0282E-07  1.1079E-04  4.8373E-06  6.3148E-09  1.0890E-10
  1.0089E-07  1.1281E-04  5.8699E-06  8.7709E-09  1.8967E-10
  9.6366E-08  1.1379E-04  6.4866E-06  1.0616E-08  2.8356E-10
  8.7809E-08  1.1428E-04  6.8808E-06  1.2034E-08  3.9400E-10
  7.6487E-08  1.1436E-04  7.0549E-06  1.2808E-08  4.8233E-10
  6.1021E-08  1.1406E-04  7.0930E-06  1.3193E-08  5.4734E-10
  4.7945E-08  1.1372E-04  7.0366E-06  1.3251E-08  5.7386E-10
  3.5636E-08  1.1268E-04  6.8533E-06  1.2996E-08  5.6671E-10
  2.4915E-08  1.1081E-04  6.5260E-06  1.2412E-08  5.2642E-10
  1.5493E-08  1.0731E-04  5.9493E-06  1.1347E-08  4.5182E-10
  9.0781E-09  1.0213E-04  5.1440E-06  9.8794E-09  3.6027E-10
  1.9604E-08  7.3724E-06  9.6585E-09  8.1479E-12  1.0035E-13
  3.4321E-08  1.6443E-05  2.5419E-08  2.1488E-11  2.6495E-13
  4.9643E-08  3.1680E-05  6.7810E-08  5.7626E-11  7.1373E-13
  6.2285E-08  4.8755E-05  1.6020E-07  1.3754E-10  1.7132E-12
  7.5906E-08  6.8504E-05  3.9968E-07  3.5114E-10  4.4356E-12
  8.6854E-08  8.4371E-05  8.6287E-07  7.8984E-10  1.0249E-11
  9.5482E-08  9.7100E-05  1.7820E-06  1.7683E-09  2.4331E-11
  9.9955E-08  1.0452E-04  2.9816E-06  3.3071E-09  5.0107E-11
  1.0151E-07  1.0933E-04  4.3872E-06  5.6230E-09  1.0015E-10
  1.0007E-07  1.1179E-04  5.4520E-06  7.9076E-09  1.6995E-10
  9.5160E-08  1.1324E-04  6.2573E-06  1.0088E-08  2.7011E-10
  8.7226E-08  1.1384E-04  6.6973E-06  1.1537E-08  3.7066E-10
  7.4598E-08  1.1392E-04  6.9344E-06  1.2508E-08  4.6813E-10
  6.0325E-08  1.1350E-04  6.9762E-06  1.2904E-08  5.2837E-10
  4.3981E-08  1.1261E-04  6.8618E-06  1.2898E-08  5.5273E-10
  3.3636E-08  1.1118E-04  6.6510E-06  1.2599E-08  5.4406E-10
  2.2936E-08  1.0819E-04  6.2101E-06  1.1821E-08  4.9600E-10
  1.4542E-08  1.0348E-04  5.5362E-06  1.0601E-08  4.1878E-10
  4.7489E-09  1.5762E-06  2.4029E-09  2.1302E-12  2.8651E-14
  1.1844E-08  4.2897E-06  6.8299E-09  6.0582E-12  8.1488E-14
  2.5913E-08  1.1443E-05  2.0580E-08  1.8288E-11  2.4624E-13
  4.1173E-08  2.3311E-05  5.2617E-08  4.6938E-11  6.3446E-13
  5.6777E-08  4.1303E-05  1.3898E-07  1.2515E-10  1.7007E-12
  7.0307E-08  6.0026E-05  3.2574E-07  2.9864E-10  4.1053E-12
  8.3538E-08  7.9213E-05  7.7055E-07  7.3412E-10  1.0361E-11
  9.2502E-08  9.2679E-05  1.5202E-06  1.5421E-09  2.2813E-11
  9.8248E-08  1.0243E-04  2.7463E-06  3.0991E-09  5.0345E-11
  9.9998E-08  1.0774E-04  4.0237E-06  5.1254E-09  9.5135E-11
  9.8342E-08  1.1103E-04  5.2473E-06  7.6123E-09  1.7092E-10
  9.3437E-08  1.1259E-04  6.0440E-06  9.6512E-09  2.6177E-10
  8.3998E-08  1.1329E-04  6.5713E-06  1.1299E-08  3.7028E-10
  7.1782E-08  1.1325E-04  6.7960E-06  1.2203E-08  4.5683E-10
  5.5770E-08  1.1243E-04  6.8128E-06  1.2589E-08  5.1660E-10
  4.1022E-08  1.1099E-04  6.6421E-06  1.2463E-08  5.2951E-10
  2.9044E-08  1.0818E-04  6.2789E-06  1.1892E-08  5.0534E-10
  2.0247E-08  1.0391E-04  5.7409E-06  1.0942E-08  4.5130E-10
  1.1869E-09  4.0689E-07  7.5815E-10  7.0276E-13  1.0227E-14
  3.0644E-09  1.0691E-06  2.0123E-09  1.8656E-12  2.7141E-14
  8.5845E-09  3.1866E-06  6.2012E-09  5.7521E-12  8.3691E-14
  1.9203E-08  8.1539E-06  1.7214E-08  1.5989E-11  2.3283E-13
  3.5790E-08  1.9307E-05  4.9781E-08  4.6416E-11  6.7850E-13
  5.1336E-08  3.4968E-05  1.2393E-07  1.1647E-10  1.7104E-12
  6.7420E-08  5.5812E-05  3.2065E-07  3.0698E-10  4.5650E-12
  8.0414E-08  7.4414E-05  7.1019E-07  7.0248E-10  1.0695E-11
  9.0966E-08  9.0508E-05  1.5016E-06  1.5828E-09  2.5336E-11
  9.6528E-08  1.0037E-04  2.5865E-06  2.9818E-09  5.1776E-11
  9.8350E-08  1.0689E-04  3.9629E-06  5.1667E-09  1.0304E-10
  9.6313E-08  1.1020E-04  5.0856E-06  7.4164E-09  1.7436E-10
  8.9921E-08  1.1202E-04  5.9683E-06  9.6219E-09  2.7482E-10
  8.0154E-08  1.1255E-04  6.4418E-06  1.1082E-08  3.7155E-10
  6.5707E-08  1.1212E-04  6.6499E-06  1.1976E-08  4.5812E-10
  5.0766E-08  1.1072E-04  6.5922E-06  1.2176E-08  5.0021E-10
  3.5178E-08  1.0789E-04  6.2738E-06  1.1778E-08  4.9648E-10
  2.4668E-08  1.0353E-04  5.7718E-06  1.0933E-08  4.5603E-10
  3.4604E-10  1.2737E-07  3.0523E-10  2.9814E-13  4.7618E-15
  7.3230E-10  2.7089E-07  6.5058E-10  6.3548E-13  1.0144E-14
  1.8307E-09  6.8392E-07  1.6529E-09  1.6147E-12  2.5766E-14
  4.5323E-09  1.7381E-06  4.2695E-09  4.1722E-12  6.6577E-14
  1.1941E-08  4.9722E-06  1.2851E-08  1.2571E-11  2.0073E-13
  2.4668E-08  1.2025E-05  3.4932E-08  3.4256E-11  5.4876E-13
  4.2540E-08  2.6361E-05  9.9346E-08  9.8091E-11  1.5775E-12
  5.8932E-08  4.4748E-05  2.4490E-07  2.4511E-10  3.9803E-12
  7.5088E-08  6.6590E-05  6.0680E-07  6.2565E-10  1.0391E-11
  8.6374E-08  8.3607E-05  1.2393E-06  1.3413E-09  2.3178E-11
  9.3764E-08  9.6753E-05  2.3261E-06  2.7376E-09  5.1115E-11
  9.5956E-08  1.0416E-04  3.5476E-06  4.6156E-09  9.6350E-11
  9.3615E-08  1.0869E-04  4.8117E-06  7.0244E-09  1.7258E-10
  8.7184E-08  1.1065E-04  5.6703E-06  9.0556E-09  2.6222E-10
  7.5586E-08  1.1111E-04  6.2164E-06  1.0666E-08  3.6400E-10
  6.1781E-08  1.1016E-04  6.3786E-06  1.1424E-08  4.3605E-10
  4.5415E-08  1.0741E-04  6.2181E-06  1.1459E-08  4.6917E-10
  3.1750E-08  1.0298E-04  5.7779E-06  1.0812E-08  4.5040E-10
  1.5946E-10  6.2521E-08  1.8698E-10  1.9114E-13  3.3149E-15
  3.0777E-10  1.2105E-07  3.6233E-10  3.7040E-13  6.4182E-15
  6.5118E-10  2.5746E-07  7.7222E-10  7.8948E-13  1.3669E-14
  1.3675E-09  5.4488E-07  1.6415E-09  1.6782E-12  2.9049E-14
  3.3608E-09  1.3643E-06  4.1616E-09  4.2562E-12  7.3669E-14
  7.9904E-09  3.3984E-06  1.0695E-08  1.0946E-11  1.8956E-13
  1.9068E-08  9.1741E-06  3.1649E-08  3.2466E-11  5.6392E-13
  3.4764E-08  2.0203E-05  8.3995E-08  8.6626E-11  1.5095E-12
  5.3973E-08  3.9279E-05  2.3246E-07  2.4299E-10  4.2771E-12
  7.0160E-08  5.9827E-05  5.4398E-07  5.8290E-10  1.0465E-11
  8.3732E-08  7.9993E-05  1.2087E-06  1.3600E-09  2.5458E-11
  9.1021E-08  9.3346E-05  2.1666E-06  2.6144E-09  5.2331E-11
  9.3288E-08  1.0248E-04  3.4694E-06  4.6302E-09  1.0395E-10
  9.0375E-08  1.0702E-04  4.6078E-06  6.7813E-09  1.7495E-10
  8.1962E-08  1.0911E-04  5.5246E-06  8.9187E-09  2.7178E-10
  7.0094E-08  1.0899E-04  5.9688E-06  1.0252E-08  3.5804E-10
  5.4241E-08  1.0670E-04  6.0297E-06  1.0826E-08  4.2085E-10
  3.9586E-08  1.0228E-04  5.7177E-06  1.0518E-08  4.3018E-10
  6.8724E-11  2.8932E-08  1.1003E-10  1.1817E-13  2.2361E-15
  1.3770E-10  5.8048E-08  2.2085E-10  2.3720E-13  4.4989E-15
  2.8400E-10  1.2002E-07  4.5706E-10  4.9091E-13  9.3025E-15
  5.4474E-10  2.3110E-07  8.8153E-10  9.4685E-13  1.7931E-14
  1.1353E-09  4.8512E-07  1.8575E-09  1.9954E-12  3.7772E-14
  2.3284E-09  1.0069E-06  3.8857E-09  4.1749E-12  7.9027E-14
  5.4887E-09  2.4455E-06  9.6435E-09  1.0368E-11  1.9633E-13
  1.2272E-08  5.8489E-06  2.4297E-08  2.6162E-11  4.9672E-13
  2.6560E-08  1.4738E-05  7.0478E-08  7.6231E-11  1.4512E-12
  4.4344E-08  2.9814E-05  1.8359E-07  2.0059E-10  3.8487E-12
  6.3985E-08  5.2125E-05  4.8445E-07  5.4173E-10  1.0599E-11
  7.8197E-08  7.2213E-05  1.0363E-06  1.2045E-09  2.4395E-11
  8.7423E-08  8.9029E-05  2.0171E-06  2.5083E-09  5.4298E-11
  8.9693E-08  9.8798E-05  3.1603E-06  4.2677E-09  1.0159E-10
  8.5781E-08  1.0450E-04  4.3803E-06  6.5264E-09  1.7838E-10
  7.6932E-08  1.0627E-04  5.1891E-06  8.3717E-09  2.6282E-10
  6.2801E-08  1.0509E-04  5.5919E-06  9.6255E-09  3.4566E-10
  4.8047E-08  1.0112E-04  5.5013E-06  9.8407E-09  3.8489E-10
  2.7308E-11  1.2233E-08  5.7258E-11  6.4187E-14  1.3145E-15
  6.1363E-11  2.7503E-08  1.2876E-10  1.4435E-13  2.9563E-15
  1.3813E-10  6.1983E-08  2.9035E-10  3.2549E-13  6.6794E-15
  2.7412E-10  1.2324E-07  5.7780E-10  6.4775E-13  1.3283E-14
  5.6103E-10  2.5317E-07  1.1892E-09  1.3332E-12  2.7325E-14
  1.0706E-09  4.8595E-07  2.2905E-09  2.5683E-12  5.2620E-14
  2.2193E-09  1.0193E-06  4.8424E-09  5.4309E-12  1.1128E-13
  4.5098E-09  2.1163E-06  1.0218E-08  1.1466E-11  2.3503E-13
  1.0280E-08  5.0903E-06  2.5695E-08  2.8877E-11  5.9337E-13
  2.1194E-08  1.1668E-05  6.5091E-08  7.3421E-11  1.5121E-12
  3.9895E-08  2.6407E-05  1.8576E-07  2.1168E-10  4.3964E-12
  5.8750E-08  4.6356E-05  4.5699E-07  5.3126E-10  1.1230E-11
  7.5336E-08  6.9068E-05  1.0617E-06  1.2853E-09  2.8215E-11
  8.3890E-08  8.5309E-05  1.9491E-06  2.5004E-09  5.8273E-11
  8.5465E-08  9.6534E-05  3.1626E-06  4.4122E-09  1.1365E-10
  8.0301E-08  1.0153E-04  4.2044E-06  6.3705E-09  1.8476E-10
  6.8697E-08  1.0235E-04  4.9497E-06  8.1168E-09  2.7013E-10
  5.4726E-08  9.9309E-05  5.1266E-06  8.8619E-09  3.2803E-10
  9.9379E-12  4.6981E-09  2.6377E-11  3.0704E-14  6.7524E-16
  2.5014E-11  1.1828E-08  6.6415E-11  7.7311E-14  1.7002E-15
  6.3717E-11  3.0146E-08  1.6930E-10  1.9708E-13  4.3439E-15
  1.3908E-10  6.5864E-08  3.7010E-10  4.3084E-13  9.4905E-15
  3.0427E-10  1.4438E-07  8.1223E-10  9.4556E-13  2.0816E-14
  5.9258E-10  2.8210E-07  1.5901E-09  1.8513E-12  4.0739E-14
  1.1981E-09  5.7406E-07  3.2496E-09  3.7838E-12  8.3249E-14
  2.2756E-09  1.1019E-06  6.2858E-09  7.3215E-12  1.6110E-13
  4.7139E-09  2.3345E-06  1.3558E-08  1.5802E-11  3.4792E-13
  9.4942E-09  4.9075E-06  2.9595E-08  3.4546E-11  7.6233E-13
  2.0411E-08  1.1649E-05  7.7589E-08  9.0948E-11  2.0130E-12
  3.6969E-08  2.4526E-05  1.9815E-07  2.3449E-10  5.2334E-12
  5.7837E-08  4.6138E-05  5.2621E-07  6.3703E-10  1.4519E-11
  7.2881E-08  6.6940E-05  1.1186E-06  1.4060E-09  3.3250E-11
  8.1046E-08  8.4510E-05  2.1175E-06  2.8344E-09  7.1769E-11
  8.0457E-08  9.4071E-05  3.1862E-06  4.5879E-09  1.2731E-10
  7.2161E-08  9.8085E-05  4.1710E-06  6.5218E-09  2.0473E-10
  5.9660E-08  9.6642E-05  4.6176E-06  7.6899E-09  2.7003E-10
  3.4660E-12  1.7172E-09  1.1327E-11  1.3637E-14  3.2090E-16
  9.6281E-12  4.7707E-09  3.1468E-11  3.7885E-14  8.9136E-16
  2.7440E-11  1.3600E-08  8.9715E-11  1.0801E-13  2.5403E-15
  6.6411E-11  3.2929E-08  2.1729E-10  2.6161E-13  6.1502E-15
  1.6139E-10  8.0112E-08  5.2900E-10  6.3689E-13  1.4966E-14
  3.3770E-10  1.6794E-07  1.1103E-09  1.3368E-12  3.1399E-14
  7.1201E-10  3.5543E-07  2.3561E-09  2.8372E-12  6.6621E-14
  1.3564E-09  6.8138E-07  4.5379E-09  5.4655E-12  1.2834E-13
  2.7082E-09  1.3776E-06  9.2666E-09  1.1166E-11  2.6226E-13
  5.1277E-09  2.6650E-06  1.8260E-08  2.2020E-11  5.1759E-13
  1.0587E-08  5.7682E-06  4.1325E-08  4.9934E-11  1.1765E-12
  2.0582E-08  1.2217E-05  9.6001E-08  1.1651E-10  2.7554E-12
  3.8717E-08  2.6808E-05  2.6000E-07  3.1934E-10  7.6359E-12
  5.7528E-08  4.6780E-05  6.1592E-07  7.7406E-10  1.8925E-11
  7.2477E-08  6.8882E-05  1.3455E-06  1.7671E-09  4.5222E-11
  7.7400E-08  8.3575E-05  2.2890E-06  3.1870E-09  8.7233E-11
  7.3327E-08  9.1898E-05  3.3585E-06  5.0460E-09  1.5293E-10
  6.2959E-08  9.2879E-05  4.0207E-06  6.4591E-09  2.1761E-10
