T(K)  p(mbar)  mu(amu)  mean cp(kJ/kg/K)
       75.000000    0.0010000000       2.4106640       12.494464
       75.000000    0.0030000000       2.4106639       12.494464
       75.000000     0.010000000       2.4106639       12.494464
       75.000000     0.030000000       2.4106639       12.494464
       75.000000      0.10000000       2.4106639       12.494464
       75.000000      0.30000000       2.4106639       12.494464
       75.000000       1.0000000       2.4106639       12.494464
       75.000000       3.0000000       2.4106639       12.494464
       75.000000       10.000000       2.4106639       12.494464
       75.000000       30.000000       2.4106639       12.494464
       75.000000       100.00000       2.4106639       12.494464
       75.000000       300.00000       2.4106639       12.494464
       75.000000       1000.0000       2.4106639       12.494464
       75.000000       3000.0000       2.3862967       12.670668
       75.000000       10000.000       2.3579843       12.882076
       100.00000    0.0010000000       2.4261447       12.030233
       100.00000    0.0030000000       2.4158279       12.030233
       100.00000     0.010000000       2.4122134       12.030233
       100.00000     0.030000000       2.4111805       12.030233
       100.00000      0.10000000       2.4108189       12.030233
       100.00000      0.30000000       2.4107155       12.030233
       100.00000       1.0000000       2.4106794       12.030233
       100.00000       3.0000000       2.4106691       12.030233
       100.00000       10.000000       2.4106654       12.030233
       100.00000       30.000000       2.4106644       12.030233
       100.00000       100.00000       2.4106640       12.030233
       100.00000       300.00000       2.4106639       12.030233
       100.00000       1000.0000       2.4106639       12.030233
       100.00000       3000.0000       2.4106639       12.030233
       100.00000       10000.000       2.4106639       12.030233
       100.00000       30000.000       2.4106639       12.030233
       110.00000    0.0010000000       2.4310450       11.972663
       110.00000    0.0030000000       2.4310457       11.972662
       110.00000     0.010000000       2.4310449       11.972663
       110.00000     0.030000000       2.4249983       11.972662
       110.00000      0.10000000       2.4149670       11.972663
       110.00000      0.30000000       2.4120993       11.972662
       110.00000       1.0000000       2.4110943       11.972663
       110.00000       3.0000000       2.4108081       11.972662
       110.00000       10.000000       2.4107069       11.972663
       110.00000       30.000000       2.4106790       11.972662
       110.00000       100.00000       2.4106682       11.972663
       110.00000       300.00000       2.4106661       11.972662
       110.00000       1000.0000       2.4106643       11.972663
       110.00000       3000.0000       2.4106648       11.972662
       110.00000       10000.000       2.4106639       11.972663
       110.00000       30000.000       2.4106647       11.972662
       110.00000       100000.00       2.4106639       11.972663
       120.00000    0.0010000000       2.4310552       11.974578
       120.00000    0.0030000000       2.4310483       11.974578
       120.00000     0.010000000       2.4310459       11.974578
       120.00000     0.030000000       2.4310452       11.974578
       120.00000      0.10000000       2.4310450       11.974578
       120.00000      0.30000000       2.4310449       11.974578
       120.00000       1.0000000       2.4175303       11.974578
       120.00000       3.0000000       2.4129534       11.974578
       120.00000       10.000000       2.4113508       11.974578
       120.00000       30.000000       2.4108929       11.974578
       120.00000       100.00000       2.4107326       11.974578
       120.00000       300.00000       2.4106868       11.974578
       120.00000       1000.0000       2.4106708       11.974578
       120.00000       3000.0000       2.4106662       11.974578
       120.00000       10000.000       2.4106646       11.974578
       120.00000       30000.000       2.4106641       11.974578
       120.00000       100000.00       2.4106640       11.974578
       130.00000    0.0010000000       2.4314081       12.026814
       130.00000    0.0030000000       2.4311657       12.026821
       130.00000     0.010000000       2.4310819       12.026823
       130.00000     0.030000000       2.4310569       12.026824
       130.00000      0.10000000       2.4310493       12.026824
       130.00000      0.30000000       2.4310461       12.026825
       130.00000       1.0000000       2.4310460       12.026824
       130.00000       3.0000000       2.4310450       12.026825
       130.00000       10.000000       2.4178206       12.026824
       130.00000       30.000000       2.4130500       12.026825
       130.00000       100.00000       2.4113806       12.026824
       130.00000       300.00000       2.4109025       12.026825
       130.00000       1000.0000       2.4107362       12.026824
       130.00000       3000.0000       2.4106878       12.026825
       130.00000       10000.000       2.4106718       12.026824
       130.00000       30000.000       2.4106663       12.026825
       130.00000       100000.00       2.4106654       12.026824
       140.00000    0.0010000000       2.4387131       12.119945
       140.00000    0.0030000000       2.4336014       12.120150
       140.00000     0.010000000       2.4318118       12.120221
       140.00000     0.030000000       2.4313005       12.120242
       140.00000      0.10000000       2.4311216       12.120249
       140.00000      0.30000000       2.4310704       12.120251
       140.00000       1.0000000       2.4310525       12.120252
       140.00000       3.0000000       2.4310474       12.120252
       140.00000       10.000000       2.4310456       12.120252
       140.00000       30.000000       2.4284368       12.120252
       140.00000       100.00000       2.4160004       12.120252
       140.00000       300.00000       2.4124431       12.120252
       140.00000       1000.0000       2.4111977       12.120252
       140.00000       3000.0000       2.4108418       12.120252
       140.00000       10000.000       2.4107173       12.120252
       140.00000       30000.000       2.4106817       12.120252
       140.00000       100000.00       2.4106692       12.120252
       150.00000    0.0010000000       2.4400501       12.239873
       150.00000    0.0030000000       2.4394950       12.243750
       150.00000     0.010000000       2.4392952       12.245120
       150.00000     0.030000000       2.4346482       12.245512
       150.00000      0.10000000       2.4321259       12.245649
       150.00000      0.30000000       2.4314052       12.245688
       150.00000       1.0000000       2.4311530       12.245702
       150.00000       3.0000000       2.4310809       12.245705
       150.00000       10.000000       2.4310557       12.245707
       150.00000       30.000000       2.4310485       12.245707
       150.00000       100.00000       2.4310459       12.245707
       150.00000       300.00000       2.4208075       12.245707
       150.00000       1000.0000       2.4137085       12.245707
       150.00000       3000.0000       2.4116789       12.245707
       150.00000       10000.000       2.4109684       12.245707
       150.00000       30000.000       2.4107654       12.245707
       150.00000       100000.00       2.4106943       12.245707
       160.00000    0.0010000000       2.4502185       12.316876
       160.00000    0.0030000000       2.4427527       12.368359
       160.00000     0.010000000       2.4401419       12.386492
       160.00000     0.030000000       2.4394268       12.391650
       160.00000      0.10000000       2.4392163       12.393403
       160.00000      0.30000000       2.4346507       12.393840
       160.00000       1.0000000       2.4321402       12.393961
       160.00000       3.0000000       2.4314100       12.394013
       160.00000       10.000000       2.4311544       12.394031
       160.00000       30.000000       2.4310814       12.394036
       160.00000       100.00000       2.4310558       12.394038
       160.00000       300.00000       2.4310485       12.394038
       160.00000       1000.0000       2.4246239       12.394039
       160.00000       3000.0000       2.4153202       12.394039
       160.00000       10000.000       2.4120611       12.394039
       160.00000       30000.000       2.4111297       12.394039
       160.00000       100000.00       2.4108036       12.394039
       170.00000    0.0010000000       2.5467412       11.841397
       170.00000    0.0030000000       2.4750909       12.306882
       170.00000     0.010000000       2.4498566       12.480264
       170.00000     0.030000000       2.4426312       12.530867
       170.00000      0.10000000       2.4401013       12.548691
       170.00000      0.30000000       2.4393826       12.553790
       170.00000       1.0000000       2.4391400       12.555556
       170.00000       3.0000000       2.4337252       12.556025
       170.00000       10.000000       2.4318347       12.556100
       170.00000       30.000000       2.4313173       12.556089
       170.00000       100.00000       2.4311294       12.556086
       170.00000       300.00000       2.4310736       12.556091
       170.00000       1000.0000       2.4310533       12.556093
       170.00000       3000.0000       2.4285093       12.556093
       170.00000       10000.000       2.4160219       12.556094
       170.00000       30000.000       2.4124509       12.556094
       170.00000       100000.00       2.4111999       12.556094
       180.00000    0.0010000000       2.5675250       11.866863
       180.00000    0.0030000000       2.5675259       11.866863
       180.00000     0.010000000       2.5201875       12.167666
       180.00000     0.030000000       2.4661833       12.531303
       180.00000      0.10000000       2.4471912       12.664737
       180.00000      0.30000000       2.4417573       12.703477
       180.00000       1.0000000       2.4398580       12.717096
       180.00000       3.0000000       2.4393145       12.720996
       180.00000       10.000000       2.4360940       12.722340
       180.00000       30.000000       2.4326625       12.722687
       180.00000       100.00000       2.4315249       12.722733
       180.00000       300.00000       2.4312344       12.722687
       180.00000       1000.0000       2.4311231       12.722679
       180.00000       3000.0000       2.4310876       12.722684
       180.00000       10000.000       2.4283761       12.722685
       180.00000       30000.000       2.4165887       12.722686
       180.00000       100000.00       2.4124594       12.722685
       190.00000    0.0010000000       2.5676344       12.015813
       190.00000    0.0030000000       2.5676357       12.015814
       190.00000     0.010000000       2.5676354       12.015814
       190.00000     0.030000000       2.5676354       12.015814
       190.00000      0.10000000       2.4885816       12.535065
       190.00000      0.30000000       2.4556439       12.765757
       190.00000       1.0000000       2.4440832       12.848873
       190.00000       3.0000000       2.4407769       12.872857
       190.00000       10.000000       2.4396238       12.881269
       190.00000       30.000000       2.4393026       12.883656
       190.00000       100.00000       2.4336731       12.884428
       190.00000       300.00000       2.4319891       12.884571
       190.00000       1000.0000       2.4314302       12.884575
       190.00000       3000.0000       2.4312639       12.884578
       190.00000       10000.000       2.4312020       12.884585
       190.00000       30000.000       2.4279712       12.884587
       190.00000       100000.00       2.4159475       12.884587
       200.00000    0.0010000000       2.5676408       12.152368
       200.00000    0.0030000000       2.5676398       12.152390
       200.00000     0.010000000       2.5676431       12.152380
       200.00000     0.030000000       2.5676412       12.152392
       200.00000      0.10000000       2.5676416       12.152389
       200.00000      0.30000000       2.5226367       12.446173
       200.00000       1.0000000       2.4642747       12.850350
       200.00000       3.0000000       2.4475187       12.971576
       200.00000       10.000000       2.4416511       13.014633
       200.00000       30.000000       2.4399818       13.026979
       200.00000       100.00000       2.4394399       13.031256
       200.00000       300.00000       2.4349217       13.032397
       200.00000       1000.0000       2.4323147       13.032733
       200.00000       3000.0000       2.4315613       13.032843
       200.00000       10000.000       2.4312981       13.032873
       200.00000       30000.000       2.4312217       13.032883
       200.00000       100000.00       2.4243283       13.032886
       210.00000    0.0010000000       2.5676330       12.269883
       210.00000    0.0030000000       2.5676405       12.270104
       210.00000     0.010000000       2.5676396       12.270133
       210.00000     0.030000000       2.5676420       12.270133
       210.00000      0.10000000       2.5676409       12.270136
       210.00000      0.30000000       2.5676423       12.270140
       210.00000       1.0000000       2.5479013       12.398634
       210.00000       3.0000000       2.4755559       12.894921
       210.00000       10.000000       2.4500779       13.079866
       210.00000       30.000000       2.4427886       13.133850
       210.00000       100.00000       2.4402792       13.152807
       210.00000       300.00000       2.4396116       13.158159
       210.00000       1000.0000       2.4354792       13.159961
       210.00000       3000.0000       2.4326163       13.160520
       210.00000       10000.000       2.4316146       13.160669
       210.00000       30000.000       2.4313272       13.160712
       210.00000       100000.00       2.4312266       13.160727
       220.00000    0.0010000000       2.5675551       12.369306
       220.00000    0.0030000000       2.5676327       12.371463
       220.00000     0.010000000       2.5676395       12.371727
       220.00000     0.030000000       2.5676399       12.371742
       220.00000      0.10000000       2.5676406       12.371745
       220.00000      0.30000000       2.5676409       12.371753
       220.00000       1.0000000       2.5676406       12.371762
       220.00000       3.0000000       2.5676409       12.371814
       220.00000       10.000000       2.4806989       12.965667
       220.00000       30.000000       2.4530188       13.167653
       220.00000       100.00000       2.4433447       13.240024
       220.00000       300.00000       2.4406299       13.260800
       220.00000       1000.0000       2.4397492       13.268021
       220.00000       3000.0000       2.4359750       13.270222
       220.00000       10000.000       2.4326223       13.270811
       220.00000       30000.000       2.4316631       13.270978
       220.00000       100000.00       2.4313274       13.271036
       230.00000    0.0010000000       2.5671563       12.446333
       230.00000    0.0030000000       2.5675653       12.459774
       230.00000     0.010000000       2.5676343       12.461827
       230.00000     0.030000000       2.5676389       12.462019
       230.00000      0.10000000       2.5676398       12.462033
       230.00000      0.30000000       2.5676410       12.462042
       230.00000       1.0000000       2.5676409       12.462051
       230.00000       3.0000000       2.5676409       12.462103
       230.00000       10.000000       2.5676409       12.462172
       230.00000       30.000000       2.4860567       13.022647
       230.00000       100.00000       2.4532790       13.263153
       230.00000       300.00000       2.4439396       13.333744
       230.00000       1000.0000       2.4407382       13.358651
       230.00000       3000.0000       2.4398176       13.366213
       230.00000       10000.000       2.4355097       13.368241
       230.00000       30000.000       2.4326265       13.368811
       230.00000       100000.00       2.4316162       13.369012
       240.00000    0.0010000000       2.5661015       12.494390
       240.00000    0.0030000000       2.5672373       12.529941
       240.00000     0.010000000       2.5675848       12.541446
       240.00000     0.030000000       2.5676345       12.542738
       240.00000      0.10000000       2.5676395       12.542882
       240.00000      0.30000000       2.5676407       12.542891
       240.00000       1.0000000       2.5676412       12.542905
       240.00000       3.0000000       2.5676419       12.542954
       240.00000       10.000000       2.5676418       12.543026
       240.00000       30.000000       2.5676553       12.543503
       240.00000       100.00000       2.4822572       13.135810
       240.00000       300.00000       2.4536180       13.348251
       240.00000       1000.0000       2.4436464       13.424629
       240.00000       3000.0000       2.4407869       13.447973
       240.00000       10000.000       2.4397831       13.454242
       240.00000       30000.000       2.4351417       13.456006
       240.00000       100000.00       2.4323711       13.456623
       250.00000    0.0010000000       2.5648754       12.534750
       250.00000    0.0030000000       2.5663427       12.572345
       250.00000     0.010000000       2.5674028       12.605450
       250.00000     0.030000000       2.5676215       12.612263
       250.00000      0.10000000       2.5676413       12.613170
       250.00000      0.30000000       2.5676382       12.613264
       250.00000       1.0000000       2.5676418       12.613271
       250.00000       3.0000000       2.5676406       12.613326
       250.00000       10.000000       2.5676431       12.613382
       250.00000       30.000000       2.5676539       12.613882
       250.00000       100.00000       2.5591313       12.671586
       250.00000       300.00000       2.4794185       13.232109
       250.00000       1000.0000       2.4513839       13.442808
       250.00000       3000.0000       2.4433764       13.508179
       250.00000       10000.000       2.4405600       13.525835
       250.00000       30000.000       2.4397540       13.530807
       250.00000       100000.00       2.4341912       13.532548
       260.00000    0.0010000000       2.5628813       12.584792
       260.00000    0.0030000000       2.5651796       12.601573
       260.00000     0.010000000       2.5667850       12.645195
       260.00000     0.030000000       2.5674992       12.667826
       260.00000      0.10000000       2.5676332       12.672203
       260.00000      0.30000000       2.5676435       12.672630
       260.00000       1.0000000       2.5676374       12.672715
       260.00000       3.0000000       2.5676417       12.672750
       260.00000       10.000000       2.5676409       12.672822
       260.00000       30.000000       2.5676489       12.673324
       260.00000       100.00000       2.5676916       12.673869
       260.00000       300.00000       2.5427109       12.845569
       260.00000       1000.0000       2.4704898       13.365424
       260.00000       3000.0000       2.4497595       13.532713
       260.00000       10000.000       2.4424762       13.578427
       260.00000       30000.000       2.4403928       13.591347
       260.00000       100000.00       2.4382771       13.595875
       260.00000       300000.00       2.4335484       13.597170
       270.00000    0.0010000000       2.5595875       12.645537
       270.00000    0.0030000000       2.5634950       12.638297
       270.00000     0.010000000       2.5657758       12.667024
       270.00000     0.030000000       2.5670966       12.705732
       270.00000      0.10000000       2.5675764       12.721392
       270.00000      0.30000000       2.5676418       12.723327
       270.00000       1.0000000       2.5676431       12.723574
       270.00000       3.0000000       2.5676386       12.723654
       270.00000       10.000000       2.5676487       12.723689
       270.00000       30.000000       2.5676476       12.724221
       270.00000       100.00000       2.5676897       12.724779
       270.00000       300.00000       2.5677376       12.727348
       270.00000       1000.0000       2.5142462       13.105936
       270.00000       3000.0000       2.4644075       13.496803
       270.00000       10000.000       2.4468789       13.606210
       270.00000       30000.000       2.4418619       13.637404
       270.00000       100000.00       2.4401041       13.648366
       270.00000       300000.00       2.4364206       13.651502
       275.00000    0.0010000000       2.5583577       12.673404
       275.00000    0.0030000000       2.5621346       12.662301
       275.00000     0.010000000       2.5651726       12.677808
       275.00000     0.030000000       2.5667238       12.717722
       275.00000      0.10000000       2.5675213       12.742435
       275.00000      0.30000000       2.5676354       12.746274
       275.00000       1.0000000       2.5676424       12.746772
       275.00000       3.0000000       2.5676442       12.746860
       275.00000       10.000000       2.5676473       12.746922
       275.00000       30.000000       2.5676476       12.747444
       275.00000       100.00000       2.5676692       12.748020
       275.00000       300.00000       2.5677359       12.750583
       275.00000       1000.0000       2.5517107       12.873074
       275.00000       3000.0000       2.4769999       13.444614
       275.00000       10000.000       2.4506671       13.607812
       275.00000       30000.000       2.4431255       13.654682
       275.00000       100000.00       2.4404834       13.671190
       275.00000       300000.00       2.4388064       13.675917
       280.00000    0.0010000000       2.5576578       12.697899
       280.00000    0.0030000000       2.5605275       12.688905
       280.00000     0.010000000       2.5644509       12.691197
       280.00000     0.030000000       2.5662850       12.726754
       280.00000      0.10000000       2.5674021       12.760695
       280.00000      0.30000000       2.5676073       12.767925
       280.00000       1.0000000       2.5676475       12.768871
       280.00000       3.0000000       2.5676431       12.769035
       280.00000       10.000000       2.5676473       12.769095
       280.00000       30.000000       2.5676487       12.769614
       280.00000       100.00000       2.5676696       12.770192
       280.00000       300.00000       2.5677321       12.772760
       280.00000       1000.0000       2.5678539       12.787863
       280.00000       3000.0000       2.4920945       13.377063
       280.00000       10000.000       2.4552140       13.603581
       280.00000       30000.000       2.4446425       13.669208
       280.00000       100000.00       2.4409387       13.692383
       280.00000       300000.00       2.4398803       13.699028
       290.00000    0.0010000000       2.5571419       12.739549
       290.00000    0.0030000000       2.5581617       12.737884
       290.00000     0.010000000       2.5621746       12.727971
       290.00000     0.030000000       2.5651666       12.743345
       290.00000      0.10000000       2.5669005       12.786366
       290.00000      0.30000000       2.5675361       12.805982
       290.00000       1.0000000       2.5676443       12.809470
       290.00000       3.0000000       2.5676482       12.809862
       290.00000       10.000000       2.5676445       12.809975
       290.00000       30.000000       2.5676536       12.810472
       290.00000       100.00000       2.5676696       12.811065
       290.00000       300.00000       2.5677292       12.813652
       290.00000       1000.0000       2.5678444       12.828777
       290.00000       3000.0000       2.5391993       13.144552
       290.00000       10000.000       2.4694437       13.560040
       290.00000       30000.000       2.4493950       13.683685
       290.00000       100000.00       2.4423652       13.727713
       290.00000       300000.00       2.4403560       13.740372
       300.00000    0.0010000000       2.5627799       12.733638
       300.00000    0.0030000000       2.5628561       12.735782
       300.00000     0.010000000       2.5630718       12.742979
       300.00000     0.030000000       2.5636312       12.761096
       300.00000      0.10000000       2.5648805       12.802142
       300.00000      0.30000000       2.5659251       12.837319
       300.00000       1.0000000       2.5662424       12.847819
       300.00000       3.0000000       2.5662892       12.849020
       300.00000       10.000000       2.5662926       12.849224
       300.00000       30.000000       2.5662924       12.849763
       300.00000       100.00000       2.5662922       12.850416
       300.00000       300.00000       2.5662922       12.853158
       300.00000       1000.0000       2.5662922       12.868542
       300.00000       3000.0000       2.5662922       13.023183
       300.00000       10000.000       2.4926324       13.452113
       300.00000       30000.000       2.4563275       13.672587
       300.00000       100000.00       2.4435813       13.752211
       300.00000       300000.00       2.4399355       13.775216
       310.00000    0.0010000000       2.5627693       12.761877
       310.00000    0.0030000000       2.5628168       12.763074
       310.00000     0.010000000       2.5629283       12.767171
       310.00000     0.030000000       2.5632611       12.778058
       310.00000      0.10000000       2.5641763       12.808119
       310.00000      0.30000000       2.5654462       12.850173
       310.00000       1.0000000       2.5661701       12.874092
       310.00000       3.0000000       2.5662797       12.877711
       310.00000       10.000000       2.5662914       12.878214
       310.00000       30.000000       2.5662923       12.878780
       310.00000       100.00000       2.5662922       12.879436
       310.00000       300.00000       2.5662916       12.882179
       310.00000       1000.0000       2.5662922       12.897563
       310.00000       3000.0000       2.5662916       13.052204
       310.00000       10000.000       2.5332924       13.245551
       310.00000       30000.000       2.4699680       13.619480
       310.00000       100000.00       2.4476827       13.757699
       310.00000       300000.00       2.4413030       13.797954
       320.00000    0.0010000000       2.5627632       12.785677
       320.00000    0.0030000000       2.5627796       12.786373
       320.00000     0.010000000       2.5628595       12.788744
       320.00000     0.030000000       2.5630527       12.795266
       320.00000      0.10000000       2.5636588       12.815200
       320.00000      0.30000000       2.5647954       12.852905
       320.00000       1.0000000       2.5659646       12.891472
       320.00000       3.0000000       2.5662373       12.901042
       320.00000       10.000000       2.5662902       12.902428
       320.00000       30.000000       2.5662915       12.903077
       320.00000       100.00000       2.5662924       12.903742
       320.00000       300.00000       2.5662922       12.906485
       320.00000       1000.0000       2.5662922       12.921869
       320.00000       3000.0000       2.5662922       13.076510
       320.00000       10000.000       2.5662922       13.085403
       320.00000       30000.000       2.4918790       13.512444
       320.00000       100000.00       2.4542808       13.742402
       320.00000       300000.00       2.4435055       13.810227
       330.00000    0.0010000000       2.5627550       12.806946
       330.00000    0.0030000000       2.5627693       12.807347
       330.00000     0.010000000       2.5628212       12.808762
       330.00000     0.030000000       2.5629291       12.812700
       330.00000      0.10000000       2.5633272       12.825426
       330.00000      0.30000000       2.5641811       12.854036
       330.00000       1.0000000       2.5655617       12.899747
       330.00000       3.0000000       2.5661722       12.920094
       330.00000       10.000000       2.5662837       12.923794
       330.00000       30.000000       2.5662913       12.924661
       330.00000       100.00000       2.5662927       12.925352
       330.00000       300.00000       2.5662922       12.928098
       330.00000       1000.0000       2.5662922       12.943482
       330.00000       3000.0000       2.5662922       13.098123
       330.00000       10000.000       2.5662922       13.107016
       330.00000       30000.000       2.5259502       13.334555
       330.00000       100000.00       2.4645685       13.701367
       330.00000       300000.00       2.4469407       13.811697
       340.00000    0.0010000000       2.5627517       12.826250
       340.00000    0.0030000000       2.5627645       12.826475
       340.00000     0.010000000       2.5627844       12.827342
       340.00000     0.030000000       2.5628646       12.829771
       340.00000      0.10000000       2.5631045       12.837844
       340.00000      0.30000000       2.5637121       12.857839
       340.00000       1.0000000       2.5650032       12.900868
       340.00000       3.0000000       2.5659969       12.933840
       340.00000       10.000000       2.5662514       12.942696
       340.00000       30.000000       2.5662906       12.944151
       340.00000       100.00000       2.5662923       12.944912
       340.00000       300.00000       2.5662923       12.947663
       340.00000       1000.0000       2.5662922       12.963049
       340.00000       3000.0000       2.5662922       13.117690
       340.00000       10000.000       2.5662922       13.126582
       340.00000       30000.000       2.5662922       13.126482
       340.00000       100000.00       2.4801465       13.626213
       340.00000       300000.00       2.4521490       13.799693
       350.00000    0.0010000000       2.5627505       12.842833
       350.00000    0.0030000000       2.5627612       12.842963
       350.00000     0.010000000       2.5627717       12.843516
       350.00000     0.030000000       2.5628319       12.845026
       350.00000      0.10000000       2.5629887       12.850194
       350.00000      0.30000000       2.5633858       12.863706
       350.00000       1.0000000       2.5644428       12.898659
       350.00000       3.0000000       2.5656789       12.939844
       350.00000       10.000000       2.5662083       12.957923
       350.00000       30.000000       2.5662844       12.960765
       350.00000       100.00000       2.5662918       12.961687
       350.00000       300.00000       2.5662926       12.964454
       350.00000       1000.0000       2.5662922       12.979841
       350.00000       3000.0000       2.5662922       13.134482
       350.00000       10000.000       2.5662922       13.143375
       350.00000       30000.000       2.5662922       13.143274
       350.00000       100000.00       2.5031218       13.505201
       350.00000       300000.00       2.4598430       13.769109
       375.00000    0.0010000000       2.5627498       12.872081
       375.00000    0.0030000000       2.5627507       12.872136
       375.00000     0.010000000       2.5627611       12.872299
       375.00000     0.030000000       2.5627718       12.872834
       375.00000      0.10000000       2.5628384       12.874633
       375.00000      0.30000000       2.5629904       12.879635
       375.00000       1.0000000       2.5634651       12.895459
       375.00000       3.0000000       2.5644562       12.928715
       375.00000       10.000000       2.5657659       12.972743
       375.00000       30.000000       2.5662094       12.988099
       375.00000       100.00000       2.5662857       12.991054
       375.00000       300.00000       2.5662917       12.993958
       375.00000       1000.0000       2.5662920       13.009096
       375.00000       3000.0000       2.5662922       13.160642
       375.00000       10000.000       2.5662916       13.170035
       375.00000       30000.000       2.5662922       13.173065
       375.00000       100000.00       2.5662916       13.171878
       375.00000       300000.00       2.4965540       13.573949
       400.00000    0.0010000000       2.5627385       12.893949
       400.00000    0.0030000000       2.5627397       12.893964
       400.00000     0.010000000       2.5627422       12.894030
       400.00000     0.030000000       2.5627521       12.894219
       400.00000      0.10000000       2.5627688       12.894919
       400.00000      0.30000000       2.5628396       12.896889
       400.00000       1.0000000       2.5630337       12.903554
       400.00000       3.0000000       2.5635383       12.920491
       400.00000       10.000000       2.5647419       12.960495
       400.00000       30.000000       2.5658631       12.998523
       400.00000       100.00000       2.5662202       13.011527
       400.00000       300.00000       2.5662806       13.015035
       400.00000       1000.0000       2.5662840       13.026774
       400.00000       3000.0000       2.5662848       13.137905
       400.00000       10000.000       2.5662846       13.153836
       400.00000       30000.000       2.5662846       13.197710
       400.00000       100000.00       2.5662845       13.198072
       400.00000       300000.00       2.5621972       13.216664
       425.00000    0.0010000000       2.5627126       12.909651
       425.00000    0.0030000000       2.5627377       12.909525
       425.00000     0.010000000       2.5627403       12.909543
       425.00000     0.030000000       2.5627427       12.909627
       425.00000      0.10000000       2.5627539       12.909919
       425.00000      0.30000000       2.5627750       12.910775
       425.00000       1.0000000       2.5628723       12.913692
       425.00000       3.0000000       2.5631037       12.921667
       425.00000       10.000000       2.5638208       12.945285
       425.00000       30.000000       2.5650388       12.986291
       425.00000       100.00000       2.5660475       13.020669
       425.00000       300.00000       2.5662413       13.029175
       425.00000       1000.0000       2.5662833       13.038202
       425.00000       3000.0000       2.5662846       13.111527
       425.00000       10000.000       2.5662847       13.133885
       425.00000       30000.000       2.5662846       13.215851
       425.00000       100000.00       2.5662845       13.217748
       425.00000       300000.00       2.5662846       13.212574
       450.00000    0.0010000000       2.5622440       12.922718
       450.00000    0.0030000000       2.5626865       12.920682
       450.00000     0.010000000       2.5627367       12.920435
       450.00000     0.030000000       2.5627411       12.920454
       450.00000      0.10000000       2.5627440       12.920597
       450.00000      0.30000000       2.5627572       12.920991
       450.00000       1.0000000       2.5628112       12.922357
       450.00000       3.0000000       2.5629140       12.926227
       450.00000       10.000000       2.5632979       12.938703
       450.00000       30.000000       2.5641365       12.967129
       450.00000       100.00000       2.5655213       13.013590
       450.00000       300.00000       2.5661499       13.036099
       450.00000       1000.0000       2.5662721       13.044847
       450.00000       3000.0000       2.5662838       13.082805
       450.00000       10000.000       2.5662843       13.111441
       450.00000       30000.000       2.5662843       13.229134
       450.00000       100000.00       2.5662837       13.232532
       450.00000       300000.00       2.5662843       13.226409
       475.00000    0.0010000000       2.5585711       12.947611
       475.00000    0.0030000000       2.5620376       12.932295
       475.00000     0.010000000       2.5626827       12.929432
       475.00000     0.030000000       2.5627346       12.929197
       475.00000      0.10000000       2.5627420       12.929235
       475.00000      0.30000000       2.5627515       12.929423
       475.00000       1.0000000       2.5627678       12.930124
       475.00000       3.0000000       2.5628395       12.932075
       475.00000       10.000000       2.5630312       12.938690
       475.00000       30.000000       2.5635301       12.955616
       475.00000       100.00000       2.5647302       12.995619
       475.00000       300.00000       2.5658567       13.034335
       475.00000       1000.0000       2.5662206       13.050225
       475.00000       3000.0000       2.5662804       13.071106
       475.00000       10000.000       2.5662843       13.099770
       475.00000       30000.000       2.5662840       13.219208
       475.00000       100000.00       2.5662847       13.250303
       475.00000       300000.00       2.5662837       13.243686
       500.00000    0.0010000000       1.2711086       13.040099
       500.00000    0.0030000000       2.5578793       12.958967
       500.00000     0.010000000       2.5620470       12.941632
       500.00000     0.030000000       2.5626709       12.939026
       500.00000      0.10000000       2.5627362       12.938755
       500.00000      0.30000000       2.5627412       12.938852
       500.00000       1.0000000       2.5627564       12.939202
       500.00000       3.0000000       2.5627843       12.940253
       500.00000       10.000000       2.5628953       12.943879
       500.00000       30.000000       2.5631903       12.953658
       500.00000       100.00000       2.5640144       12.981385
       500.00000       300.00000       2.5652749       13.024262
       500.00000       1000.0000       2.5661270       13.054243
       500.00000       3000.0000       2.5662481       13.064289
       500.00000       10000.000       2.5662830       13.091997
       500.00000       30000.000       2.5662841       13.206945
       500.00000       100000.00       2.5662846       13.270929
       500.00000       300000.00       2.5662846       13.262462
       575.00000    0.0010000000       2.5390910       13.059468
       575.00000    0.0030000000       2.5394667       13.058229
       575.00000     0.010000000       2.5424789       13.048419
       575.00000     0.030000000       2.5506545       13.021250
       575.00000      0.10000000       2.5597731       12.990078
       575.00000      0.30000000       2.5623437       12.981191
       575.00000       1.0000000       2.5627074       12.979986
       575.00000       3.0000000       2.5627435       12.980086
       575.00000       10.000000       2.5627704       12.980827
       575.00000       30.000000       2.5628447       12.983006
       575.00000       100.00000       2.5630571       12.990244
       575.00000       300.00000       2.5636055       13.008596
       575.00000       1000.0000       2.5648282       13.050901
       575.00000       3000.0000       2.5659041       13.089760
       575.00000       10000.000       2.5662310       13.111922
       575.00000       30000.000       2.5662803       13.156178
       575.00000       100000.00       2.5662852       13.345608
       575.00000       300000.00       2.5662839       13.489156
       650.00000    0.0010000000       2.5390469       13.087499
       650.00000    0.0030000000       2.5390441       13.087515
       650.00000     0.010000000       2.5390703       13.087425
       650.00000     0.030000000       2.5392643       13.086881
       650.00000      0.10000000       2.5411168       13.081709
       650.00000      0.30000000       2.5480187       13.062236
       650.00000       1.0000000       2.5584251       13.032460
       650.00000       3.0000000       2.5621006       13.021876
       650.00000       10.000000       2.5626958       13.020398
       650.00000       30.000000       2.5627616       13.020891
       650.00000       100.00000       2.5628398       13.023080
       650.00000       300.00000       2.5630200       13.029154
       650.00000       1000.0000       2.5635619       13.048124
       650.00000       3000.0000       2.5646538       13.085979
       650.00000       10000.000       2.5658789       13.132471
       650.00000       30000.000       2.5662155       13.161613
       650.00000       100000.00       2.5662808       13.301128
       650.00000       300000.00       2.5662844       14.146394
       725.00000    0.0010000000       2.5392538       13.136953
       725.00000    0.0030000000       2.5391236       13.136934
       725.00000     0.010000000       2.5390685       13.136937
       725.00000     0.030000000       2.5390560       13.136927
       725.00000      0.10000000       2.5390829       13.136839
       725.00000      0.30000000       2.5393793       13.136131
       725.00000       1.0000000       2.5418951       13.130171
       725.00000       3.0000000       2.5499599       13.110907
       725.00000       10.000000       2.5597021       13.087551
       725.00000       30.000000       2.5623519       13.081404
       725.00000       100.00000       2.5627371       13.081338
       725.00000       300.00000       2.5628437       13.083605
       725.00000       1000.0000       2.5630687       13.091466
       725.00000       3000.0000       2.5636395       13.111268
       725.00000       10000.000       2.5648988       13.156808
       725.00000       30000.000       2.5659305       13.201281
       725.00000       100000.00       2.5662392       13.279075
       725.00000       300000.00       2.5662818       13.861073
       800.00000    0.0010000000       2.5403772       13.217185
       800.00000    0.0030000000       2.5403784       13.217183
       800.00000     0.010000000       2.5403780       13.217185
       800.00000     0.030000000       2.5395424       13.217189
       800.00000      0.10000000       2.5392067       13.217201
       800.00000      0.30000000       2.5391105       13.217186
       800.00000       1.0000000       2.5391677       13.216971
       800.00000       3.0000000       2.5400360       13.215244
       800.00000       10.000000       2.5454196       13.204522
       800.00000       30.000000       2.5555089       13.184351
       800.00000       100.00000       2.5616763       13.172331
       800.00000       300.00000       2.5626671       13.171482
       800.00000       1000.0000       2.5628806       13.174892
       800.00000       3000.0000       2.5631720       13.184727
       800.00000       10000.000       2.5639668       13.213614
       800.00000       30000.000       2.5652205       13.262007
       800.00000       100000.00       2.5660925       13.320040
       800.00000       300000.00       2.5662466       13.444910
       900.00000    0.0010000000       2.5403511       13.327717
       900.00000    0.0030000000       2.5403723       13.327717
       900.00000     0.010000000       2.5403799       13.327717
       900.00000     0.030000000       2.5403820       13.327717
       900.00000      0.10000000       2.5403825       13.327717
       900.00000      0.30000000       2.5403831       13.327713
       900.00000       1.0000000       2.5403540       13.327711
       900.00000       3.0000000       2.5395435       13.327711
       900.00000       10.000000       2.5394650       13.327352
       900.00000       30.000000       2.5412108       13.324587
       900.00000       100.00000       2.5493144       13.312335
       900.00000       300.00000       2.5588221       13.298226
       900.00000       1000.0000       2.5623554       13.294438
       900.00000       3000.0000       2.5628735       13.298169
       900.00000       10000.000       2.5633018       13.312360
       900.00000       30000.000       2.5641589       13.345112
       900.00000       100000.00       2.5655367       13.407322
       900.00000       300000.00       2.5661595       13.478210
       1000.0000    0.0010000000       2.5400459       13.464878
       1000.0000    0.0030000000       2.5402577       13.464877
       1000.0000     0.010000000       2.5403400       13.464877
       1000.0000     0.030000000       2.5403657       13.464876
       1000.0000      0.10000000       2.5403753       13.464878
       1000.0000      0.30000000       2.5403786       13.464877
       1000.0000       1.0000000       2.5403799       13.464875
       1000.0000       3.0000000       2.5403806       13.464875
       1000.0000       10.000000       2.5403919       13.464875
       1000.0000       30.000000       2.5405099       13.464762
       1000.0000       100.00000       2.5408144       13.463618
       1000.0000       300.00000       2.5459241       13.457789
       1000.0000       1000.0000       2.5568451       13.446257
       1000.0000       3000.0000       2.5618603       13.442885
       1000.0000       10000.000       2.5629281       13.449437
       1000.0000       30000.000       2.5635138       13.468751
       1000.0000       100000.00       2.5647093       13.518960
       1000.0000       300000.00       2.5658455       13.587310
       1100.0000    0.0010000000       2.5387247       13.619397
       1100.0000    0.0030000000       2.5396336       13.619414
       1100.0000     0.010000000       2.5401130       13.619425
       1100.0000     0.030000000       2.5402815       13.619447
       1100.0000      0.10000000       2.5403443       13.619474
       1100.0000      0.30000000       2.5403674       13.619473
       1100.0000       1.0000000       2.5403770       13.619474
       1100.0000       3.0000000       2.5403801       13.619474
       1100.0000       10.000000       2.5403806       13.619487
       1100.0000       30.000000       2.5403875       13.619498
       1100.0000       100.00000       2.5405049       13.619455
       1100.0000       300.00000       2.5413866       13.618943
       1100.0000       1000.0000       2.5464564       13.615300
       1100.0000       3000.0000       2.5560551       13.608878
       1100.0000       10000.000       2.5619766       13.608713
       1100.0000       30000.000       2.5631020       13.619843
       1100.0000       100000.00       2.5640273       13.655096
       1100.0000       300000.00       2.5653081       13.717965
       1200.0000    0.0010000000       2.5390201       13.790538
       1200.0000    0.0030000000       2.5387394       13.790814
       1200.0000     0.010000000       2.5394280       13.791021
       1200.0000     0.030000000       2.5399455       13.791246
       1200.0000      0.10000000       2.5402152       13.791443
       1200.0000      0.30000000       2.5403158       13.791555
       1200.0000       1.0000000       2.5403569       13.791620
       1200.0000       3.0000000       2.5403741       13.791644
       1200.0000       10.000000       2.5403818       13.791654
       1200.0000       30.000000       2.5403821       13.791690
       1200.0000       100.00000       2.5403942       13.791719
       1200.0000       300.00000       2.5405259       13.791729
       1200.0000       1000.0000       2.5417553       13.791545
       1200.0000       3000.0000       2.5474425       13.789360
       1200.0000       10000.000       2.5582057       13.788485
       1200.0000       30000.000       2.5624796       13.794154
       1200.0000       100000.00       2.5636555       13.818253
       1200.0000       300000.00       2.5648170       13.870028
       1300.0000    0.0010000000       2.5760766       13.939292
       1300.0000    0.0030000000       2.5593993       13.960100
       1300.0000     0.010000000       2.5443617       13.967958
       1300.0000     0.030000000       2.5409547       13.970359
       1300.0000      0.10000000       2.5402801       13.971236
       1300.0000      0.30000000       2.5402831       13.971523
       1300.0000       1.0000000       2.5403631       13.971649
       1300.0000       3.0000000       2.5403970       13.971848
       1300.0000       10.000000       2.5404059       13.972067
       1300.0000       30.000000       2.5404075       13.972200
       1300.0000       100.00000       2.5404076       13.972310
       1300.0000       300.00000       2.5404389       13.972422
       1300.0000       1000.0000       2.5406900       13.972536
       1300.0000       3000.0000       2.5424634       13.971474
       1300.0000       10000.000       2.5505144       13.975595
       1300.0000       30000.000       2.5602331       13.981485
       1300.0000       100000.00       2.5637527       13.999046
       1300.0000       300000.00       2.5646460       14.039642
       1400.0000    0.0010000000       2.6033735       14.030281
       1400.0000    0.0030000000       2.6065458       14.030924
       1400.0000     0.010000000       2.5886423       14.108380
       1400.0000     0.030000000       2.5798884       14.138625
       1400.0000      0.10000000       2.5513899       14.165274
       1400.0000      0.30000000       2.5436055       14.174010
       1400.0000       1.0000000       2.5411596       14.177276
       1400.0000       3.0000000       2.5405896       14.178226
       1400.0000       10.000000       2.5404798       14.178557
       1400.0000       30.000000       2.5404756       14.178664
       1400.0000       100.00000       2.5404892       14.178738
       1400.0000       300.00000       2.5405008       14.178856
       1400.0000       1000.0000       2.5405868       14.179065
       1400.0000       3000.0000       2.5410867       14.179657
       1400.0000       10000.000       2.5447495       14.183829
       1400.0000       30000.000       2.5541679       14.194575
       1400.0000       100000.00       2.5627482       14.213797
       1400.0000       300000.00       2.5650275       14.247291
       1500.0000    0.0010000000       2.5877180       14.243432
       1500.0000    0.0030000000       2.5968886       14.248899
       1500.0000     0.010000000       2.6030964       14.251641
       1500.0000     0.030000000       2.6068675       14.252419
       1500.0000      0.10000000       2.6000780       14.289801
       1500.0000      0.30000000       2.5857578       14.344434
       1500.0000       1.0000000       2.5579079       14.374531
       1500.0000       3.0000000       2.5460266       14.393067
       1500.0000       10.000000       2.5419706       14.400164
       1500.0000       30.000000       2.5408869       14.402281
       1500.0000       100.00000       2.5405832       14.403051
       1500.0000       300.00000       2.5405209       14.403308
       1500.0000       1000.0000       2.5405371       14.403519
       1500.0000       3000.0000       2.5407085       14.404062
       1500.0000       10000.000       2.5420888       14.407433
       1500.0000       30000.000       2.5480654       14.420736
       1500.0000       100000.00       2.5592505       14.449995
       1500.0000       300000.00       2.5642117       14.483485
       1600.0000    0.0010000000       2.5451793       14.399544
       1600.0000    0.0030000000       2.5715994       14.418989
       1600.0000     0.010000000       2.5885404       14.430363
       1600.0000     0.030000000       2.5977483       14.435583
       1600.0000      0.10000000       2.6041425       14.438105
       1600.0000      0.30000000       2.6079889       14.438883
       1600.0000       1.0000000       2.6083986       14.448287
       1600.0000       3.0000000       2.5819646       14.521863
       1600.0000       10.000000       2.5613585       14.550667
       1600.0000       30.000000       2.5474905       14.577148
       1600.0000       100.00000       2.5424859       14.587565
       1600.0000       300.00000       2.5410924       14.590731
       1600.0000       1000.0000       2.5406766       14.591930
       1600.0000       3000.0000       2.5406256       14.592650
       1600.0000       10000.000       2.5411243       14.595128
       1600.0000       30000.000       2.5441512       14.607229
       1600.0000       100000.00       2.5541930       14.647301
       1600.0000       300000.00       2.5625543       14.693780
       1700.0000    0.0010000000       2.4451907       14.502665
       1700.0000    0.0030000000       2.5110929       14.559192
       1700.0000     0.010000000       2.5541374       14.592681
       1700.0000     0.030000000       2.5771153       14.609105
       1700.0000      0.10000000       2.5920596       14.618513
       1700.0000      0.30000000       2.6003943       14.622669
       1700.0000       1.0000000       2.6062001       14.624708
       1700.0000       3.0000000       2.6095707       14.625451
       1700.0000       10.000000       2.6094370       14.635232
       1700.0000       30.000000       2.5743314       14.709593
       1700.0000       100.00000       2.5604856       14.736269
       1700.0000       300.00000       2.5473322       14.764693
       1700.0000       1000.0000       2.5425095       14.775978
       1700.0000       3000.0000       2.5411761       14.779620
       1700.0000       10000.000       2.5409268       14.782449
       1700.0000       30000.000       2.5422182       14.792056
       1700.0000       100000.00       2.5493663       14.836426
       1700.0000       300000.00       2.5596876       14.906633
       1800.0000    0.0010000000       2.2507655       14.472307
       1800.0000    0.0030000000       2.3864869       14.624432
       1800.0000     0.010000000       2.4816165       14.711679
       1800.0000     0.030000000       2.5333717       14.754100
       1800.0000      0.10000000       2.5669403       14.779220
       1800.0000      0.30000000       2.5850690       14.791387
       1800.0000       1.0000000       2.5971538       14.798183
       1800.0000       3.0000000       2.6039882       14.801126
       1800.0000       10.000000       2.6086056       14.802695
       1800.0000       30.000000       2.6111515       14.803384
       1800.0000       100.00000       2.5910253       14.837946
       1800.0000       300.00000       2.5667448       14.897543
       1800.0000       1000.0000       2.5562149       14.922870
       1800.0000       3000.0000       2.5459182       14.947223
       1800.0000       10000.000       2.5422127       14.957777
       1800.0000       30000.000       2.5417852       14.967287
       1800.0000       100000.00       2.5458862       15.009816
       1800.0000       300000.00       2.5558901       15.104227
       1900.0000    0.0010000000       1.9595694       14.155842
       1900.0000    0.0030000000       2.1711408       14.537585
       1900.0000     0.010000000       2.3441346       14.751196
       1900.0000     0.030000000       2.4480087       14.851793
       1900.0000      0.10000000       2.5182656       14.910662
       1900.0000      0.30000000       2.5560101       14.939484
       1900.0000       1.0000000       2.5801816       14.956404
       1900.0000       3.0000000       2.5935217       14.964392
       1900.0000       10.000000       2.6025300       14.968803
       1900.0000       30.000000       2.6075304       14.970836
       1900.0000       100.00000       2.6107755       14.971973
       1900.0000       300.00000       2.6034455       14.972283
       1900.0000       1000.0000       2.5736646       15.041518
       1900.0000       3000.0000       2.5613374       15.078838
       1900.0000       10000.000       2.5486437       15.111235
       1900.0000       30000.000       2.5435528       15.129781
       1900.0000       100000.00       2.5441863       15.170085
       1900.0000       300000.00       2.5521075       15.280958
       2000.0000    0.0010000000       1.6621928       13.297503
       2000.0000    0.0030000000       1.8864792       14.159759
       2000.0000     0.010000000       2.1293015       14.642271
       2000.0000     0.030000000       2.3017520       14.867629
       2000.0000      0.10000000       2.4296630       14.996042
       2000.0000      0.30000000       2.5022571       15.057959
       2000.0000       1.0000000       2.5499141       15.094550
       2000.0000       3.0000000       2.5755065       15.112381
       2000.0000       10.000000       2.5918542       15.122670
       2000.0000       30.000000       2.6010197       15.127518
       2000.0000       100.00000       2.6071174       15.130257
       2000.0000       300.00000       2.6103624       15.131610
       2000.0000       1000.0000       2.6030309       15.132165
       2000.0000       3000.0000       2.5833905       15.164010
       2000.0000       10000.000       2.5635798       15.231085
       2000.0000       30000.000       2.5498498       15.271723
       2000.0000       100000.00       2.5447489       15.317559
       2000.0000       300000.00       2.5491975       15.436522
       2150.0000    0.0010000000       1.4408263       9.2132471
       2150.0000    0.0030000000       1.5350552       12.302472
       2150.0000     0.010000000       1.7354227       13.945373
       2150.0000     0.030000000       1.9677754       14.604964
       2150.0000      0.10000000       2.1966197       14.975500
       2150.0000      0.30000000       2.3499227       15.150364
       2150.0000       1.0000000       2.4596743       15.251435
       2150.0000       3.0000000       2.5209831       15.300620
       2150.0000       10.000000       2.5610524       15.329761
       2150.0000       30.000000       2.5826835       15.343881
       2150.0000       100.00000       2.5967254       15.352096
       2150.0000       300.00000       2.6040954       15.356083
       2150.0000       1000.0000       2.6089656       15.358427
       2150.0000       3000.0000       2.6115166       15.359768
       2150.0000       10000.000       2.5936024       15.360405
       2150.0000       30000.000       2.5773138       15.408380
       2150.0000       100000.00       2.5548634       15.500750
       2150.0000       300000.00       2.5488944       15.634580
       2300.0000    0.0010000000       1.3936717       4.1340692
       2300.0000    0.0030000000       1.4164250       7.3699151
       2300.0000     0.010000000       1.4856962       11.370377
       2300.0000     0.030000000       1.6275076       13.593755
       2300.0000      0.10000000       1.8676067       14.618070
       2300.0000      0.30000000       2.0948079       15.054143
       2300.0000       1.0000000       2.2919671       15.302823
       2300.0000       3.0000000       2.4145681       15.421773
       2300.0000       10.000000       2.4989586       15.491561
       2300.0000       30.000000       2.5452674       15.525765
       2300.0000       100.00000       2.5754617       15.545982
       2300.0000       300.00000       2.5917043       15.555812
       2300.0000       1000.0000       2.6021682       15.561631
       2300.0000       3000.0000       2.6075218       15.564594
       2300.0000       10000.000       2.6109466       15.566778
       2300.0000       30000.000       2.5958822       15.568903
       2300.0000       100000.00       2.5888836       15.580598
       2300.0000       300000.00       2.5650595       15.753807
       2450.0000    0.0010000000       1.3841318       2.0970739
       2450.0000    0.0030000000       1.3899588       3.4356450
       2450.0000     0.010000000       1.4087991       6.5778953
       2450.0000     0.030000000       1.4570987       10.411701
       2450.0000      0.10000000       1.5849620       13.424729
       2450.0000      0.30000000       1.7878057       14.625701
       2450.0000       1.0000000       2.0426105       15.191202
       2450.0000       3.0000000       2.2386023       15.451576
       2450.0000       10.000000       2.3898194       15.602410
       2450.0000       30.000000       2.4778274       15.675697
       2450.0000       100.00000       2.5365712       15.719146
       2450.0000       300.00000       2.5684381       15.740496
       2450.0000       1000.0000       2.5890783       15.753139
       2450.0000       3000.0000       2.6000323       15.759430
       2450.0000       10000.000       2.6069518       15.763480
       2450.0000       30000.000       2.6104635       15.766649
       2450.0000       100000.00       2.5956401       15.776142
       2450.0000       300000.00       2.5899060       15.831429
       2600.0000    0.0010000000       1.3798146       1.5441092
       2600.0000    0.0030000000       1.3829868       1.9769667
       2600.0000     0.010000000       1.3890415       3.3058954
       2600.0000     0.030000000       1.4040471       6.0039998
       2600.0000      0.10000000       1.4510153       10.226938
       2600.0000      0.30000000       1.5562073       13.246316
       2600.0000       1.0000000       1.7667453       14.765824
       2600.0000       3.0000000       2.0005701       15.322753
       2600.0000       10.000000       2.2232789       15.623018
       2600.0000       30.000000       2.3688704       15.766844
       2600.0000       100.00000       2.4718047       15.851522
       2600.0000       300.00000       2.5291304       15.893128
       2600.0000       1000.0000       2.5666859       15.917909
       2600.0000       3000.0000       2.5868052       15.930193
       2600.0000       10000.000       2.5996469       15.937736
       2600.0000       30000.000       2.6063350       15.942459
       2600.0000       100000.00       2.6105183       15.951539
       2600.0000       300000.00       2.5954918       15.995586
       2800.0000    0.0010000000       1.3694327       1.3748977
       2800.0000    0.0030000000       1.3742497       1.4765612
       2800.0000     0.010000000       1.3796879       1.8211110
       2800.0000     0.030000000       1.3852375       2.7210732
       2800.0000      0.10000000       1.3977686       5.1389537
       2800.0000      0.30000000       1.4288533       8.8685561
       2800.0000       1.0000000       1.5176802       12.750715
       2800.0000       3.0000000       1.6824335       14.635588
       2800.0000       10.000000       1.9326379       15.443977
       2800.0000       30.000000       2.1515955       15.768717
       2800.0000       100.00000       2.3323375       15.953127
       2800.0000       300.00000       2.4414831       16.042895
       2800.0000       1000.0000       2.5157050       16.096312
       2800.0000       3000.0000       2.5562550       16.122716
       2800.0000       10000.000       2.5825007       16.138694
       2800.0000       30000.000       2.5963542       16.147366
       2800.0000       100000.00       2.6050678       16.157399
       2800.0000       300000.00       2.6097226       16.193065
       3000.0000    0.0010000000       1.3615015       1.3429571
       3000.0000    0.0030000000       1.3648122       1.3711593
       3000.0000     0.010000000       1.3692085       1.4685613
       3000.0000     0.030000000       1.3747046       1.7390487
       3000.0000      0.10000000       1.3822846       2.6111129
       3000.0000      0.30000000       1.3934845       4.6099145
       3000.0000       1.0000000       1.4237574       8.5614274
       3000.0000       3.0000000       1.4949900       12.336217
       3000.0000       10.000000       1.6606247       14.718601
       3000.0000       30.000000       1.8838640       15.568597
       3000.0000       100.00000       2.1296751       15.955125
       3000.0000       300.00000       2.3037685       16.130709
       3000.0000       1000.0000       2.4320470       16.233658
       3000.0000       3000.0000       2.5050169       16.284433
       3000.0000       10000.000       2.5532150       16.314937
       3000.0000       30000.000       2.5790538       16.330695
       3000.0000       100000.00       2.5954765       16.344027
       3000.0000       300000.00       2.6040803       16.375124
       3250.0000    0.0010000000       1.3494034       1.3387533
       3250.0000    0.0030000000       1.3551681       1.3459190
       3250.0000     0.010000000       1.3600315       1.3706652
       3250.0000     0.030000000       1.3637881       1.4401109
       3250.0000      0.10000000       1.3686957       1.6761818
       3250.0000      0.30000000       1.3755391       2.3086254
       3250.0000       1.0000000       1.3878768       4.1488584
       3250.0000       3.0000000       1.4111405       7.4885314
       3250.0000       10.000000       1.4752754       11.867199
       3250.0000       30.000000       1.6053170       14.507976
       3250.0000       100.00000       1.8352938       15.719054
       3250.0000       300.00000       2.0661723       16.136254
       3250.0000       1000.0000       2.2726645       16.350342
       3250.0000       3000.0000       2.4027723       16.452455
       3250.0000       10000.000       2.4930939       16.513231
       3250.0000       30000.000       2.5428801       16.543820
       3250.0000       100000.00       2.5751216       16.565217
       3250.0000       300000.00       2.5920828       16.595258
       3500.0000    0.0010000000       1.3254112       1.3405326
       3500.0000    0.0030000000       1.3383780       1.3428499
       3500.0000     0.010000000       1.3482470       1.3507183
       3500.0000     0.030000000       1.3546179       1.3726199
       3500.0000      0.10000000       1.3599252       1.4470398
       3500.0000      0.30000000       1.3643808       1.6523531
       3500.0000       1.0000000       1.3711215       2.3226221
       3500.0000       3.0000000       1.3823315       3.9385666
       3500.0000       10.000000       1.4083096       7.5405743
       3500.0000       30.000000       1.4645855       11.636751
       3500.0000       100.00000       1.6017513       14.701003
       3500.0000       300.00000       1.8076953       15.891772
       3500.0000       1000.0000       2.0609751       16.376714
       3500.0000       3000.0000       2.2534627       16.570999
       3500.0000       10000.000       2.4004496       16.680978
       3500.0000       30000.000       2.4856075       16.735158
       3500.0000       100000.00       2.5422132       16.770003
       3500.0000       300000.00       2.5724720       16.803370
       3750.0000    0.0010000000       1.2885068       1.3441725
       3750.0000    0.0030000000       1.3044510       1.3451534
       3750.0000     0.010000000       1.3238401       1.3482529
       3750.0000     0.030000000       1.3382257       1.3565429
       3750.0000      0.10000000       1.3489694       1.3843872
       3750.0000      0.30000000       1.3556440       1.4610687
       3750.0000       1.0000000       1.3615404       1.7170557
       3750.0000       3.0000000       1.3678326       2.3928707
       3750.0000       10.000000       1.3805340       4.3330734
       3750.0000       30.000000       1.4064509       7.8030168
       3750.0000       100.00000       1.4742888       12.286666
       3750.0000       300.00000       1.6065621       14.975991
       3750.0000       1000.0000       1.8364751       16.212490
       3750.0000       3000.0000       2.0667834       16.619693
       3750.0000       10000.000       2.2731748       16.814081
       3750.0000       30000.000       2.4033219       16.903949
       3750.0000       100000.00       2.4935844       16.958828
       3750.0000       300000.00       2.5430455       16.999555
       4000.0000    0.0010000000       1.2739105       1.3503677
       4000.0000    0.0030000000       1.2786047       1.3508280
       4000.0000     0.010000000       1.2901660       1.3523368
       4000.0000     0.030000000       1.3069822       1.3562387
       4000.0000      0.10000000       1.3268718       1.3685675
       4000.0000      0.30000000       1.3411974       1.4014891
       4000.0000       1.0000000       1.3516866       1.5111191
       4000.0000       3.0000000       1.3586102       1.8071015
       4000.0000       10.000000       1.3667013       2.7395853
       4000.0000       30.000000       1.3798038       4.8472154
       4000.0000       100.00000       1.4137425       8.9975012
       4000.0000       300.00000       1.4871778       12.997476
       4000.0000       1000.0000       1.6508312       15.591832
       4000.0000       3000.0000       1.8707788       16.526149
       4000.0000       10000.000       2.1177169       16.899894
       4000.0000       30000.000       2.2953412       17.047179
       4000.0000       100000.00       2.4270810       17.130686
       4000.0000       300000.00       2.5019316       17.183102
