Li Na K Rb Cs
  4.5555E-38  4.5555E-38  4.5555E-38  4.5555E-38  4.5555E-38
  4.5555E-38  4.5555E-38  4.5555E-38  4.5555E-38  4.5555E-38
  4.5555E-38  4.5555E-38  4.5555E-38  4.5555E-38  4.5555E-38
  4.5555E-38  4.5555E-38  4.5555E-38  4.5555E-38  4.5555E-38
  4.5555E-38  4.5555E-38  4.5555E-38  4.5555E-38  4.5555E-38
  4.5555E-38  4.5555E-38  4.5555E-38  4.5555E-38  4.5555E-38
  4.5555E-38  4.5555E-38  4.5555E-38  4.5555E-38  4.5555E-38
  4.5555E-38  4.5555E-38  4.5555E-38  4.5555E-38  4.5555E-38
  4.5555E-38  4.5555E-38  4.5555E-38  4.5555E-38  4.5555E-38
  4.5555E-38  4.5555E-38  4.5555E-38  4.5555E-38  4.5555E-38
  4.5555E-38  4.5555E-38  4.5555E-38  4.5555E-38  4.5555E-38
  4.5555E-38  4.5555E-38  4.5555E-38  4.5555E-38  4.5555E-38
  4.5555E-38  4.5555E-38  4.5555E-38  4.5555E-38  4.5555E-38
  4.5636E-38  4.5636E-38  4.5636E-38  4.5636E-38  4.5636E-38
  4.5731E-38  4.5731E-38  4.5731E-38  4.5731E-38  4.5731E-38
  4.5507E-38  4.5507E-38  4.5507E-38  4.5507E-38  4.5507E-38
  4.5539E-38  4.5539E-38  4.5539E-38  4.5539E-38  4.5539E-38
  4.5550E-38  4.5550E-38  4.5550E-38  4.5550E-38  4.5550E-38
  4.5553E-38  4.5553E-38  4.5553E-38  4.5553E-38  4.5553E-38
  4.5554E-38  4.5554E-38  4.5554E-38  4.5554E-38  4.5554E-38
  4.5555E-38  4.5555E-38  4.5555E-38  4.5555E-38  4.5555E-38
  4.5555E-38  4.5555E-38  4.5555E-38  4.5555E-38  4.5555E-38
  4.5555E-38  4.5555E-38  4.5555E-38  4.5555E-38  4.5555E-38
  4.5555E-38  4.5555E-38  4.5555E-38  4.5555E-38  4.5555E-38
  4.5555E-38  4.5555E-38  4.5555E-38  4.5555E-38  4.5555E-38
  4.5555E-38  4.5555E-38  4.5555E-38  4.5555E-38  4.5555E-38
  4.5555E-38  4.5555E-38  4.5555E-38  4.5555E-38  4.5555E-38
  4.5555E-38  4.5555E-38  4.5555E-38  4.5555E-38  4.5555E-38
  4.5555E-38  4.5555E-38  4.5555E-38  4.5555E-38  4.5555E-38
  4.5555E-38  4.5555E-38  4.5555E-38  4.5555E-38  4.5555E-38
  4.5555E-38  4.5555E-38  4.5555E-38  4.5555E-38  4.5555E-38
  4.5492E-38  4.5492E-38  4.5492E-38  4.5492E-38  4.5492E-38
  4.5492E-38  4.5492E-38  4.5492E-38  4.5492E-38  4.5492E-38
  4.5492E-38  4.5492E-38  4.5492E-38  4.5492E-38  4.5492E-38
  4.5510E-38  4.5510E-38  4.5510E-38  4.5510E-38  4.5510E-38
  4.5542E-38  4.5542E-38  4.5542E-38  4.5542E-38  4.5542E-38
  4.5551E-38  4.5551E-38  4.5551E-38  4.5551E-38  4.5551E-38
  4.5554E-38  4.5554E-38  4.5554E-38  4.5554E-38  4.5554E-38
  4.5555E-38  4.5555E-38  4.5555E-38  4.5555E-38  4.5555E-38
  4.5555E-38  4.5555E-38  4.5555E-38  4.5555E-38  4.5555E-38
  4.5555E-38  4.5555E-38  4.5555E-38  4.5555E-38  4.5555E-38
  4.5555E-38  4.5555E-38  4.5555E-38  4.5555E-38  4.5555E-38
  4.5555E-38  4.5555E-38  4.5555E-38  4.5555E-38  4.5555E-38
  4.5555E-38  4.5555E-38  4.5555E-38  4.5555E-38  4.5555E-38
  4.5555E-38  4.5555E-38  4.5555E-38  4.5555E-38  4.5555E-38
  4.5555E-38  4.5555E-38  4.5555E-38  4.5555E-38  4.5555E-38
  4.5555E-38  4.5555E-38  4.5555E-38  4.5555E-38  4.5555E-38
  4.5555E-38  4.5555E-38  4.5555E-38  4.5555E-38  4.5555E-38
  4.5491E-38  4.5491E-38  4.5491E-38  4.5491E-38  4.5491E-38
  4.5491E-38  4.5491E-38  4.5491E-38  4.5491E-38  4.5491E-38
  4.5491E-38  4.5491E-38  4.5491E-38  4.5491E-38  4.5491E-38
  4.5491E-38  4.5491E-38  4.5491E-38  4.5491E-38  4.5491E-38
  4.5491E-38  4.5491E-38  4.5491E-38  4.5491E-38  4.5491E-38
  4.5491E-38  4.5491E-38  4.5491E-38  4.5491E-38  4.5491E-38
  4.5534E-38  4.5534E-38  4.5534E-38  4.5534E-38  4.5534E-38
  4.5548E-38  4.5548E-38  4.5548E-38  4.5548E-38  4.5548E-38
  4.5553E-38  4.5553E-38  4.5553E-38  4.5553E-38  4.5553E-38
  4.5554E-38  4.5554E-38  4.5554E-38  4.5554E-38  4.5554E-38
  4.5555E-38  4.5555E-38  4.5555E-38  4.5555E-38  4.5555E-38
  4.5555E-38  4.5555E-38  4.5555E-38  4.5555E-38  4.5555E-38
  4.5555E-38  4.5555E-38  4.5555E-38  4.5555E-38  4.5555E-38
  4.5555E-38  4.5555E-38  4.5555E-38  4.5555E-38  4.5555E-38
  4.5555E-38  4.5555E-38  4.5555E-38  4.5555E-38  4.5555E-38
  4.5555E-38  4.5555E-38  4.5555E-38  4.5555E-38  4.5555E-38
  4.5555E-38  4.5555E-38  4.5555E-38  4.5555E-38  4.5555E-38
  4.5491E-38  4.5491E-38  4.5491E-38  4.5491E-38  4.5491E-38
  4.5491E-38  4.5491E-38  4.5491E-38  4.5491E-38  4.5491E-38
  4.5491E-38  4.5491E-38  4.5491E-38  4.5491E-38  4.5491E-38
  4.5491E-38  4.5491E-38  4.5491E-38  4.5491E-38  4.5491E-38
  4.5492E-38  4.5492E-38  4.5492E-38  4.5492E-38  4.5492E-38
  4.5491E-38  4.5491E-38  4.5491E-38  4.5491E-38  4.5491E-38
  4.5492E-38  4.5492E-38  4.5492E-38  4.5492E-38  4.5492E-38
  4.5491E-38  4.5491E-38  4.5491E-38  4.5491E-38  4.5491E-38
  4.5533E-38  4.5533E-38  4.5533E-38  4.5533E-38  4.5533E-38
  4.5548E-38  4.5548E-38  4.5548E-38  4.5548E-38  4.5548E-38
  4.5553E-38  4.5553E-38  4.5553E-38  4.5553E-38  4.5553E-38
  4.5554E-38  4.5554E-38  4.5554E-38  4.5554E-38  4.5554E-38
  4.5555E-38  4.5555E-38  4.5555E-38  4.5555E-38  4.5555E-38
  4.5555E-38  4.5555E-38  4.5555E-38  4.5555E-38  4.5555E-38
  4.5555E-38  4.5555E-38  4.5555E-38  4.5555E-38  4.5555E-38
  4.5555E-38  4.5555E-38  4.5555E-38  4.5555E-38  4.5555E-38
  4.5555E-38  4.5555E-38  4.5555E-38  4.5555E-38  4.5555E-38
  4.5480E-38  4.5480E-38  4.5480E-38  4.5480E-38  4.5480E-38
  4.5488E-38  4.5488E-38  4.5488E-38  4.5488E-38  4.5488E-38
  4.5490E-38  4.5490E-38  4.5490E-38  4.5490E-38  4.5490E-38
  4.5491E-38  4.5491E-38  4.5491E-38  4.5491E-38  4.5491E-38
  4.5491E-38  4.5491E-38  4.5491E-38  4.5491E-38  4.5491E-38
  4.5492E-38  4.5492E-38  4.5492E-38  4.5492E-38  4.5492E-38
  4.5491E-38  4.5491E-38  4.5491E-38  4.5491E-38  4.5491E-38
  4.5492E-38  4.5492E-38  4.5492E-38  4.5492E-38  4.5492E-38
  4.5491E-38  4.5491E-38  4.5491E-38  4.5491E-38  4.5491E-38
  4.5500E-38  4.5500E-38  4.5500E-38  4.5500E-38  4.5500E-38
  4.5538E-38  4.5538E-38  4.5538E-38  4.5538E-38  4.5538E-38
  4.5550E-38  4.5550E-38  4.5550E-38  4.5550E-38  4.5550E-38
  4.5553E-38  4.5553E-38  4.5553E-38  4.5553E-38  4.5553E-38
  4.5554E-38  4.5554E-38  4.5554E-38  4.5554E-38  4.5554E-38
  4.5555E-38  4.5555E-38  4.5555E-38  4.5555E-38  4.5555E-38
  4.5555E-38  4.5555E-38  4.5555E-38  4.5555E-38  4.5555E-38
  4.5555E-38  4.5555E-38  4.5555E-38  4.5555E-38  4.5555E-38
  4.5476E-38  4.5476E-38  4.5476E-38  4.5476E-38  4.5476E-38
  4.5479E-38  4.5479E-38  4.5479E-38  4.5479E-38  4.5479E-38
  4.5479E-38  4.5479E-38  4.5479E-38  4.5479E-38  4.5479E-38
  4.5486E-38  4.5486E-38  4.5486E-38  4.5486E-38  4.5486E-38
  4.5490E-38  4.5490E-38  4.5490E-38  4.5490E-38  4.5490E-38
  4.5491E-38  4.5491E-38  4.5491E-38  4.5491E-38  4.5491E-38
  4.5491E-38  4.5491E-38  4.5491E-38  4.5491E-38  4.5491E-38
  4.5491E-38  4.5491E-38  4.5491E-38  4.5491E-38  4.5491E-38
  4.5491E-38  4.5491E-38  4.5491E-38  4.5491E-38  4.5491E-38
  4.5491E-38  4.5491E-38  4.5491E-38  4.5491E-38  4.5491E-38
  4.5491E-38  4.5491E-38  4.5491E-38  4.5491E-38  4.5491E-38
  4.5523E-38  4.5523E-38  4.5523E-38  4.5523E-38  4.5523E-38
  4.5545E-38  4.5545E-38  4.5545E-38  4.5545E-38  4.5545E-38
  4.5552E-38  4.5552E-38  4.5552E-38  4.5552E-38  4.5552E-38
  4.5554E-38  4.5554E-38  4.5554E-38  4.5554E-38  4.5554E-38
  4.5555E-38  4.5555E-38  4.5555E-38  4.5555E-38  4.5555E-38
  4.5555E-38  4.5555E-38  4.5555E-38  4.5555E-38  4.5555E-38
  4.5437E-38  4.5437E-38  4.5437E-38  4.5437E-38  4.5437E-38
  4.5459E-38  4.5459E-38  4.5459E-38  4.5459E-38  4.5459E-38
  4.5467E-38  4.5467E-38  4.5467E-38  4.5467E-38  4.5467E-38
  4.5471E-38  4.5471E-38  4.5471E-38  4.5471E-38  4.5471E-38
  4.5474E-38  4.5474E-38  4.5474E-38  4.5474E-38  4.5474E-38
  4.5484E-38  4.5484E-38  4.5484E-38  4.5484E-38  4.5484E-38
  4.5490E-38  4.5490E-38  4.5490E-38  4.5490E-38  4.5490E-38
  4.5491E-38  4.5491E-38  4.5491E-38  4.5491E-38  4.5491E-38
  4.5491E-38  4.5491E-38  4.5491E-38  4.5491E-38  4.5491E-38
  4.5491E-38  4.5491E-38  4.5491E-38  4.5491E-38  4.5491E-38
  4.5491E-38  4.5491E-38  4.5491E-38  4.5491E-38  4.5491E-38
  4.5492E-38  4.5492E-38  4.5492E-38  4.5492E-38  4.5492E-38
  4.5511E-38  4.5511E-38  4.5511E-38  4.5511E-38  4.5511E-38
  4.5541E-38  4.5541E-38  4.5541E-38  4.5541E-38  4.5541E-38
  4.5551E-38  4.5551E-38  4.5551E-38  4.5551E-38  4.5551E-38
  4.5554E-38  4.5554E-38  4.5554E-38  4.5554E-38  4.5554E-38
  4.5555E-38  4.5555E-38  4.5555E-38  4.5555E-38  4.5555E-38
  4.5156E-38  4.5156E-38  4.5156E-38  4.5156E-38  4.5156E-38
  4.5365E-38  4.5365E-38  4.5365E-38  4.5365E-38  4.5365E-38
  4.5439E-38  4.5439E-38  4.5439E-38  4.5439E-38  4.5439E-38
  4.5460E-38  4.5460E-38  4.5460E-38  4.5460E-38  4.5460E-38
  4.5467E-38  4.5467E-38  4.5467E-38  4.5467E-38  4.5467E-38
  4.5470E-38  4.5470E-38  4.5470E-38  4.5470E-38  4.5470E-38
  4.5471E-38  4.5471E-38  4.5471E-38  4.5471E-38  4.5471E-38
  4.5481E-38  4.5481E-38  4.5481E-38  4.5481E-38  4.5481E-38
  4.5487E-38  4.5487E-38  4.5487E-38  4.5487E-38  4.5487E-38
  4.5490E-38  4.5490E-38  4.5490E-38  4.5490E-38  4.5490E-38
  4.5491E-38  4.5491E-38  4.5491E-38  4.5491E-38  4.5491E-38
  4.5491E-38  4.5491E-38  4.5491E-38  4.5491E-38  4.5491E-38
  4.5491E-38  4.5491E-38  4.5491E-38  4.5491E-38  4.5491E-38
  4.5499E-38  4.5499E-38  4.5499E-38  4.5499E-38  4.5499E-38
  4.5538E-38  4.5538E-38  4.5538E-38  4.5538E-38  4.5538E-38
  4.5549E-38  4.5549E-38  4.5549E-38  4.5549E-38  4.5549E-38
  4.5553E-38  4.5553E-38  4.5553E-38  4.5553E-38  4.5553E-38
  4.5097E-38  4.5097E-38  4.5097E-38  4.5097E-38  4.5097E-38
  4.5097E-38  4.5097E-38  4.5097E-38  4.5097E-38  4.5097E-38
  4.5236E-38  4.5236E-38  4.5236E-38  4.5236E-38  4.5236E-38
  4.5393E-38  4.5393E-38  4.5393E-38  4.5393E-38  4.5393E-38
  4.5449E-38  4.5449E-38  4.5449E-38  4.5449E-38  4.5449E-38
  4.5465E-38  4.5465E-38  4.5465E-38  4.5465E-38  4.5465E-38
  4.5471E-38  4.5471E-38  4.5471E-38  4.5471E-38  4.5471E-38
  4.5472E-38  4.5472E-38  4.5472E-38  4.5472E-38  4.5472E-38
  4.5478E-38  4.5478E-38  4.5478E-38  4.5478E-38  4.5478E-38
  4.5484E-38  4.5484E-38  4.5484E-38  4.5484E-38  4.5484E-38
  4.5489E-38  4.5489E-38  4.5489E-38  4.5489E-38  4.5489E-38
  4.5493E-38  4.5493E-38  4.5493E-38  4.5493E-38  4.5493E-38
  4.5494E-38  4.5494E-38  4.5494E-38  4.5494E-38  4.5494E-38
  4.5494E-38  4.5494E-38  4.5494E-38  4.5494E-38  4.5494E-38
  4.5503E-38  4.5503E-38  4.5503E-38  4.5503E-38  4.5503E-38
  4.5539E-38  4.5539E-38  4.5539E-38  4.5539E-38  4.5539E-38
  4.5552E-38  4.5552E-38  4.5552E-38  4.5552E-38  4.5552E-38
  4.5106E-38  4.5106E-38  4.5106E-38  4.5106E-38  4.5106E-38
  4.5106E-38  4.5106E-38  4.5106E-38  4.5106E-38  4.5106E-38
  4.5106E-38  4.5106E-38  4.5106E-38  4.5106E-38  4.5106E-38
  4.5106E-38  4.5106E-38  4.5106E-38  4.5106E-38  4.5106E-38
  4.5337E-38  4.5337E-38  4.5337E-38  4.5337E-38  4.5337E-38
  4.5433E-38  4.5433E-38  4.5433E-38  4.5433E-38  4.5433E-38
  4.5467E-38  4.5467E-38  4.5467E-38  4.5467E-38  4.5467E-38
  4.5477E-38  4.5477E-38  4.5477E-38  4.5477E-38  4.5477E-38
  4.5481E-38  4.5481E-38  4.5481E-38  4.5481E-38  4.5481E-38
  4.5483E-38  4.5483E-38  4.5483E-38  4.5483E-38  4.5483E-38
  4.5494E-38  4.5494E-38  4.5494E-38  4.5494E-38  4.5494E-38
  4.5500E-38  4.5500E-38  4.5500E-38  4.5500E-38  4.5500E-38
  4.5504E-38  4.5504E-38  4.5504E-38  4.5504E-38  4.5504E-38
  4.5506E-38  4.5506E-38  4.5506E-38  4.5506E-38  4.5506E-38
  4.5506E-38  4.5506E-38  4.5506E-38  4.5506E-38  4.5506E-38
  4.5516E-38  4.5516E-38  4.5516E-38  4.5516E-38  4.5516E-38
  4.5553E-38  4.5553E-38  4.5553E-38  4.5553E-38  4.5553E-38
  4.5107E-38  4.5107E-38  4.5107E-38  4.5107E-38  4.5107E-38
  4.5107E-38  4.5107E-38  4.5107E-38  4.5107E-38  4.5107E-38
  4.5107E-38  4.5107E-38  4.5107E-38  4.5107E-38  4.5107E-38
  4.5107E-38  4.5107E-38  4.5107E-38  4.5107E-38  4.5107E-38
  4.5107E-38  4.5107E-38  4.5107E-38  4.5107E-38  4.5107E-38
  4.5238E-38  4.5238E-38  4.5238E-38  4.5238E-38  4.5238E-38
  4.5409E-38  4.5409E-38  4.5409E-38  4.5409E-38  4.5409E-38
  4.5458E-38  4.5458E-38  4.5458E-38  4.5458E-38  4.5458E-38
  4.5475E-38  4.5475E-38  4.5475E-38  4.5475E-38  4.5475E-38
  4.5481E-38  4.5481E-38  4.5481E-38  4.5481E-38  4.5481E-38
  4.5485E-38  4.5485E-38  4.5485E-38  4.5485E-38  4.5485E-38
  4.5496E-38  4.5496E-38  4.5496E-38  4.5496E-38  4.5496E-38
  4.5504E-38  4.5504E-38  4.5504E-38  4.5504E-38  4.5504E-38
  4.5506E-38  4.5506E-38  4.5506E-38  4.5506E-38  4.5506E-38
  4.5506E-38  4.5506E-38  4.5506E-38  4.5506E-38  4.5506E-38
  4.5507E-38  4.5507E-38  4.5507E-38  4.5507E-38  4.5507E-38
  4.5528E-38  4.5528E-38  4.5528E-38  4.5528E-38  4.5528E-38
  4.5107E-38  4.5107E-38  4.5107E-38  4.5107E-38  4.5107E-38
  4.5107E-38  4.5107E-38  4.5107E-38  4.5107E-38  4.5107E-38
  4.5107E-38  4.5107E-38  4.5107E-38  4.5107E-38  4.5107E-38
  4.5107E-38  4.5107E-38  4.5107E-38  4.5107E-38  4.5107E-38
  4.5107E-38  4.5107E-38  4.5107E-38  4.5107E-38  4.5107E-38
  4.5107E-38  4.5107E-38  4.5107E-38  4.5107E-38  4.5107E-38
  4.5165E-38  4.5165E-38  4.5165E-38  4.5165E-38  4.5165E-38
  4.5376E-38  4.5376E-38  4.5376E-38  4.5376E-38  4.5376E-38
  4.5451E-38  4.5451E-38  4.5451E-38  4.5451E-38  4.5451E-38
  4.5472E-38  4.5472E-38  4.5472E-38  4.5472E-38  4.5472E-38
  4.5482E-38  4.5482E-38  4.5482E-38  4.5482E-38  4.5482E-38
  4.5488E-38  4.5488E-38  4.5488E-38  4.5488E-38  4.5488E-38
  4.5499E-38  4.5499E-38  4.5499E-38  4.5499E-38  4.5499E-38
  4.5504E-38  4.5504E-38  4.5504E-38  4.5504E-38  4.5504E-38
  4.5506E-38  4.5506E-38  4.5506E-38  4.5506E-38  4.5506E-38
  4.5506E-38  4.5506E-38  4.5506E-38  4.5506E-38  4.5506E-38
  4.5507E-38  4.5507E-38  4.5507E-38  4.5507E-38  4.5507E-38
  4.5107E-38  4.5107E-38  4.5107E-38  4.5107E-38  4.5107E-38
  4.5107E-38  4.5107E-38  4.5107E-38  4.5107E-38  4.5107E-38
  4.5107E-38  4.5107E-38  4.5107E-38  4.5107E-38  4.5107E-38
  4.5107E-38  4.5107E-38  4.5107E-38  4.5107E-38  4.5107E-38
  4.5107E-38  4.5107E-38  4.5107E-38  4.5107E-38  4.5107E-38
  4.5107E-38  4.5107E-38  4.5107E-38  4.5107E-38  4.5107E-38
  4.5107E-38  4.5107E-38  4.5107E-38  4.5107E-38  4.5107E-38
  4.5107E-38  4.5107E-38  4.5107E-38  4.5107E-38  4.5107E-38
  4.5361E-38  4.5361E-38  4.5361E-38  4.5361E-38  4.5361E-38
  4.5443E-38  4.5443E-38  4.5443E-38  4.5443E-38  4.5443E-38
  4.5473E-38  4.5473E-38  4.5473E-38  4.5473E-38  4.5473E-38
  4.5484E-38  4.5484E-38  4.5484E-38  4.5484E-38  4.5484E-38
  4.5492E-38  4.5492E-38  4.5492E-38  4.5492E-38  4.5492E-38
  4.5499E-38  4.5499E-38  4.5499E-38  4.5499E-38  4.5499E-38
  4.5505E-38  4.5505E-38  4.5505E-38  4.5505E-38  4.5505E-38
  4.5506E-38  4.5506E-38  4.5506E-38  4.5506E-38  4.5506E-38
  4.5507E-38  4.5507E-38  4.5507E-38  4.5507E-38  4.5507E-38
  4.5108E-38  4.5108E-38  4.5108E-38  4.5108E-38  4.5108E-38
  4.5108E-38  4.5108E-38  4.5108E-38  4.5108E-38  4.5108E-38
  4.5107E-38  4.5107E-38  4.5107E-38  4.5107E-38  4.5107E-38
  4.5107E-38  4.5107E-38  4.5107E-38  4.5107E-38  4.5107E-38
  4.5107E-38  4.5107E-38  4.5107E-38  4.5107E-38  4.5107E-38
  4.5107E-38  4.5107E-38  4.5107E-38  4.5107E-38  4.5107E-38
  4.5107E-38  4.5107E-38  4.5107E-38  4.5107E-38  4.5107E-38
  4.5107E-38  4.5107E-38  4.5107E-38  4.5107E-38  4.5107E-38
  4.5107E-38  4.5107E-38  4.5107E-38  4.5107E-38  4.5107E-38
  4.5346E-38  4.5346E-38  4.5346E-38  4.5346E-38  4.5346E-38
  4.5443E-38  4.5443E-38  4.5443E-38  4.5443E-38  4.5443E-38
  4.5474E-38  4.5474E-38  4.5474E-38  4.5474E-38  4.5474E-38
  4.5488E-38  4.5488E-38  4.5488E-38  4.5488E-38  4.5488E-38
  4.5493E-38  4.5493E-38  4.5493E-38  4.5493E-38  4.5493E-38
  4.5500E-38  4.5500E-38  4.5500E-38  4.5500E-38  4.5500E-38
  4.5505E-38  4.5505E-38  4.5505E-38  4.5505E-38  4.5505E-38
  4.5506E-38  4.5506E-38  4.5506E-38  4.5506E-38  4.5506E-38
  4.5108E-38  4.5108E-38  4.5108E-38  4.5108E-38  4.5108E-38
  4.5108E-38  4.5108E-38  4.5108E-38  4.5108E-38  4.5108E-38
  4.5107E-38  4.5107E-38  4.5107E-38  4.5107E-38  4.5107E-38
  4.5107E-38  4.5107E-38  4.5107E-38  4.5107E-38  4.5107E-38
  4.5107E-38  4.5107E-38  4.5107E-38  4.5107E-38  4.5107E-38
  4.5107E-38  4.5107E-38  4.5107E-38  4.5107E-38  4.5107E-38
  4.5107E-38  4.5107E-38  4.5107E-38  4.5107E-38  4.5107E-38
  4.5107E-38  4.5107E-38  4.5107E-38  4.5107E-38  4.5107E-38
  4.5107E-38  4.5107E-38  4.5107E-38  4.5107E-38  4.5107E-38
  4.5108E-38  4.5108E-38  4.5108E-38  4.5108E-38  4.5108E-38
  4.5359E-38  4.5359E-38  4.5359E-38  4.5359E-38  4.5359E-38
  4.5446E-38  4.5446E-38  4.5446E-38  4.5446E-38  4.5446E-38
  4.5480E-38  4.5480E-38  4.5480E-38  4.5480E-38  4.5480E-38
  4.5490E-38  4.5490E-38  4.5490E-38  4.5490E-38  4.5490E-38
  4.5494E-38  4.5494E-38  4.5494E-38  4.5494E-38  4.5494E-38
  4.5501E-38  4.5501E-38  4.5501E-38  4.5501E-38  4.5501E-38
  4.5505E-38  4.5505E-38  4.5505E-38  4.5505E-38  4.5505E-38
  4.5110E-38  4.5110E-38  4.5110E-38  4.5110E-38  4.5110E-38
  4.5109E-38  4.5109E-38  4.5109E-38  4.5109E-38  4.5109E-38
  4.5108E-38  4.5108E-38  4.5108E-38  4.5108E-38  4.5108E-38
  4.5108E-38  4.5108E-38  4.5108E-38  4.5108E-38  4.5108E-38
  4.5107E-38  4.5107E-38  4.5107E-38  4.5107E-38  4.5107E-38
  4.5107E-38  4.5107E-38  4.5107E-38  4.5107E-38  4.5107E-38
  4.5107E-38  4.5107E-38  4.5107E-38  4.5107E-38  4.5107E-38
  4.5107E-38  4.5107E-38  4.5107E-38  4.5107E-38  4.5107E-38
  4.5107E-38  4.5107E-38  4.5107E-38  4.5107E-38  4.5107E-38
  4.5108E-38  4.5108E-38  4.5108E-38  4.5108E-38  4.5108E-38
  4.5134E-38  4.5134E-38  4.5134E-38  4.5134E-38  4.5134E-38
  4.5370E-38  4.5370E-38  4.5370E-38  4.5370E-38  4.5370E-38
  4.5457E-38  4.5457E-38  4.5457E-38  4.5457E-38  4.5457E-38
  4.5483E-38  4.5483E-38  4.5483E-38  4.5483E-38  4.5483E-38
  4.5491E-38  4.5491E-38  4.5491E-38  4.5491E-38  4.5491E-38
  4.5494E-38  4.5494E-38  4.5494E-38  4.5494E-38  4.5494E-38
  4.5502E-38  4.5502E-38  4.5502E-38  4.5502E-38  4.5502E-38
  4.5112E-38  4.5112E-38  4.5112E-38  4.5112E-38  4.5112E-38
  4.5111E-38  4.5111E-38  4.5111E-38  4.5111E-38  4.5111E-38
  4.5109E-38  4.5109E-38  4.5109E-38  4.5109E-38  4.5109E-38
  4.5108E-38  4.5108E-38  4.5108E-38  4.5108E-38  4.5108E-38
  4.5107E-38  4.5107E-38  4.5107E-38  4.5107E-38  4.5107E-38
  4.5107E-38  4.5107E-38  4.5107E-38  4.5107E-38  4.5107E-38
  4.5107E-38  4.5107E-38  4.5107E-38  4.5107E-38  4.5107E-38
  4.5107E-38  4.5107E-38  4.5107E-38  4.5107E-38  4.5107E-38
  4.5107E-38  4.5107E-38  4.5107E-38  4.5107E-38  4.5107E-38
  4.5107E-38  4.5107E-38  4.5107E-38  4.5107E-38  4.5107E-38
  4.5109E-38  4.5109E-38  4.5109E-38  4.5109E-38  4.5109E-38
  4.5185E-38  4.5185E-38  4.5185E-38  4.5185E-38  4.5185E-38
  4.5401E-38  4.5401E-38  4.5401E-38  4.5401E-38  4.5401E-38
  4.5464E-38  4.5464E-38  4.5464E-38  4.5464E-38  4.5464E-38
  4.5486E-38  4.5486E-38  4.5486E-38  4.5486E-38  4.5486E-38
  4.5492E-38  4.5492E-38  4.5492E-38  4.5492E-38  4.5492E-38
  4.5496E-38  4.5496E-38  4.5496E-38  4.5496E-38  4.5496E-38
  4.5503E-38  4.5503E-38  4.5503E-38  4.5503E-38  4.5503E-38
  4.5114E-38  4.5114E-38  4.5114E-38  4.5114E-38  4.5114E-38
  4.5113E-38  4.5113E-38  4.5113E-38  4.5113E-38  4.5113E-38
  4.5111E-38  4.5111E-38  4.5111E-38  4.5111E-38  4.5111E-38
  4.5110E-38  4.5110E-38  4.5110E-38  4.5110E-38  4.5110E-38
  4.5108E-38  4.5108E-38  4.5108E-38  4.5108E-38  4.5108E-38
  4.5108E-38  4.5108E-38  4.5108E-38  4.5108E-38  4.5108E-38
  4.5107E-38  4.5107E-38  4.5107E-38  4.5107E-38  4.5107E-38
  4.5107E-38  4.5107E-38  4.5107E-38  4.5107E-38  4.5107E-38
  4.5107E-38  4.5107E-38  4.5107E-38  4.5107E-38  4.5107E-38
  4.5107E-38  4.5107E-38  4.5107E-38  4.5107E-38  4.5107E-38
  4.5109E-38  4.5109E-38  4.5109E-38  4.5109E-38  4.5109E-38
  4.5111E-38  4.5111E-38  4.5111E-38  4.5111E-38  4.5111E-38
  4.5273E-38  4.5273E-38  4.5273E-38  4.5273E-38  4.5273E-38
  4.5421E-38  4.5421E-38  4.5421E-38  4.5421E-38  4.5421E-38
  4.5473E-38  4.5473E-38  4.5473E-38  4.5473E-38  4.5473E-38
  4.5488E-38  4.5488E-38  4.5488E-38  4.5488E-38  4.5488E-38
  4.5493E-38  4.5493E-38  4.5493E-38  4.5493E-38  4.5493E-38
  4.5499E-38  4.5499E-38  4.5499E-38  4.5499E-38  4.5499E-38
  4.5116E-38  4.5116E-38  4.5116E-38  4.5116E-38  4.5116E-38
  4.5115E-38  4.5115E-38  4.5115E-38  4.5115E-38  4.5115E-38
  4.5112E-38  4.5112E-38  4.5112E-38  4.5112E-38  4.5112E-38
  4.5111E-38  4.5111E-38  4.5111E-38  4.5111E-38  4.5111E-38
  4.5109E-38  4.5109E-38  4.5109E-38  4.5109E-38  4.5109E-38
  4.5108E-38  4.5108E-38  4.5108E-38  4.5108E-38  4.5108E-38
  4.5107E-38  4.5107E-38  4.5107E-38  4.5107E-38  4.5107E-38
  4.5107E-38  4.5107E-38  4.5107E-38  4.5107E-38  4.5107E-38
  4.5107E-38  4.5107E-38  4.5107E-38  4.5107E-38  4.5107E-38
  4.5107E-38  4.5107E-38  4.5107E-38  4.5107E-38  4.5107E-38
  4.5109E-38  4.5109E-38  4.5109E-38  4.5109E-38  4.5109E-38
  4.5111E-38  4.5111E-38  4.5111E-38  4.5111E-38  4.5111E-38
  4.5163E-38  4.5163E-38  4.5163E-38  4.5163E-38  4.5163E-38
  4.5384E-38  4.5384E-38  4.5384E-38  4.5384E-38  4.5384E-38
  4.5462E-38  4.5462E-38  4.5462E-38  4.5462E-38  4.5462E-38
  4.5484E-38  4.5484E-38  4.5484E-38  4.5484E-38  4.5484E-38
  4.5492E-38  4.5492E-38  4.5492E-38  4.5492E-38  4.5492E-38
  4.5495E-38  4.5495E-38  4.5495E-38  4.5495E-38  4.5495E-38
  4.5118E-38  4.5118E-38  4.5118E-38  4.5118E-38  4.5118E-38
  4.5116E-38  4.5116E-38  4.5116E-38  4.5116E-38  4.5116E-38
  4.5113E-38  4.5113E-38  4.5113E-38  4.5113E-38  4.5113E-38
  4.5111E-38  4.5111E-38  4.5111E-38  4.5111E-38  4.5111E-38
  4.5110E-38  4.5110E-38  4.5110E-38  4.5110E-38  4.5110E-38
  4.5109E-38  4.5109E-38  4.5109E-38  4.5109E-38  4.5109E-38
  4.5108E-38  4.5108E-38  4.5108E-38  4.5108E-38  4.5108E-38
  4.5107E-38  4.5107E-38  4.5107E-38  4.5107E-38  4.5107E-38
  4.5107E-38  4.5107E-38  4.5107E-38  4.5107E-38  4.5107E-38
  4.5107E-38  4.5107E-38  4.5107E-38  4.5107E-38  4.5107E-38
  4.5109E-38  4.5109E-38  4.5109E-38  4.5109E-38  4.5109E-38
  4.5111E-38  4.5111E-38  4.5111E-38  4.5111E-38  4.5111E-38
  4.5116E-38  4.5116E-38  4.5116E-38  4.5116E-38  4.5116E-38
  4.5340E-38  4.5340E-38  4.5340E-38  4.5340E-38  4.5340E-38
  4.5449E-38  4.5449E-38  4.5449E-38  4.5449E-38  4.5449E-38
  4.5480E-38  4.5480E-38  4.5480E-38  4.5480E-38  4.5480E-38
  4.5490E-38  4.5490E-38  4.5490E-38  4.5490E-38  4.5490E-38
  4.5493E-38  4.5493E-38  4.5493E-38  4.5493E-38  4.5493E-38
  4.5122E-38  4.5122E-38  4.5122E-38  4.5122E-38  4.5122E-38
  4.5118E-38  4.5118E-38  4.5118E-38  4.5118E-38  4.5118E-38
  4.5116E-38  4.5116E-38  4.5116E-38  4.5116E-38  4.5116E-38
  4.5114E-38  4.5114E-38  4.5114E-38  4.5114E-38  4.5114E-38
  4.5111E-38  4.5111E-38  4.5111E-38  4.5111E-38  4.5111E-38
  4.5109E-38  4.5109E-38  4.5109E-38  4.5109E-38  4.5109E-38
  4.5108E-38  4.5108E-38  4.5108E-38  4.5108E-38  4.5108E-38
  4.5108E-38  4.5108E-38  4.5108E-38  4.5108E-38  4.5108E-38
  4.5107E-38  4.5107E-38  4.5107E-38  4.5107E-38  4.5107E-38
  4.5108E-38  4.5108E-38  4.5108E-38  4.5108E-38  4.5108E-38
  4.5109E-38  4.5109E-38  4.5109E-38  4.5109E-38  4.5109E-38
  4.5111E-38  4.5111E-38  4.5111E-38  4.5111E-38  4.5111E-38
  4.5115E-38  4.5115E-38  4.5115E-38  4.5115E-38  4.5115E-38
  4.5202E-38  4.5202E-38  4.5202E-38  4.5202E-38  4.5202E-38
  4.5407E-38  4.5407E-38  4.5407E-38  4.5407E-38  4.5407E-38
  4.5466E-38  4.5466E-38  4.5466E-38  4.5466E-38  4.5466E-38
  4.5486E-38  4.5486E-38  4.5486E-38  4.5486E-38  4.5486E-38
  4.5492E-38  4.5492E-38  4.5492E-38  4.5492E-38  4.5492E-38
  4.5000E-38  4.5000E-38  4.5000E-38  4.5000E-38  4.5000E-38
  4.5000E-38  4.5000E-38  4.5000E-38  4.5000E-38  4.5000E-38
  4.5000E-38  4.5000E-38  4.5000E-38  4.5000E-38  4.5000E-38
  4.5000E-38  4.5000E-38  4.5000E-38  4.5000E-38  4.5000E-38
  4.5000E-38  4.5000E-38  4.5000E-38  4.5000E-38  4.5000E-38
  4.5000E-38  4.5000E-38  4.5000E-38  4.5000E-38  4.5000E-38
  4.5000E-38  4.5000E-38  4.5000E-38  4.5000E-38  4.5000E-38
  4.5000E-38  4.5000E-38  4.5000E-38  4.5000E-38  4.5000E-38
  4.5000E-38  4.5000E-38  4.5000E-38  4.5000E-38  4.5000E-38
  4.5000E-38  4.5000E-38  4.5000E-38  4.5000E-38  4.5000E-38
  4.5000E-38  4.5000E-38  4.5000E-38  4.5000E-38  4.5000E-38
  4.5000E-38  4.5000E-38  4.5000E-38  4.5000E-38  4.5000E-38
  4.5000E-38  4.5000E-38  4.5000E-38  4.5000E-38  4.5000E-38
  4.5000E-38  4.5000E-38  4.5000E-38  4.5000E-38  4.5000E-38
  4.5215E-38  4.5215E-38  4.5215E-38  4.5215E-38  4.5215E-38
  4.5320E-38  4.5320E-38  4.5320E-38  4.5320E-38  4.5320E-38
  4.5357E-38  4.5357E-38  4.5357E-38  4.5357E-38  4.5357E-38
  4.5368E-38  4.5368E-38  4.5368E-38  4.5368E-38  4.5368E-38
  4.5000E-38  4.5000E-38  4.5000E-38  4.5000E-38  4.5000E-38
  4.5000E-38  4.5000E-38  4.5000E-38  4.5000E-38  4.5000E-38
  4.5000E-38  4.5000E-38  4.5000E-38  4.5000E-38  4.5000E-38
  4.5000E-38  4.5000E-38  4.5000E-38  4.5000E-38  4.5000E-38
  4.5000E-38  4.5000E-38  4.5000E-38  4.5000E-38  4.5000E-38
  4.5000E-38  4.5000E-38  4.5000E-38  4.5000E-38  4.5000E-38
  4.5000E-38  4.5000E-38  4.5000E-38  4.5000E-38  4.5000E-38
  4.5000E-38  4.5000E-38  4.5000E-38  4.5000E-38  4.5000E-38
  4.5000E-38  4.5000E-38  4.5000E-38  4.5000E-38  4.5000E-38
  4.5000E-38  4.5000E-38  4.5000E-38  4.5000E-38  4.5000E-38
  4.5000E-38  4.5000E-38  4.5000E-38  4.5000E-38  4.5000E-38
  4.5000E-38  4.5000E-38  4.5000E-38  4.5000E-38  4.5000E-38
  4.5000E-38  4.5000E-38  4.5000E-38  4.5000E-38  4.5000E-38
  4.5000E-38  4.5000E-38  4.5000E-38  4.5000E-38  4.5000E-38
  4.5096E-38  4.5096E-38  4.5096E-38  4.5096E-38  4.5096E-38
  4.5281E-38  4.5281E-38  4.5281E-38  4.5281E-38  4.5281E-38
  4.5346E-38  4.5346E-38  4.5346E-38  4.5346E-38  4.5346E-38
  4.5364E-38  4.5364E-38  4.5364E-38  4.5364E-38  4.5364E-38
  4.5000E-38  4.5000E-38  4.5000E-38  4.5000E-38  4.5000E-38
  4.5000E-38  4.5000E-38  4.5000E-38  4.5000E-38  4.5000E-38
  4.5000E-38  4.5000E-38  4.5000E-38  4.5000E-38  4.5000E-38
  4.5000E-38  4.5000E-38  4.5000E-38  4.5000E-38  4.5000E-38
  4.5000E-38  4.5000E-38  4.5000E-38  4.5000E-38  4.5000E-38
  4.5000E-38  4.5000E-38  4.5000E-38  4.5000E-38  4.5000E-38
  4.5000E-38  4.5000E-38  4.5000E-38  4.5000E-38  4.5000E-38
  4.5000E-38  4.5000E-38  4.5000E-38  4.5000E-38  4.5000E-38
  4.5000E-38  4.5000E-38  4.5000E-38  4.5000E-38  4.5000E-38
  4.5000E-38  4.5000E-38  4.5000E-38  4.5000E-38  4.5000E-38
  4.5000E-38  4.5000E-38  4.5000E-38  4.5000E-38  4.5000E-38
  4.5000E-38  4.5000E-38  4.5000E-38  4.5000E-38  4.5000E-38
  4.5000E-38  4.5000E-38  4.5000E-38  4.5000E-38  4.5000E-38
  4.5000E-38  4.5000E-38  4.5000E-38  4.5000E-38  4.5000E-38
  4.5000E-38  4.5000E-38  4.5000E-38  4.5000E-38  4.5000E-38
  4.5217E-38  4.5217E-38  4.5217E-38  4.5217E-38  4.5217E-38
  4.5326E-38  4.5326E-38  4.5326E-38  4.5326E-38  4.5326E-38
  4.5358E-38  4.5358E-38  4.5358E-38  4.5358E-38  4.5358E-38
  4.5000E-38  4.5000E-38  4.5000E-38  4.5000E-38  4.5000E-38
  4.5000E-38  4.5000E-38  4.5000E-38  4.5000E-38  4.5000E-38
  4.5000E-38  4.5000E-38  4.5000E-38  4.5000E-38  4.5000E-38
  4.5000E-38  4.5000E-38  4.5000E-38  4.5000E-38  4.5000E-38
  4.5000E-38  4.5000E-38  4.5000E-38  4.5000E-38  4.5000E-38
  4.5000E-38  4.5000E-38  4.5000E-38  4.5000E-38  4.5000E-38
  4.5000E-38  4.5000E-38  4.5000E-38  4.5000E-38  4.5000E-38
  4.5000E-38  4.5000E-38  4.5000E-38  4.5000E-38  4.5000E-38
  4.5000E-38  4.5000E-38  4.5000E-38  4.5000E-38  4.5000E-38
  4.5000E-38  4.5000E-38  4.5000E-38  4.5000E-38  4.5000E-38
  4.5000E-38  4.5000E-38  4.5000E-38  4.5000E-38  4.5000E-38
  4.5000E-38  4.5000E-38  4.5000E-38  4.5000E-38  4.5000E-38
  4.5000E-38  4.5000E-38  4.5000E-38  4.5000E-38  4.5000E-38
  4.5000E-38  4.5000E-38  4.5000E-38  4.5000E-38  4.5000E-38
  4.5000E-38  4.5000E-38  4.5000E-38  4.5000E-38  4.5000E-38
  4.5118E-38  4.5118E-38  4.5118E-38  4.5118E-38  4.5118E-38
  4.5296E-38  4.5296E-38  4.5296E-38  4.5296E-38  4.5296E-38
  4.5348E-38  4.5348E-38  4.5348E-38  4.5348E-38  4.5348E-38
  4.5000E-38  4.5000E-38  4.5000E-38  4.5000E-38  4.5000E-38
  4.5000E-38  4.5000E-38  4.5000E-38  4.5000E-38  4.5000E-38
  4.5000E-38  4.5000E-38  4.5000E-38  4.5000E-38  4.5000E-38
  4.5000E-38  4.5000E-38  4.5000E-38  4.5000E-38  4.5000E-38
  4.5000E-38  4.5000E-38  4.5000E-38  4.5000E-38  4.5000E-38
  4.5000E-38  4.5000E-38  4.5000E-38  4.5000E-38  4.5000E-38
  4.5000E-38  4.5000E-38  4.5000E-38  4.5000E-38  4.5000E-38
  4.5000E-38  4.5000E-38  4.5000E-38  4.5000E-38  4.5000E-38
  4.5000E-38  4.5000E-38  4.5000E-38  4.5000E-38  4.5000E-38
  4.5000E-38  4.5000E-38  4.5000E-38  4.5000E-38  4.5000E-38
  4.5000E-38  4.5000E-38  4.5000E-38  4.5000E-38  4.5000E-38
  4.5000E-38  4.5000E-38  4.5000E-38  4.5000E-38  4.5000E-38
  4.5000E-38  4.5000E-38  4.5000E-38  4.5000E-38  4.5000E-38
  4.5000E-38  4.5000E-38  4.5000E-38  4.5000E-38  4.5000E-38
  4.5000E-38  4.5000E-38  4.5000E-38  4.5000E-38  4.5000E-38
  4.5000E-38  4.5000E-38  4.5000E-38  4.5000E-38  4.5000E-38
  4.5251E-38  4.5251E-38  4.5251E-38  4.5251E-38  4.5251E-38
  4.5333E-38  4.5333E-38  4.5333E-38  4.5333E-38  4.5333E-38
  4.5000E-38  4.5000E-38  4.5000E-38  4.5000E-38  4.5000E-38
  4.5000E-38  4.5000E-38  4.5000E-38  4.5000E-38  4.5000E-38
  4.5000E-38  4.5000E-38  4.5000E-38  4.5000E-38  4.5000E-38
  4.5000E-38  4.5000E-38  4.5000E-38  4.5000E-38  4.5000E-38
  4.5000E-38  4.5000E-38  4.5000E-38  4.5000E-38  4.5000E-38
  4.5000E-38  4.5000E-38  4.5000E-38  4.5000E-38  4.5000E-38
  4.5000E-38  4.5000E-38  4.5000E-38  4.5000E-38  4.5000E-38
  4.5000E-38  4.5000E-38  4.5000E-38  4.5000E-38  4.5000E-38
  4.5000E-38  4.5000E-38  4.5000E-38  4.5000E-38  4.5000E-38
  4.5000E-38  4.5000E-38  4.5000E-38  4.5000E-38  4.5000E-38
  4.5000E-38  4.5000E-38  4.5000E-38  4.5000E-38  4.5000E-38
  4.5000E-38  4.5000E-38  4.5000E-38  4.5000E-38  4.5000E-38
  4.5000E-38  4.5000E-38  4.5000E-38  4.5000E-38  4.5000E-38
  4.5000E-38  4.5000E-38  4.5000E-38  4.5000E-38  4.5000E-38
  4.5000E-38  4.5000E-38  4.5000E-38  4.5000E-38  4.5000E-38
  4.5000E-38  4.5000E-38  4.5000E-38  4.5000E-38  4.5000E-38
  4.5184E-38  4.5184E-38  4.5184E-38  4.5184E-38  4.5184E-38
  4.5310E-38  4.5310E-38  4.5310E-38  4.5310E-38  4.5310E-38
  4.5000E-38  4.5000E-38  4.5000E-38  4.5000E-38  4.5000E-38
  4.5000E-38  4.5000E-38  4.5000E-38  4.5000E-38  4.5000E-38
  4.5000E-38  4.5000E-38  4.5000E-38  4.5000E-38  4.5000E-38
  4.5000E-38  4.5000E-38  4.5000E-38  4.5000E-38  4.5000E-38
  4.5000E-38  4.5000E-38  4.5000E-38  4.5000E-38  4.5000E-38
  4.5000E-38  4.5000E-38  4.5000E-38  4.5000E-38  4.5000E-38
  4.5000E-38  4.5000E-38  4.5000E-38  4.5000E-38  4.5000E-38
  4.5000E-38  4.5000E-38  4.5000E-38  4.5000E-38  4.5000E-38
  4.5000E-38  4.5000E-38  4.5000E-38  4.5000E-38  4.5000E-38
  4.5000E-38  4.5000E-38  4.5000E-38  4.5000E-38  4.5000E-38
  4.5000E-38  4.5000E-38  4.5000E-38  4.5000E-38  4.5000E-38
  4.5000E-38  4.5000E-38  4.5000E-38  4.5000E-38  4.5000E-38
  4.5000E-38  4.5000E-38  4.5000E-38  4.5000E-38  4.5000E-38
  4.5000E-38  4.5000E-38  4.5000E-38  4.5000E-38  4.5000E-38
  4.5000E-38  4.5000E-38  4.5000E-38  4.5000E-38  4.5000E-38
  4.5000E-38  4.5000E-38  4.5000E-38  4.5000E-38  4.5000E-38
  4.5000E-38  4.5000E-38  4.5000E-38  4.5000E-38  4.5000E-38
  4.5203E-38  4.5203E-38  4.5203E-38  4.5203E-38  4.5203E-38
  4.5056E-38  3.9804E-22  7.0512E-32  8.2854E-31  3.4939E-31
  4.5055E-38  1.3268E-22  1.3093E-32  1.5384E-31  6.4874E-32
  4.5055E-38  3.9806E-23  2.1029E-33  2.4709E-32  1.0420E-32
  4.5055E-38  1.3268E-23  3.9992E-34  4.6993E-33  1.9816E-33
  4.5055E-38  3.9806E-24  6.5229E-35  7.6646E-34  3.2321E-34
  4.5055E-38  1.3268E-24  1.2505E-35  1.4694E-34  6.1963E-35
  4.5055E-38  3.9803E-25  2.0497E-36  2.4085E-35  1.0156E-35
  4.5056E-38  1.3265E-25  3.9388E-37  4.6283E-36  1.9517E-36
  4.5055E-38  3.9779E-26  6.4630E-38  7.5942E-37  3.2024E-37
  4.5055E-38  1.3254E-26  4.5055E-38  1.4601E-37  6.1570E-38
  4.5056E-38  3.9758E-27  4.5055E-38  4.5055E-38  4.5055E-38
  4.5056E-38  1.3252E-27  4.5056E-38  4.5056E-38  4.5056E-38
  4.5056E-38  3.9757E-28  4.5056E-38  4.5056E-38  4.5056E-38
  4.5056E-38  1.3252E-28  4.5056E-38  4.5056E-38  4.5056E-38
  4.5056E-38  3.9757E-29  4.5056E-38  4.5056E-38  4.5056E-38
  4.5056E-38  1.3252E-29  4.5056E-38  4.5056E-38  4.5056E-38
  4.5056E-38  3.9757E-30  4.5056E-38  4.5056E-38  4.5056E-38
  4.5080E-38  1.3256E-30  4.5080E-38  4.5080E-38  4.5080E-38
  2.0775E-36  5.4540E-20  1.8380E-28  1.8271E-27  8.0691E-28
  3.9982E-37  1.8181E-20  3.1223E-29  3.1038E-28  1.3708E-28
  6.5697E-38  5.4548E-21  4.7093E-30  4.6814E-29  2.0674E-29
  4.5055E-38  1.8183E-21  8.6481E-31  8.5969E-30  3.7966E-30
  4.5055E-38  5.4552E-22  1.3789E-31  1.3708E-30  6.0538E-31
  4.5056E-38  1.8183E-22  2.6121E-32  2.5967E-31  1.1468E-31
  4.5055E-38  5.4550E-23  4.2498E-33  4.2248E-32  1.8658E-32
  4.5055E-38  1.8181E-23  8.1364E-34  8.0884E-33  3.5720E-33
  4.5055E-38  5.4532E-24  1.3322E-34  1.3243E-33  5.8487E-34
  4.5055E-38  1.8169E-24  2.5579E-35  2.5428E-34  1.1230E-34
  4.5055E-38  5.4489E-25  4.1967E-36  4.1719E-35  1.8424E-35
  4.5055E-38  1.8161E-25  8.0715E-37  8.0238E-36  3.5435E-36
  4.5056E-38  5.4484E-26  1.3258E-37  1.3180E-36  5.8207E-37
  4.5056E-38  1.8161E-26  4.5056E-38  2.5360E-37  1.1200E-37
  4.5056E-38  5.4484E-27  4.5056E-38  4.5056E-38  4.5056E-38
  4.5056E-38  1.8161E-27  4.5056E-38  4.5056E-38  4.5056E-38
  4.5056E-38  5.4484E-28  4.5056E-38  4.5056E-38  4.5056E-38
  4.5056E-38  1.8161E-28  4.5056E-38  4.5056E-38  4.5056E-38
  5.6469E-33  4.2956E-18  2.7574E-25  2.3621E-24  4.1097E-25
  1.0864E-33  1.4318E-18  4.0070E-26  3.4325E-25  1.5788E-25
  1.7852E-34  4.2958E-19  5.2662E-27  4.5111E-26  2.0750E-26
  3.4355E-35  1.4321E-19  8.8365E-28  7.5696E-27  3.4818E-27
  5.6451E-36  4.2964E-20  1.3202E-28  1.1309E-27  5.2018E-28
  1.0864E-36  1.4322E-20  2.4109E-29  2.0651E-28  9.4994E-29
  1.7851E-37  4.2967E-21  3.8295E-30  3.2804E-29  1.5090E-29
  4.5055E-38  1.4322E-21  7.2395E-31  6.2015E-30  2.8525E-30
  4.5055E-38  4.2960E-22  1.1761E-31  1.0075E-30  4.6343E-31
  4.5056E-38  1.4316E-22  2.2495E-32  1.9270E-31  8.8634E-32
  4.5055E-38  4.2927E-23  3.6803E-33  3.1526E-32  1.4501E-32
  4.5055E-38  1.4306E-23  7.0672E-34  6.0539E-33  2.7847E-33
  4.5056E-38  4.2915E-24  1.1599E-34  9.9357E-34  4.5702E-34
  4.5056E-38  1.4305E-24  2.2309E-35  1.9111E-34  8.7903E-35
  4.5056E-38  4.2915E-25  3.6644E-36  3.1390E-35  1.4439E-35
  4.5056E-38  1.4305E-25  7.0509E-37  6.0400E-36  2.7782E-36
  4.5056E-38  4.2915E-26  1.1584E-37  9.9235E-37  4.5646E-37
  4.5056E-38  1.4305E-26  4.5056E-38  1.9097E-37  8.7840E-38
  6.6610E-30  2.1261E-16  2.6166E-22  1.9617E-21  2.2015E-23
  1.2791E-30  7.0770E-17  3.3016E-23  2.4752E-22  8.3446E-24
  2.1010E-31  2.1227E-17  3.6768E-24  2.7565E-23  3.0984E-24
  4.0430E-32  7.0765E-18  5.3561E-25  4.0154E-24  1.3541E-24
  6.6435E-33  2.1232E-18  7.0549E-26  5.2891E-25  2.5223E-25
  1.2786E-33  7.0781E-19  1.1858E-26  8.8894E-26  4.2391E-26
  2.1008E-34  2.1235E-19  1.7737E-27  1.3297E-26  6.3412E-27
  4.0428E-35  7.0786E-20  3.2413E-28  2.4300E-27  1.1588E-27
  6.6423E-36  2.1235E-20  5.1507E-29  3.8614E-28  1.8415E-28
  1.2780E-36  7.0771E-21  9.7377E-30  7.3004E-29  3.4814E-29
  2.0986E-37  2.1222E-21  1.5815E-30  1.1858E-29  5.6544E-30
  4.5055E-38  7.0714E-22  3.0247E-31  2.2676E-30  1.0813E-30
  4.5056E-38  2.1211E-22  4.9516E-32  3.7123E-31  1.7703E-31
  4.5056E-38  7.0704E-23  9.5121E-33  7.1312E-32  3.4007E-32
  4.5056E-38  2.1211E-23  1.5612E-33  1.1704E-32  5.5817E-33
  4.5056E-38  7.0704E-24  3.0029E-34  2.2513E-33  1.0736E-33
  4.5056E-38  2.1211E-24  4.9325E-35  3.6979E-34  1.7635E-34
  4.5056E-38  7.0704E-25  9.4909E-36  7.1153E-35  3.3932E-35
  1.9354E-27  3.5503E-15  7.3980E-20  3.3392E-19  4.6969E-22
  7.4101E-28  2.3584E-15  1.7258E-20  1.1474E-19  3.2985E-22
  1.2145E-28  7.0631E-16  1.7115E-21  1.1379E-20  1.0921E-22
  2.3365E-29  2.3540E-16  2.1945E-22  1.4590E-21  4.2019E-23
  3.8389E-30  7.0627E-17  2.4912E-23  1.6562E-22  1.5901E-23
  7.3881E-31  2.3545E-17  3.6962E-24  2.4574E-23  7.0778E-24
  1.2140E-31  7.0644E-18  4.9588E-25  3.2969E-24  1.6237E-24
  2.3363E-32  2.3549E-18  8.4448E-26  5.6145E-25  2.7651E-25
  3.8386E-33  7.0649E-19  1.2761E-26  8.4837E-26  4.1781E-26
  7.3862E-34  2.3549E-19  2.3455E-27  1.5594E-26  7.6799E-27
  1.2131E-34  7.0626E-20  3.7409E-28  2.4871E-27  1.2249E-27
  2.3331E-35  2.3532E-20  7.0846E-29  4.7102E-28  2.3197E-28
  3.8318E-36  7.0575E-21  1.1524E-29  7.6620E-29  3.7734E-29
  7.3738E-37  2.3524E-21  2.2067E-30  1.4672E-29  7.2256E-30
  1.2116E-37  7.0572E-22  3.6150E-31  2.4034E-30  1.1837E-30
  4.5056E-38  2.3524E-22  6.9460E-32  4.6180E-31  2.2743E-31
  4.5056E-38  7.0572E-23  1.1402E-32  7.5808E-32  3.7335E-32
  4.5056E-38  2.3524E-23  2.1933E-33  1.4582E-32  7.1815E-33
  2.6599E-20  4.1005E-11  1.1734E-12  5.7387E-15  1.2716E-17
  5.1190E-21  1.3667E-11  1.3100E-13  1.9223E-15  4.2598E-18
  8.3986E-22  4.0955E-12  1.1878E-14  5.8173E-16  1.2891E-18
  1.6091E-22  1.3611E-12  1.3323E-15  1.9638E-16  4.3517E-19
  2.6302E-23  4.0689E-13  1.2270E-16  6.0498E-17  1.3406E-19
  5.0544E-24  1.3550E-13  1.4257E-17  2.1108E-17  4.6776E-20
  8.3036E-25  4.0647E-14  1.3970E-18  6.8933E-18  1.5281E-20
  1.5980E-25  1.3550E-14  1.7577E-19  8.6730E-19  5.7679E-21
  2.6257E-26  4.0654E-15  1.9431E-20  9.5884E-20  2.1255E-21
  5.0531E-27  1.3553E-15  2.8085E-21  1.3859E-20  9.2167E-22
  8.3022E-28  4.0660E-16  3.6692E-22  1.8106E-21  4.0141E-22
  1.5973E-28  1.3552E-16  6.1286E-23  3.0241E-22  1.6114E-22
  2.6228E-29  4.0641E-17  9.1190E-24  4.4998E-23  2.3977E-23
  5.0445E-30  1.3543E-17  1.6609E-24  8.1961E-24  4.3672E-24
  8.2876E-31  4.0624E-18  2.6344E-25  1.2999E-24  6.9267E-25
  1.5949E-31  1.3542E-18  4.9769E-26  2.4558E-25  1.3086E-25
  2.6207E-32  4.0624E-19  8.0835E-27  3.9888E-26  2.1254E-26
  5.0435E-33  1.3542E-19  1.5464E-27  7.6307E-27  4.0659E-27
  1.6705E-15  3.0973E-08  4.0152E-09  6.1516E-12  1.9360E-14
  5.5685E-16  1.0324E-08  1.3451E-09  2.0603E-12  6.4786E-15
  1.4689E-16  3.0975E-09  4.0474E-10  6.1988E-13  1.9487E-15
  2.8342E-17  1.0324E-09  1.3529E-10  2.0720E-13  6.5132E-16
  4.6648E-18  3.0952E-10  2.3505E-11  6.2424E-14  1.9622E-16
  8.9527E-19  1.0291E-10  2.6179E-12  2.0915E-14  6.5742E-17
  1.4635E-19  3.0755E-11  2.3722E-13  6.3432E-15  1.9938E-17
  2.8116E-20  1.0238E-11  2.6906E-14  2.1615E-15  6.7942E-18
  4.6194E-21  3.0708E-12  2.5297E-15  6.7757E-16  2.1298E-18
  8.8906E-22  1.0236E-12  3.0071E-16  2.4164E-16  7.5954E-19
  1.4609E-22  3.0710E-13  3.0516E-17  8.1742E-17  2.5694E-19
  2.8114E-23  1.0237E-13  4.0113E-18  1.5732E-17  1.0132E-19
  4.6181E-24  3.0709E-14  4.7004E-19  1.8435E-18  3.9587E-20
  8.8824E-25  1.0234E-14  7.1806E-20  2.8162E-19  1.8150E-20
  1.4585E-25  3.0691E-15  9.9042E-21  3.8843E-20  8.3488E-21
  2.8065E-26  1.0230E-15  1.7199E-21  6.7454E-21  3.8158E-21
  4.6113E-27  3.0691E-16  2.6376E-22  1.0344E-21  5.8516E-22
  8.8745E-28  1.0231E-16  4.8903E-23  1.9179E-22  1.0849E-22
  7.8482E-13  5.7530E-06  5.0022E-07  8.0799E-10  3.9886E-12
  4.1677E-13  1.9253E-06  2.3521E-07  3.7161E-10  1.6636E-12
  1.8935E-13  5.7846E-07  8.6968E-08  1.3570E-10  5.7838E-13
  6.3146E-14  1.9290E-07  3.1525E-08  4.8963E-11  2.0507E-13
  1.8947E-14  5.7880E-08  9.7955E-09  1.5185E-11  6.3170E-14
  6.3151E-15  1.9292E-08  3.3053E-09  5.1209E-12  2.1261E-14
  1.8929E-15  5.7824E-09  9.9795E-10  1.5458E-12  6.4131E-15
  3.9536E-16  1.9218E-09  3.3390E-10  5.1716E-13  2.1451E-15
  6.4918E-17  5.7450E-10  3.5632E-11  1.5637E-13  6.4856E-16
  1.2505E-17  1.9132E-10  4.0199E-12  5.2982E-14  2.1974E-16
  2.0575E-18  5.7388E-11  3.7369E-13  1.6420E-14  6.8101E-17
  3.9624E-19  1.9129E-11  4.3675E-14  5.7576E-15  2.3878E-17
  6.5132E-20  5.7388E-12  4.3092E-15  1.8938E-15  7.8542E-18
  1.2533E-20  1.9127E-12  5.4676E-16  7.2102E-16  2.9904E-18
  2.0583E-21  5.7362E-13  6.1140E-17  1.9983E-16  1.1152E-18
  3.9593E-22  1.9117E-13  8.9406E-18  2.9222E-17  4.8942E-19
  6.5049E-23  5.7351E-14  1.1828E-18  3.8660E-18  2.1585E-19
  1.2518E-23  1.9118E-14  1.9945E-19  6.5189E-19  1.0920E-19
  1.8352E-11  3.4874E-05  1.3380E-06  2.3346E-09  2.2101E-11
  1.2866E-11  3.4870E-05  1.3355E-06  2.3311E-09  2.2046E-11
  8.3896E-12  3.4863E-05  1.3308E-06  2.3247E-09  2.1947E-11
  4.4980E-12  1.3065E-05  8.8184E-07  1.4833E-09  1.0811E-11
  2.2299E-12  3.9559E-06  4.5121E-07  7.3257E-10  4.4361E-12
  1.1535E-12  1.3224E-06  2.0749E-07  3.3021E-10  1.8332E-12
  5.3047E-13  3.9711E-07  7.5417E-08  1.1870E-10  6.3127E-13
  1.8845E-13  1.3237E-07  2.7150E-08  4.2556E-11  2.2295E-13
  5.6432E-14  3.9638E-08  8.4090E-09  1.3158E-11  6.8540E-14
  1.8743E-14  1.3165E-08  2.8347E-09  4.4333E-12  2.3053E-14
  4.6400E-15  3.9406E-09  8.4578E-10  1.3470E-12  7.0002E-15
  9.0118E-16  1.3131E-09  9.5755E-11  4.5788E-13  2.3790E-15
  1.4895E-16  3.9391E-10  8.8992E-12  1.4189E-13  7.3717E-16
  2.8749E-17  1.3129E-10  1.0387E-12  4.9696E-14  2.5818E-16
  4.7307E-18  3.9380E-11  1.0223E-13  1.6309E-14  8.4726E-17
  9.1063E-19  1.3122E-11  1.2929E-14  6.1911E-15  3.2163E-17
  1.4963E-19  3.9359E-12  1.4406E-15  2.3003E-15  1.1950E-17
  2.8801E-20  1.3120E-12  2.0999E-16  5.9204E-16  5.2259E-18
  1.2486E-10  3.4806E-05  1.4616E-06  2.5871E-09  3.3206E-11
  1.1304E-10  3.4788E-05  1.4562E-06  2.5770E-09  3.2960E-11
  9.6250E-11  3.4774E-05  1.4518E-06  2.5693E-09  3.2773E-11
  7.8151E-11  3.4764E-05  1.4479E-06  2.5629E-09  3.2625E-11
  5.7725E-11  3.4754E-05  1.4421E-06  2.5543E-09  3.2431E-11
  4.1151E-11  3.4738E-05  1.4339E-06  2.5425E-09  3.2169E-11
  2.7062E-11  3.4713E-05  1.4187E-06  2.5208E-09  3.1696E-11
  1.4209E-11  1.1966E-05  9.2799E-07  1.5855E-09  1.4961E-11
  6.9687E-12  3.6204E-06  4.8310E-07  7.9670E-10  6.2084E-12
  3.4850E-12  1.2092E-06  2.2554E-07  3.6437E-10  2.5917E-12
  1.4595E-12  3.6204E-07  8.2591E-08  1.3194E-10  8.9637E-13
  6.2258E-13  1.2030E-07  3.0028E-08  4.7735E-11  3.1906E-13
  2.4329E-13  3.6048E-08  9.5523E-09  1.5133E-11  1.0048E-13
  8.3412E-14  1.2015E-08  3.3091E-09  5.2329E-12  3.4674E-14
  1.8183E-14  3.6039E-09  3.5341E-10  1.6462E-12  1.0898E-14
  3.5514E-15  1.2010E-09  4.1186E-11  5.7638E-13  3.8147E-15
  5.8846E-16  3.6014E-10  4.0266E-12  1.8806E-13  1.2445E-15
  1.1372E-16  1.2003E-10  5.0507E-13  7.0808E-14  4.6853E-16
  3.9073E-10  3.5151E-05  1.6619E-06  2.9990E-09  5.2740E-11
  3.5116E-10  3.4976E-05  1.6145E-06  2.9027E-09  4.9190E-11
  3.1924E-10  3.4851E-05  1.5814E-06  2.8358E-09  4.6869E-11
  2.9249E-10  3.4779E-05  1.5625E-06  2.7983E-09  4.5617E-11
  2.5942E-10  3.4729E-05  1.5489E-06  2.7721E-09  4.4772E-11
  2.2283E-10  3.4699E-05  1.5396E-06  2.7552E-09  4.4240E-11
  1.7649E-10  3.4670E-05  1.5293E-06  2.7383E-09  4.3727E-11
  1.3307E-10  3.4644E-05  1.5171E-06  2.7194E-09  4.3175E-11
  9.0807E-11  3.4601E-05  1.4963E-06  2.6882E-09  4.2288E-11
  6.0687E-11  3.4538E-05  1.4647E-06  2.6414E-09  4.0986E-11
  3.0618E-11  1.2981E-05  1.0021E-06  1.7506E-09  2.0729E-11
  1.4346E-11  4.3564E-06  5.5789E-07  9.4605E-10  9.2259E-12
  5.8078E-12  1.3060E-06  2.4029E-07  3.9910E-10  3.4759E-12
  2.7737E-12  4.3500E-07  1.0057E-07  1.6455E-10  1.3686E-12
  1.2555E-12  1.3050E-07  3.5863E-08  5.7978E-11  4.7200E-13
  5.7759E-13  4.3499E-08  1.3277E-08  2.1321E-11  1.7221E-13
  2.3340E-13  1.3046E-08  2.5162E-09  7.0982E-12  5.7138E-14
  7.9544E-14  4.3472E-09  3.0163E-10  2.5680E-12  2.0645E-14
  1.7311E-09  3.6266E-05  2.0783E-06  3.8815E-09  1.1335E-10
  1.2435E-09  3.5948E-05  1.9715E-06  3.6523E-09  9.5226E-11
  9.1736E-10  3.5587E-05  1.8609E-06  3.4183E-09  8.0205E-11
  7.2694E-10  3.5291E-05  1.7777E-06  3.2448E-09  7.0834E-11
  5.7779E-10  3.5036E-05  1.7106E-06  3.1064E-09  6.4245E-11
  4.6574E-10  3.4872E-05  1.6688E-06  3.0215E-09  6.0532E-11
  3.5345E-10  3.4751E-05  1.6380E-06  2.9605E-09  5.8013E-11
  2.5963E-10  3.4676E-05  1.6178E-06  2.9222E-09  5.6503E-11
  1.7272E-10  3.4613E-05  1.5983E-06  2.8878E-09  5.5202E-11
  1.1245E-10  3.4558E-05  1.5775E-06  2.8537E-09  5.3976E-11
  6.6737E-11  3.4478E-05  1.5441E-06  2.8017E-09  5.2172E-11
  3.8784E-11  3.4362E-05  1.4911E-06  2.7208E-09  4.9489E-11
  1.7123E-11  2.3687E-05  1.2289E-06  2.2439E-09  3.5372E-11
  7.0413E-12  7.9894E-06  7.1147E-07  1.2699E-09  1.5630E-11
  3.2595E-12  2.4055E-06  3.3759E-07  5.8595E-10  6.2354E-12
  1.8035E-12  8.0304E-07  1.5621E-07  2.6463E-10  2.6405E-12
  9.4978E-13  2.4103E-07  6.1234E-08  1.0165E-10  9.8135E-13
  5.2044E-13  8.0333E-08  2.4494E-08  4.0145E-11  3.8235E-13
  9.8299E-09  3.6908E-05  2.3334E-06  4.4247E-09  1.7677E-10
  6.7218E-09  3.6781E-05  2.2876E-06  4.3349E-09  1.6919E-10
  4.3840E-09  3.6568E-05  2.2133E-06  4.1772E-09  1.5132E-10
  3.0174E-09  3.6302E-05  2.1253E-06  3.9871E-09  1.3135E-10
  2.0853E-09  3.5948E-05  2.0164E-06  3.7534E-09  1.1072E-10
  1.5554E-09  3.5608E-05  1.9196E-06  3.5476E-09  9.5685E-11
  1.1735E-09  3.5265E-05  1.8293E-06  3.3587E-09  8.3940E-11
  9.2084E-10  3.5014E-05  1.7663E-06  3.2292E-09  7.6830E-11
  6.9426E-10  3.4811E-05  1.7162E-06  3.1285E-09  7.1775E-11
  5.1462E-10  3.4676E-05  1.6816E-06  3.0621E-09  6.8659E-11
  3.4812E-10  3.4556E-05  1.6474E-06  3.0007E-09  6.5953E-11
  2.2913E-10  3.4447E-05  1.6107E-06  2.9396E-09  6.3415E-11
  1.3098E-10  3.4282E-05  1.5470E-06  2.8385E-09  5.9449E-11
  6.3272E-11  3.3968E-05  1.4156E-06  2.6311E-09  5.1997E-11
  2.5097E-11  2.6073E-05  1.0811E-06  2.0464E-09  3.4719E-11
  1.2705E-11  8.8249E-06  6.3682E-07  1.1790E-09  1.6293E-11
  6.6908E-12  2.6639E-06  3.1730E-07  5.6893E-10  6.9225E-12
  3.7553E-12  8.8955E-07  1.5210E-07  2.6532E-10  3.0374E-12
  2.5427E-08  3.7005E-05  2.3709E-06  4.3936E-09  1.4528E-10
  2.1187E-08  3.6996E-05  2.3713E-06  4.4562E-09  1.6886E-10
  1.6109E-08  3.6957E-05  2.3571E-06  4.4632E-09  1.8282E-10
  1.1794E-08  3.6866E-05  2.3277E-06  4.4170E-09  1.8359E-10
  8.0069E-09  3.6701E-05  2.2740E-06  4.3094E-09  1.7291E-10
  5.5388E-09  3.6475E-05  2.2038E-06  4.1600E-09  1.5606E-10
  3.7441E-09  3.6151E-05  2.1076E-06  3.9532E-09  1.3493E-10
  2.6928E-09  3.5805E-05  2.0122E-06  3.7493E-09  1.1720E-10
  1.9380E-09  3.5424E-05  1.9135E-06  3.5417E-09  1.0185E-10
  1.4576E-09  3.5115E-05  1.8376E-06  3.3852E-09  9.1813E-11
  1.0548E-09  3.4841E-05  1.7714E-06  3.2527E-09  8.4192E-11
  7.5752E-10  3.4639E-05  1.7209E-06  3.1565E-09  7.9139E-11
  4.9465E-10  3.4436E-05  1.6646E-06  3.0568E-09  7.4317E-11
  2.9842E-10  3.4211E-05  1.5906E-06  2.9346E-09  6.8862E-11
  1.3113E-10  3.3698E-05  1.4124E-06  2.6449E-09  5.7362E-11
  5.9284E-11  3.2638E-05  1.1435E-06  2.1907E-09  4.2555E-11
  2.9910E-11  1.9268E-05  7.8783E-07  1.5198E-09  2.5381E-11
  1.6826E-11  6.5060E-06  4.5841E-07  8.6359E-10  1.2546E-11
  3.2839E-08  3.6961E-05  2.2917E-06  3.8791E-09  7.8712E-11
  3.1092E-08  3.6987E-05  2.3380E-06  4.1640E-09  1.0991E-10
  2.8387E-08  3.6998E-05  2.3634E-06  4.3506E-09  1.4401E-10
  2.4884E-08  3.6985E-05  2.3700E-06  4.4374E-09  1.6925E-10
  2.0209E-08  3.6967E-05  2.3634E-06  4.4688E-09  1.8615E-10
  1.5635E-08  3.6892E-05  2.3414E-06  4.4434E-09  1.9034E-10
  1.1093E-08  3.6741E-05  2.2972E-06  4.3598E-09  1.8358E-10
  7.8290E-09  3.6532E-05  2.2362E-06  4.2327E-09  1.6951E-10
  5.2894E-09  3.6217E-05  2.1485E-06  4.0453E-09  1.4963E-10
  3.7343E-09  3.5868E-05  2.0565E-06  3.8496E-09  1.3142E-10
  2.5926E-09  3.5461E-05  1.9552E-06  3.6377E-09  1.1450E-10
  1.8674E-09  3.5107E-05  1.8713E-06  3.4664E-09  1.0265E-10
  1.2790E-09  3.4761E-05  1.7900E-06  3.3072E-09  9.2896E-11
  8.6066E-10  3.4466E-05  1.7166E-06  3.1724E-09  8.5504E-11
  4.6938E-10  3.4065E-05  1.5998E-06  2.9740E-09  7.5767E-11
  2.1342E-10  3.3321E-05  1.3871E-06  2.6168E-09  6.0777E-11
  9.7257E-11  3.1783E-05  1.0823E-06  2.0863E-09  4.2952E-11
  5.4892E-11  2.9758E-05  8.2651E-07  1.6238E-09  3.0480E-11
  3.4642E-08  3.6746E-05  2.0123E-06  2.7520E-09  3.3635E-11
  3.4202E-08  3.6873E-05  2.1722E-06  3.3600E-09  5.4452E-11
  3.3235E-08  3.6948E-05  2.2759E-06  3.8514E-09  8.4821E-11
  3.1718E-08  3.6978E-05  2.3287E-06  4.1467E-09  1.1674E-10
  2.9245E-08  3.6987E-05  2.3581E-06  4.3404E-09  1.5048E-10
  2.6174E-08  3.6976E-05  2.3673E-06  4.4324E-09  1.7476E-10
  2.1796E-08  3.6955E-05  2.3626E-06  4.4677E-09  1.9070E-10
  1.7312E-08  3.6877E-05  2.3420E-06  4.4460E-09  1.9464E-10
  1.2560E-08  3.6720E-05  2.2991E-06  4.3665E-09  1.8836E-10
  8.9580E-09  3.6499E-05  2.2395E-06  4.2433E-09  1.7508E-10
  6.0385E-09  3.6166E-05  2.1524E-06  4.0595E-09  1.5590E-10
  4.1941E-09  3.5789E-05  2.0594E-06  3.8642E-09  1.3785E-10
  2.8128E-09  3.5337E-05  1.9531E-06  3.6459E-09  1.2041E-10
  1.9293E-09  3.4919E-05  1.8578E-06  3.4574E-09  1.0737E-10
  1.1893E-09  3.4438E-05  1.7454E-06  3.2488E-09  9.4822E-11
  6.2055E-10  3.3832E-05  1.5855E-06  2.9719E-09  8.0453E-11
  2.6344E-10  3.2530E-05  1.2935E-06  2.4645E-09  5.9044E-11
  1.4033E-10  3.0686E-05  1.0157E-06  1.9666E-09  4.2464E-11
  3.4577E-08  3.6088E-05  1.3908E-06  1.3841E-09  1.2406E-11
  3.4742E-08  3.6494E-05  1.7506E-06  2.1014E-09  2.3041E-11
  3.4590E-08  3.6745E-05  2.0227E-06  2.8739E-09  4.1450E-11
  3.4109E-08  3.6872E-05  2.1782E-06  3.4573E-09  6.5441E-11
  3.3069E-08  3.6944E-05  2.2789E-06  3.9174E-09  9.8506E-11
  3.1455E-08  3.6972E-05  2.3296E-06  4.1880E-09  1.3092E-10
  2.8751E-08  3.6972E-05  2.3568E-06  4.3612E-09  1.6263E-10
  2.5745E-08  3.6966E-05  2.3647E-06  4.4413E-09  1.8374E-10
  2.1311E-08  3.6921E-05  2.3563E-06  4.4632E-09  1.9592E-10
  1.6906E-08  3.6823E-05  2.3320E-06  4.4307E-09  1.9712E-10
  1.2203E-08  3.6633E-05  2.2836E-06  4.3383E-09  1.8881E-10
  8.6304E-09  3.6370E-05  2.2174E-06  4.2022E-09  1.7452E-10
  5.7244E-09  3.5972E-05  2.1220E-06  4.0041E-09  1.5500E-10
  3.8754E-09  3.5525E-05  2.0195E-06  3.7946E-09  1.3683E-10
  2.4568E-09  3.4955E-05  1.8949E-06  3.5493E-09  1.1857E-10
  1.4449E-09  3.4328E-05  1.7522E-06  3.2867E-09  1.0193E-10
  6.3487E-10  3.3194E-05  1.4937E-06  2.8295E-09  7.8172E-11
  3.1213E-10  3.1443E-05  1.1954E-06  2.2940E-09  5.6365E-11
  3.3315E-08  3.4358E-05  6.2177E-07  4.8009E-10  3.9332E-12
  3.4168E-08  3.5495E-05  1.0466E-06  9.4506E-10  8.5605E-12
  3.4609E-08  3.6200E-05  1.5081E-06  1.6628E-09  1.7956E-11
  3.4667E-08  3.6560E-05  1.8352E-06  2.3951E-09  3.2124E-11
  3.4370E-08  3.6780E-05  2.0754E-06  3.1290E-09  5.5366E-11
  3.3701E-08  3.6889E-05  2.2101E-06  3.6506E-09  8.3566E-11
  3.2353E-08  3.6948E-05  2.2956E-06  4.0426E-09  1.1899E-10
  3.0341E-08  3.6964E-05  2.3371E-06  4.2637E-09  1.5021E-10
  2.7119E-08  3.6949E-05  2.3567E-06  4.3968E-09  1.7737E-10
  2.3833E-08  3.6935E-05  2.3591E-06  4.4511E-09  1.9316E-10
  1.9119E-08  3.6849E-05  2.3419E-06  4.4455E-09  1.9954E-10
  1.4774E-08  3.6703E-05  2.3076E-06  4.3880E-09  1.9633E-10
  1.0348E-08  3.6433E-05  2.2447E-06  4.2640E-09  1.8427E-10
  7.1209E-09  3.6068E-05  2.1619E-06  4.0958E-09  1.6773E-10
  4.5519E-09  3.5524E-05  2.0439E-06  3.8589E-09  1.4674E-10
  2.8382E-09  3.4876E-05  1.9073E-06  3.5954E-09  1.2668E-10
  1.3653E-09  3.3820E-05  1.6788E-06  3.1785E-09  1.0042E-10
  6.3476E-10  3.2154E-05  1.3733E-06  2.6243E-09  7.3025E-11
  3.0479E-08  3.0384E-05  2.0490E-07  1.4663E-10  1.2498E-12
  3.2441E-08  3.3113E-05  4.2897E-07  3.2894E-10  2.9065E-12
  3.3740E-08  3.4893E-05  8.3164E-07  7.2905E-10  6.9919E-12
  3.4358E-08  3.5811E-05  1.2662E-06  1.3086E-09  1.4292E-11
  3.4587E-08  3.6375E-05  1.6828E-06  2.0939E-09  2.8113E-11
  3.4442E-08  3.6659E-05  1.9565E-06  2.8080E-09  4.7583E-11
  3.3853E-08  3.6830E-05  2.1489E-06  3.4572E-09  7.6899E-11
  3.2796E-08  3.6910E-05  2.2533E-06  3.8838E-09  1.0881E-10
  3.0833E-08  3.6945E-05  2.3170E-06  4.1846E-09  1.4401E-10
  2.8086E-08  3.6940E-05  2.3447E-06  4.3424E-09  1.7088E-10
  2.4286E-08  3.6915E-05  2.3532E-06  4.4267E-09  1.9084E-10
  2.0454E-08  3.6846E-05  2.3435E-06  4.4413E-09  1.9948E-10
  1.5563E-08  3.6680E-05  2.3097E-06  4.3925E-09  1.9867E-10
  1.1459E-08  3.6426E-05  2.2554E-06  4.2907E-09  1.8980E-10
  7.6267E-09  3.5984E-05  2.1632E-06  4.1085E-09  1.7274E-10
  4.9417E-09  3.5387E-05  2.0431E-06  3.8738E-09  1.5253E-10
  2.6095E-09  3.4397E-05  1.8430E-06  3.4990E-09  1.2490E-10
  1.2094E-09  3.2840E-05  1.5495E-06  2.9593E-09  9.3005E-11
  2.5870E-08  2.3427E-05  6.8873E-08  4.9956E-11  4.5985E-13
  2.9169E-08  2.8309E-05  1.5470E-07  1.1513E-10  1.0735E-12
  3.1760E-08  3.2053E-05  3.5061E-07  2.7645E-10  2.6597E-12
  3.3236E-08  3.4157E-05  6.6621E-07  5.7928E-10  5.9168E-12
  3.4121E-08  3.5478E-05  1.1248E-06  1.1458E-09  1.3201E-11
  3.4442E-08  3.6148E-05  1.5319E-06  1.8364E-09  2.5018E-11
  3.4361E-08  3.6556E-05  1.8746E-06  2.6357E-09  4.5464E-11
  3.3873E-08  3.6759E-05  2.0826E-06  3.2713E-09  7.1546E-11
  3.2754E-08  3.6874E-05  2.2218E-06  3.7901E-09  1.0619E-10
  3.1000E-08  3.6917E-05  2.2935E-06  4.1024E-09  1.3869E-10
  2.8026E-08  3.6914E-05  2.3325E-06  4.3039E-09  1.6901E-10
  2.4264E-08  3.6876E-05  2.3431E-06  4.3944E-09  1.8813E-10
  2.0092E-08  3.6789E-05  2.3341E-06  4.4199E-09  1.9876E-10
  1.5774E-08  3.6609E-05  2.3026E-06  4.3783E-09  1.9895E-10
  1.1284E-08  3.6270E-05  2.2386E-06  4.2622E-09  1.8991E-10
  7.7124E-09  3.5761E-05  2.1436E-06  4.0800E-09  1.7407E-10
  4.4401E-09  3.4865E-05  1.9758E-06  3.7631E-09  1.4854E-10
  2.1573E-09  3.3440E-05  1.7118E-06  3.2733E-09  1.1519E-10
  2.0241E-08  1.4808E-05  2.4105E-08  1.8113E-11  1.8058E-13
  2.4391E-08  2.0969E-05  5.7527E-08  4.3693E-11  4.3804E-13
  2.8360E-08  2.6914E-05  1.4055E-07  1.0938E-10  1.1109E-12
  3.1033E-08  3.0877E-05  2.9664E-07  2.4137E-10  2.5139E-12
  3.2905E-08  3.3638E-05  6.0611E-07  5.4038E-10  5.9618E-12
  3.3852E-08  3.5097E-05  1.0056E-06  1.0199E-09  1.2412E-11
  3.4285E-08  3.5990E-05  1.4600E-06  1.7511E-09  2.5231E-11
  3.4231E-08  3.6437E-05  1.7952E-06  2.4849E-09  4.3852E-11
  3.3673E-08  3.6704E-05  2.0471E-06  3.2038E-09  7.2475E-11
  3.2590E-08  3.6828E-05  2.1893E-06  3.7024E-09  1.0420E-10
  3.0548E-08  3.6880E-05  2.2782E-06  4.0671E-09  1.3977E-10
  2.7693E-08  3.6871E-05  2.3180E-06  4.2633E-09  1.6736E-10
  2.3415E-08  3.6807E-05  2.3300E-06  4.3671E-09  1.8798E-10
  1.9137E-08  3.6681E-05  2.3173E-06  4.3845E-09  1.9698E-10
  1.4721E-08  3.6411E-05  2.2763E-06  4.3291E-09  1.9671E-10
  1.0760E-08  3.5982E-05  2.2055E-06  4.2023E-09  1.8754E-10
  6.7507E-09  3.5181E-05  2.0703E-06  3.9501E-09  1.6741E-10
  3.5578E-09  3.3891E-05  1.8447E-06  3.5321E-09  1.3660E-10
  1.0574E-08  4.5798E-06  5.1117E-09  4.0743E-12  4.5408E-14
  1.5708E-08  9.1051E-06  1.3338E-08  1.0665E-11  1.1907E-13
  2.0955E-08  1.5744E-05  3.6356E-08  2.9298E-11  3.2852E-13
  2.5322E-08  2.2093E-05  8.5791E-08  7.0155E-11  7.9454E-13
  2.9167E-08  2.7881E-05  2.0203E-07  1.7059E-10  1.9689E-12
  3.1581E-08  3.1560E-05  4.0495E-07  3.6149E-10  4.3154E-12
  3.3165E-08  3.4044E-05  7.6581E-07  7.5871E-10  9.7710E-12
  3.3869E-08  3.5332E-05  1.1778E-06  1.3310E-09  1.9300E-11
  3.4016E-08  3.6111E-05  1.6018E-06  2.1124E-09  3.6937E-11
  3.3627E-08  3.6494E-05  1.8947E-06  2.8230E-09  6.0683E-11
  3.2533E-08  3.6709E-05  2.1055E-06  3.4634E-09  9.3900E-11
  3.0745E-08  3.6788E-05  2.2192E-06  3.8763E-09  1.2674E-10
  2.7687E-08  3.6778E-05  2.2835E-06  4.1551E-09  1.5893E-10
  2.3823E-08  3.6678E-05  2.3018E-06  4.2819E-09  1.8006E-10
  1.8730E-08  3.6464E-05  2.2861E-06  4.3117E-09  1.9175E-10
  1.4445E-08  3.6089E-05  2.2390E-06  4.2515E-09  1.9224E-10
  1.0338E-08  3.5393E-05  2.1442E-06  4.0880E-09  1.8258E-10
  6.3547E-09  3.4256E-05  1.9747E-06  3.7798E-09  1.6056E-10
  2.7380E-09  8.8264E-07  1.0709E-09  9.0270E-13  1.1115E-14
  6.2666E-09  2.3472E-06  3.0682E-09  2.5882E-12  3.1876E-14
  1.1937E-08  5.8767E-06  9.2997E-09  7.8642E-12  9.6986E-14
  1.7383E-08  1.1204E-05  2.4350E-08  2.0699E-11  2.5607E-13
  2.2899E-08  1.8398E-05  6.5428E-08  5.6307E-11  7.0280E-13
  2.7112E-08  2.4581E-05  1.4806E-07  1.3031E-10  1.6490E-12
  3.0447E-08  2.9705E-05  3.2644E-07  3.0100E-10  3.9284E-12
  3.2345E-08  3.2745E-05  6.0431E-07  6.0029E-10  8.2639E-12
  3.3422E-08  3.4708E-05  1.0240E-06  1.1487E-09  1.7591E-11
  3.3693E-08  3.5701E-05  1.4272E-06  1.8249E-09  3.2396E-11
  3.3303E-08  3.6284E-05  1.7901E-06  2.6171E-09  5.7055E-11
  3.2257E-08  3.6549E-05  2.0186E-06  3.2470E-09  8.6542E-11
  3.0166E-08  3.6656E-05  2.1706E-06  3.7526E-09  1.2225E-10
  2.7206E-08  3.6621E-05  2.2414E-06  4.0404E-09  1.5195E-10
  2.2795E-08  3.6429E-05  2.2629E-06  4.1929E-09  1.7531E-10
  1.8054E-08  3.6084E-05  2.2384E-06  4.2076E-09  1.8540E-10
  1.2785E-08  3.5364E-05  2.1549E-06  4.0876E-09  1.8295E-10
  9.0933E-09  3.4306E-05  2.0274E-06  3.8668E-09  1.7072E-10
  5.4643E-10  1.7552E-07  2.6333E-10  2.3339E-13  3.1404E-15
  1.4754E-09  4.8889E-07  7.4474E-10  6.6023E-13  8.8800E-15
  4.0641E-09  1.4862E-06  2.3784E-09  2.1098E-12  2.8380E-14
  8.5208E-09  3.7590E-06  6.7558E-09  6.0031E-12  8.0829E-14
  1.4786E-08  8.6471E-06  2.0289E-08  1.8113E-11  2.4460E-13
  2.0428E-08  1.5043E-05  5.1998E-08  4.6865E-11  6.3755E-13
  2.5701E-08  2.2354E-05  1.3165E-07  1.2119E-10  1.6714E-12
  2.9256E-08  2.7763E-05  2.7611E-07  2.6358E-10  3.7276E-12
  3.1734E-08  3.1790E-05  5.5104E-07  5.6407E-10  8.4126E-12
  3.2916E-08  3.4008E-05  9.1133E-07  1.0282E-09  1.6716E-11
  3.3281E-08  3.5375E-05  1.3507E-06  1.7378E-09  3.2664E-11
  3.2862E-08  3.6034E-05  1.6987E-06  2.4581E-09  5.4972E-11
  3.1514E-08  3.6378E-05  1.9701E-06  3.1636E-09  8.7035E-11
  2.9311E-08  3.6462E-05  2.1204E-06  3.6406E-09  1.1926E-10
  2.5681E-08  3.6341E-05  2.1998E-06  3.9592E-09  1.5073E-10
  2.1353E-08  3.6008E-05  2.2088E-06  4.0798E-09  1.7017E-10
  1.6034E-08  3.5314E-05  2.1540E-06  4.0447E-09  1.7771E-10
  1.1235E-08  3.4182E-05  2.0323E-06  3.8506E-09  1.7048E-10
  1.5290E-10  5.2137E-08  9.6780E-11  8.9706E-14  1.3065E-15
  3.6733E-10  1.2590E-07  2.3453E-10  2.1740E-13  3.1643E-15
  1.0438E-09  3.6485E-07  6.8754E-10  6.3742E-13  9.2737E-15
  2.7057E-09  1.0021E-06  1.9478E-09  1.8067E-12  2.6286E-14
  6.7168E-09  2.8996E-06  6.1903E-09  5.7508E-12  8.3754E-14
  1.2335E-08  6.6967E-06  1.7380E-08  1.6208E-11  2.3704E-13
  1.9000E-08  1.3376E-05  5.0408E-08  4.7466E-11  6.9832E-13
  2.4308E-08  2.0301E-05  1.2035E-07  1.1540E-10  1.7189E-12
  2.8618E-08  2.6738E-05  2.7422E-07  2.7294E-10  4.1771E-12
  3.1110E-08  3.0842E-05  5.1662E-07  5.4535E-10  8.7455E-12
  3.2505E-08  3.3608E-05  8.9889E-07  1.0466E-09  1.8368E-11
  3.2789E-08  3.5025E-05  1.2947E-06  1.6852E-09  3.3575E-11
  3.2119E-08  3.5834E-05  1.6768E-06  2.4639E-09  5.8725E-11
  3.0550E-08  3.6146E-05  1.9263E-06  3.0991E-09  8.8298E-11
  2.7625E-08  3.6159E-05  2.0870E-06  3.6030E-09  1.2269E-10
  2.3820E-08  3.5883E-05  2.1454E-06  3.8602E-09  1.4905E-10
  1.8720E-08  3.5186E-05  2.1247E-06  3.9284E-09  1.6565E-10
  1.3787E-08  3.4054E-05  2.0275E-06  3.8032E-09  1.6635E-10
  5.4037E-11  1.9814E-08  4.7434E-11  4.6330E-14  7.4070E-16
  1.0769E-10  3.9633E-08  9.4970E-11  9.2762E-14  1.4820E-15
  2.4545E-10  9.0832E-08  2.1819E-10  2.1313E-13  3.4026E-15
  5.6871E-10  2.1238E-07  5.1311E-10  5.0125E-13  7.9994E-15
  1.5512E-09  5.9671E-07  1.4684E-09  1.4350E-12  2.2900E-14
  3.8445E-09  1.5981E-06  4.1259E-09  4.0359E-12  6.4442E-14
  8.8883E-09  4.4316E-06  1.3125E-08  1.2877E-11  2.0637E-13
  1.5195E-08  9.5280E-06  3.6489E-08  3.6046E-11  5.8018E-13
  2.1901E-08  1.7106E-05  1.0048E-07  1.0090E-10  1.6431E-12
  2.6646E-08  2.3747E-05  2.2200E-07  2.2934E-10  3.8163E-12
  3.0021E-08  2.9198E-05  4.5856E-07  5.0013E-10  8.7027E-12
  3.1616E-08  3.2383E-05  7.8049E-07  9.1901E-10  1.7176E-11
  3.2011E-08  3.4386E-05  1.2015E-06  1.5775E-09  3.3330E-11
  3.1257E-08  3.5314E-05  1.5599E-06  2.2726E-09  5.5736E-11
  2.9173E-08  3.5688E-05  1.8484E-06  2.9679E-09  8.7235E-11
  2.6056E-08  3.5578E-05  1.9978E-06  3.4226E-09  1.1724E-10
  2.1437E-08  3.4950E-05  2.0440E-06  3.6674E-09  1.4298E-10
  1.6568E-08  3.3790E-05  1.9849E-06  3.6524E-09  1.5329E-10
  2.5681E-11  1.0049E-08  3.0039E-11  3.0708E-14  5.3129E-16
  4.9716E-11  1.9492E-08  5.8292E-11  5.9590E-14  1.0332E-15
  1.0225E-10  4.0229E-08  1.2043E-10  1.2311E-13  2.1331E-15
  2.0283E-10  8.0175E-08  2.4046E-10  2.4583E-13  4.2570E-15
  4.5915E-10  1.8307E-07  5.5173E-10  5.6412E-13  9.7650E-15
  1.0524E-09  4.2690E-07  1.3015E-09  1.3310E-12  2.3038E-14
  2.7808E-09  1.1897E-06  3.7592E-09  3.8479E-12  6.6640E-14
  6.4159E-09  3.0913E-06  1.0676E-08  1.0952E-11  1.9026E-13
  1.3000E-08  7.7934E-06  3.3637E-08  3.4732E-11  6.0597E-13
  1.9617E-08  1.4469E-05  8.7898E-08  9.1994E-11  1.6214E-12
  2.5456E-08  2.2129E-05  2.1568E-07  2.3231E-10  4.1896E-12
  2.8923E-08  2.7648E-05  4.2376E-07  4.7767E-10  8.9583E-12
  3.0820E-08  3.1619E-05  7.6435E-07  9.3030E-10  1.8794E-11
  3.1064E-08  3.3695E-05  1.1388E-06  1.5186E-09  3.4083E-11
  2.9849E-08  3.4792E-05  1.5221E-06  2.2561E-09  5.8987E-11
  2.7399E-08  3.5028E-05  1.7736E-06  2.8575E-09  8.7124E-11
  2.3326E-08  3.4576E-05  1.9094E-06  3.2891E-09  1.1692E-10
  1.8680E-08  3.3456E-05  1.9050E-06  3.4133E-09  1.3477E-10
  1.0101E-11  4.2490E-09  1.6155E-11  1.7351E-14  3.2831E-16
  2.1395E-11  9.0071E-09  3.4254E-11  3.6789E-14  6.9612E-16
  4.5783E-11  1.9302E-08  7.3439E-11  7.8876E-14  1.4954E-15
  8.8572E-11  3.7427E-08  1.4252E-10  1.5308E-13  2.9005E-15
  1.8097E-10  7.6801E-08  2.9300E-10  3.1471E-13  5.9599E-15
  3.5439E-10  1.5139E-07  5.7954E-10  6.2256E-13  1.1786E-14
  7.8434E-10  3.3957E-07  1.3114E-09  1.4091E-12  2.6674E-14
  1.7463E-09  7.7738E-07  3.0636E-09  3.2936E-12  6.2370E-14
  4.3989E-09  2.1178E-06  8.8696E-09  9.5526E-12  1.8138E-13
  9.3780E-09  5.2417E-06  2.5246E-08  2.7314E-11  5.2024E-13
  1.6814E-08  1.1681E-05  7.5851E-08  8.3074E-11  1.5976E-12
  2.2940E-08  1.8898E-05  1.8016E-07  2.0184E-10  3.9558E-12
  2.7449E-08  2.5713E-05  3.9083E-07  4.5736E-10  9.3222E-12
  2.9465E-08  2.9987E-05  6.8290E-07  8.5004E-10  1.8426E-11
  2.9641E-08  3.2690E-05  1.0741E-06  1.4622E-09  3.5190E-11
  2.8130E-08  3.3778E-05  1.4118E-06  2.1002E-09  5.7391E-11
  2.4805E-08  3.3812E-05  1.6660E-06  2.6999E-09  8.6045E-11
  2.0550E-08  3.2874E-05  1.7502E-06  3.0049E-09  1.0877E-10
  3.5233E-12  1.5778E-09  7.3847E-12  8.2782E-15  1.6953E-16
  8.4764E-12  3.7970E-09  1.7773E-11  1.9923E-14  4.0804E-16
  2.0548E-11  9.2101E-09  4.3121E-11  4.8339E-14  9.9224E-16
  4.3018E-11  1.9302E-08  9.0416E-11  1.0136E-13  2.0794E-15
  9.1098E-11  4.0963E-08  1.9206E-10  2.1532E-13  4.4150E-15
  1.7508E-10  7.8996E-08  3.7105E-10  4.1599E-13  8.5259E-15
  3.5614E-10  1.6175E-07  7.6260E-10  8.5508E-13  1.7520E-14
  6.9635E-10  3.1969E-07  1.5182E-09  1.7028E-12  3.4889E-14
  1.5416E-09  7.2513E-07  3.5078E-09  3.9364E-12  8.0692E-14
  3.3997E-09  1.6836E-06  8.4983E-09  9.5506E-12  1.9623E-13
  7.9788E-09  4.4813E-06  2.5513E-08  2.8800E-11  5.9363E-13
  1.4566E-08  9.7782E-06  7.0065E-08  7.9913E-11  1.6613E-12
  2.1648E-08  1.7579E-05  1.8417E-07  2.1506E-10  4.5650E-12
  2.6033E-08  2.4084E-05  3.7613E-07  4.5617E-10  1.0035E-11
  2.8172E-08  2.9056E-05  6.9075E-07  8.9292E-10  2.0991E-11
  2.7910E-08  3.1579E-05  1.0323E-06  1.4397E-09  3.7110E-11
  2.5508E-08  3.2534E-05  1.3646E-06  2.0799E-09  6.1112E-11
  2.1757E-08  3.2018E-05  1.5405E-06  2.5193E-09  8.4162E-11
  1.1429E-12  5.4025E-10  3.0330E-12  3.5306E-15  7.7644E-17
  3.0769E-12  1.4546E-09  8.1666E-12  9.5064E-15  2.0907E-16
  8.4461E-12  3.9939E-09  2.2426E-11  2.6105E-14  5.7551E-16
  1.9791E-11  9.3633E-09  5.2587E-11  6.1215E-14  1.3489E-15
  4.6478E-11  2.2013E-08  1.2370E-10  1.4400E-13  3.1715E-15
  9.4829E-11  4.4993E-08  2.5310E-10  2.9465E-13  6.4865E-15
  1.9684E-10  9.3737E-08  5.2847E-10  6.1526E-13  1.3539E-14
  3.7467E-10  1.7947E-07  1.0157E-09  1.1827E-12  2.6023E-14
  7.6157E-10  3.6913E-07  2.1072E-09  2.4543E-12  5.4007E-14
  1.5045E-09  7.4468E-07  4.3227E-09  5.0382E-12  1.1093E-13
  3.3854E-09  1.7612E-06  1.0682E-08  1.2472E-11  2.7525E-13
  7.2245E-09  4.1470E-06  2.7769E-08  3.2559E-11  7.2087E-13
  1.4177E-08  9.7024E-06  8.1810E-08  9.7047E-11  2.1708E-12
  2.0627E-08  1.6723E-05  1.9494E-07  2.3642E-10  5.3981E-12
  2.5224E-08  2.3771E-05  4.1765E-07  5.2835E-10  1.2579E-11
  2.6661E-08  2.8153E-05  7.0713E-07  9.4743E-10  2.4028E-11
  2.5501E-08  3.0528E-05  1.0539E-06  1.5277E-09  4.2871E-11
  2.2422E-08  3.0760E-05  1.2964E-06  2.0225E-09  6.3622E-11
  3.7033E-13  1.8348E-10  1.2102E-12  1.4570E-15  3.4196E-17
  1.0715E-12  5.3086E-10  3.5015E-12  4.2154E-15  9.8938E-17
  3.2758E-12  1.6232E-09  1.0707E-11  1.2890E-14  3.0332E-16
  8.5026E-12  4.2139E-09  2.7799E-11  3.3468E-14  7.8719E-16
  2.2356E-11  1.1085E-08  7.3151E-11  8.8069E-14  2.0705E-15
  5.0186E-11  2.4909E-08  1.6448E-10  1.9803E-13  4.6534E-15
  1.1257E-10  5.5989E-08  3.7020E-10  4.4574E-13  1.0471E-14
  2.2222E-10  1.1092E-07  7.3518E-10  8.8528E-13  2.0789E-14
  4.5120E-10  2.2678E-07  1.5110E-09  1.8198E-12  4.2733E-14
  8.5330E-10  4.3388E-07  2.9175E-09  3.5153E-12  8.2568E-14
  1.7547E-09  9.1416E-07  6.2771E-09  7.5702E-12  1.7822E-13
  3.5548E-09  1.9384E-06  1.3895E-08  1.6790E-11  3.9563E-13
  7.8385E-09  4.7400E-06  3.7996E-08  4.6162E-11  1.0928E-12
  1.4115E-08  9.9315E-06  9.7991E-08  1.2049E-10  2.8845E-12
  2.0757E-08  1.7466E-05  2.4227E-07  3.0598E-10  7.5178E-12
  2.4250E-08  2.3517E-05  4.6369E-07  6.1003E-10  1.5644E-11
  2.4740E-08  2.7650E-05  7.7777E-07  1.0902E-09  3.0127E-11
  2.2581E-08  2.8976E-05  1.0479E-06  1.5724E-09  4.7734E-11
