Li Na K Rb Cs
  4.5055E-38  4.5055E-38  4.5055E-38  4.5055E-38  4.5055E-38
  4.5055E-38  4.5055E-38  4.5055E-38  4.5055E-38  4.5055E-38
  4.5055E-38  4.5055E-38  4.5055E-38  4.5055E-38  4.5055E-38
  4.5055E-38  4.5055E-38  4.5055E-38  4.5055E-38  4.5055E-38
  4.5055E-38  4.5055E-38  4.5055E-38  4.5055E-38  4.5055E-38
  4.5055E-38  4.5055E-38  4.5055E-38  4.5055E-38  4.5055E-38
  4.5055E-38  4.5055E-38  4.5055E-38  4.5055E-38  4.5055E-38
  4.5055E-38  4.5055E-38  4.5055E-38  4.5055E-38  4.5055E-38
  4.5055E-38  4.5055E-38  4.5055E-38  4.5055E-38  4.5055E-38
  4.5055E-38  4.5055E-38  4.5055E-38  4.5055E-38  4.5055E-38
  4.5055E-38  4.5055E-38  4.5055E-38  4.5055E-38  4.5055E-38
  4.5055E-38  4.5055E-38  4.5055E-38  4.5055E-38  4.5055E-38
  4.5055E-38  4.5055E-38  4.5055E-38  4.5055E-38  4.5055E-38
  4.5055E-38  4.5055E-38  4.5055E-38  4.5055E-38  4.5055E-38
  4.5055E-38  4.5055E-38  4.5055E-38  4.5055E-38  4.5055E-38
  4.5048E-38  4.5048E-38  4.5048E-38  4.5048E-38  4.5048E-38
  4.5049E-38  4.5049E-38  4.5049E-38  4.5049E-38  4.5049E-38
  4.5050E-38  4.5050E-38  4.5050E-38  4.5050E-38  4.5050E-38
  4.5053E-38  4.5053E-38  4.5053E-38  4.5053E-38  4.5053E-38
  4.5054E-38  4.5054E-38  4.5054E-38  4.5054E-38  4.5054E-38
  4.5055E-38  4.5055E-38  4.5055E-38  4.5055E-38  4.5055E-38
  4.5055E-38  4.5055E-38  4.5055E-38  4.5055E-38  4.5055E-38
  4.5055E-38  4.5055E-38  4.5055E-38  4.5055E-38  4.5055E-38
  4.5055E-38  4.5055E-38  4.5055E-38  4.5055E-38  4.5055E-38
  4.5055E-38  4.5055E-38  4.5055E-38  4.5055E-38  4.5055E-38
  4.5055E-38  4.5055E-38  4.5055E-38  4.5055E-38  4.5055E-38
  4.5055E-38  4.5055E-38  4.5055E-38  4.5055E-38  4.5055E-38
  4.5055E-38  4.5055E-38  4.5055E-38  4.5055E-38  4.5055E-38
  4.5055E-38  4.5055E-38  4.5055E-38  4.5055E-38  4.5055E-38
  4.5055E-38  4.5055E-38  4.5055E-38  4.5055E-38  4.5055E-38
  4.5055E-38  4.5055E-38  4.5055E-38  4.5055E-38  4.5055E-38
  4.5049E-38  4.5049E-38  4.5049E-38  4.5049E-38  4.5049E-38
  4.5049E-38  4.5049E-38  4.5049E-38  4.5049E-38  4.5049E-38
  4.5049E-38  4.5049E-38  4.5049E-38  4.5049E-38  4.5049E-38
  4.5049E-38  4.5049E-38  4.5049E-38  4.5049E-38  4.5049E-38
  4.5049E-38  4.5049E-38  4.5049E-38  4.5049E-38  4.5049E-38
  4.5050E-38  4.5050E-38  4.5050E-38  4.5050E-38  4.5050E-38
  4.5053E-38  4.5053E-38  4.5053E-38  4.5053E-38  4.5053E-38
  4.5054E-38  4.5054E-38  4.5054E-38  4.5054E-38  4.5054E-38
  4.5055E-38  4.5055E-38  4.5055E-38  4.5055E-38  4.5055E-38
  4.5055E-38  4.5055E-38  4.5055E-38  4.5055E-38  4.5055E-38
  4.5055E-38  4.5055E-38  4.5055E-38  4.5055E-38  4.5055E-38
  4.5055E-38  4.5055E-38  4.5055E-38  4.5055E-38  4.5055E-38
  4.5055E-38  4.5055E-38  4.5055E-38  4.5055E-38  4.5055E-38
  4.5055E-38  4.5055E-38  4.5055E-38  4.5055E-38  4.5055E-38
  4.5055E-38  4.5055E-38  4.5055E-38  4.5055E-38  4.5055E-38
  4.5055E-38  4.5055E-38  4.5055E-38  4.5055E-38  4.5055E-38
  4.5055E-38  4.5055E-38  4.5055E-38  4.5055E-38  4.5055E-38
  4.5049E-38  4.5049E-38  4.5049E-38  4.5049E-38  4.5049E-38
  4.5048E-38  4.5048E-38  4.5048E-38  4.5048E-38  4.5048E-38
  4.5049E-38  4.5049E-38  4.5049E-38  4.5049E-38  4.5049E-38
  4.5048E-38  4.5048E-38  4.5048E-38  4.5048E-38  4.5048E-38
  4.5049E-38  4.5049E-38  4.5049E-38  4.5049E-38  4.5049E-38
  4.5048E-38  4.5048E-38  4.5048E-38  4.5048E-38  4.5048E-38
  4.5049E-38  4.5049E-38  4.5049E-38  4.5049E-38  4.5049E-38
  4.5048E-38  4.5048E-38  4.5048E-38  4.5048E-38  4.5048E-38
  4.5053E-38  4.5053E-38  4.5053E-38  4.5053E-38  4.5053E-38
  4.5054E-38  4.5054E-38  4.5054E-38  4.5054E-38  4.5054E-38
  4.5055E-38  4.5055E-38  4.5055E-38  4.5055E-38  4.5055E-38
  4.5055E-38  4.5055E-38  4.5055E-38  4.5055E-38  4.5055E-38
  4.5055E-38  4.5055E-38  4.5055E-38  4.5055E-38  4.5055E-38
  4.5055E-38  4.5055E-38  4.5055E-38  4.5055E-38  4.5055E-38
  4.5055E-38  4.5055E-38  4.5055E-38  4.5055E-38  4.5055E-38
  4.5055E-38  4.5055E-38  4.5055E-38  4.5055E-38  4.5055E-38
  4.5055E-38  4.5055E-38  4.5055E-38  4.5055E-38  4.5055E-38
  4.5048E-38  4.5048E-38  4.5048E-38  4.5048E-38  4.5048E-38
  4.5048E-38  4.5048E-38  4.5048E-38  4.5048E-38  4.5048E-38
  4.5049E-38  4.5049E-38  4.5049E-38  4.5049E-38  4.5049E-38
  4.5049E-38  4.5049E-38  4.5049E-38  4.5049E-38  4.5049E-38
  4.5049E-38  4.5049E-38  4.5049E-38  4.5049E-38  4.5049E-38
  4.5049E-38  4.5049E-38  4.5049E-38  4.5049E-38  4.5049E-38
  4.5049E-38  4.5049E-38  4.5049E-38  4.5049E-38  4.5049E-38
  4.5049E-38  4.5049E-38  4.5049E-38  4.5049E-38  4.5049E-38
  4.5049E-38  4.5049E-38  4.5049E-38  4.5049E-38  4.5049E-38
  4.5049E-38  4.5049E-38  4.5049E-38  4.5049E-38  4.5049E-38
  4.5053E-38  4.5053E-38  4.5053E-38  4.5053E-38  4.5053E-38
  4.5054E-38  4.5054E-38  4.5054E-38  4.5054E-38  4.5054E-38
  4.5055E-38  4.5055E-38  4.5055E-38  4.5055E-38  4.5055E-38
  4.5055E-38  4.5055E-38  4.5055E-38  4.5055E-38  4.5055E-38
  4.5055E-38  4.5055E-38  4.5055E-38  4.5055E-38  4.5055E-38
  4.5055E-38  4.5055E-38  4.5055E-38  4.5055E-38  4.5055E-38
  4.5055E-38  4.5055E-38  4.5055E-38  4.5055E-38  4.5055E-38
  4.5047E-38  4.5047E-38  4.5047E-38  4.5047E-38  4.5047E-38
  4.5047E-38  4.5047E-38  4.5047E-38  4.5047E-38  4.5047E-38
  4.5047E-38  4.5047E-38  4.5047E-38  4.5047E-38  4.5047E-38
  4.5048E-38  4.5048E-38  4.5048E-38  4.5048E-38  4.5048E-38
  4.5048E-38  4.5048E-38  4.5048E-38  4.5048E-38  4.5048E-38
  4.5049E-38  4.5049E-38  4.5049E-38  4.5049E-38  4.5049E-38
  4.5049E-38  4.5049E-38  4.5049E-38  4.5049E-38  4.5049E-38
  4.5049E-38  4.5049E-38  4.5049E-38  4.5049E-38  4.5049E-38
  4.5049E-38  4.5049E-38  4.5049E-38  4.5049E-38  4.5049E-38
  4.5049E-38  4.5049E-38  4.5049E-38  4.5049E-38  4.5049E-38
  4.5049E-38  4.5049E-38  4.5049E-38  4.5049E-38  4.5049E-38
  4.5049E-38  4.5049E-38  4.5049E-38  4.5049E-38  4.5049E-38
  4.5053E-38  4.5053E-38  4.5053E-38  4.5053E-38  4.5053E-38
  4.5054E-38  4.5054E-38  4.5054E-38  4.5054E-38  4.5054E-38
  4.5055E-38  4.5055E-38  4.5055E-38  4.5055E-38  4.5055E-38
  4.5055E-38  4.5055E-38  4.5055E-38  4.5055E-38  4.5055E-38
  4.5055E-38  4.5055E-38  4.5055E-38  4.5055E-38  4.5055E-38
  4.5045E-38  4.5045E-38  4.5045E-38  4.5045E-38  4.5045E-38
  4.5047E-38  4.5047E-38  4.5047E-38  4.5047E-38  4.5047E-38
  4.5047E-38  4.5047E-38  4.5047E-38  4.5047E-38  4.5047E-38
  4.5047E-38  4.5047E-38  4.5047E-38  4.5047E-38  4.5047E-38
  4.5047E-38  4.5047E-38  4.5047E-38  4.5047E-38  4.5047E-38
  4.5048E-38  4.5048E-38  4.5048E-38  4.5048E-38  4.5048E-38
  4.5048E-38  4.5048E-38  4.5048E-38  4.5048E-38  4.5048E-38
  4.5048E-38  4.5048E-38  4.5048E-38  4.5048E-38  4.5048E-38
  4.5049E-38  4.5049E-38  4.5049E-38  4.5049E-38  4.5049E-38
  4.5048E-38  4.5048E-38  4.5048E-38  4.5048E-38  4.5048E-38
  4.5049E-38  4.5049E-38  4.5049E-38  4.5049E-38  4.5049E-38
  4.5048E-38  4.5048E-38  4.5048E-38  4.5048E-38  4.5048E-38
  4.5049E-38  4.5049E-38  4.5049E-38  4.5049E-38  4.5049E-38
  4.5052E-38  4.5052E-38  4.5052E-38  4.5052E-38  4.5052E-38
  4.5054E-38  4.5054E-38  4.5054E-38  4.5054E-38  4.5054E-38
  4.5054E-38  4.5054E-38  4.5054E-38  4.5054E-38  4.5054E-38
  4.5055E-38  4.5055E-38  4.5055E-38  4.5055E-38  4.5055E-38
  4.5014E-38  4.5014E-38  4.5014E-38  4.5014E-38  4.5014E-38
  4.5036E-38  4.5036E-38  4.5036E-38  4.5036E-38  4.5036E-38
  4.5043E-38  4.5043E-38  4.5043E-38  4.5043E-38  4.5043E-38
  4.5046E-38  4.5046E-38  4.5046E-38  4.5046E-38  4.5046E-38
  4.5047E-38  4.5047E-38  4.5047E-38  4.5047E-38  4.5047E-38
  4.5047E-38  4.5047E-38  4.5047E-38  4.5047E-38  4.5047E-38
  4.5047E-38  4.5047E-38  4.5047E-38  4.5047E-38  4.5047E-38
  4.5048E-38  4.5048E-38  4.5048E-38  4.5048E-38  4.5048E-38
  4.5048E-38  4.5048E-38  4.5048E-38  4.5048E-38  4.5048E-38
  4.5049E-38  4.5049E-38  4.5049E-38  4.5049E-38  4.5049E-38
  4.5048E-38  4.5048E-38  4.5048E-38  4.5048E-38  4.5048E-38
  4.5049E-38  4.5049E-38  4.5049E-38  4.5049E-38  4.5049E-38
  4.5048E-38  4.5048E-38  4.5048E-38  4.5048E-38  4.5048E-38
  4.5049E-38  4.5049E-38  4.5049E-38  4.5049E-38  4.5049E-38
  4.5050E-38  4.5050E-38  4.5050E-38  4.5050E-38  4.5050E-38
  4.5053E-38  4.5053E-38  4.5053E-38  4.5053E-38  4.5053E-38
  4.5054E-38  4.5054E-38  4.5054E-38  4.5054E-38  4.5054E-38
  4.5010E-38  4.5010E-38  4.5010E-38  4.5010E-38  4.5010E-38
  4.5010E-38  4.5010E-38  4.5010E-38  4.5010E-38  4.5010E-38
  4.5015E-38  4.5015E-38  4.5015E-38  4.5015E-38  4.5015E-38
  4.5036E-38  4.5036E-38  4.5036E-38  4.5036E-38  4.5036E-38
  4.5043E-38  4.5043E-38  4.5043E-38  4.5043E-38  4.5043E-38
  4.5046E-38  4.5046E-38  4.5046E-38  4.5046E-38  4.5046E-38
  4.5047E-38  4.5047E-38  4.5047E-38  4.5047E-38  4.5047E-38
  4.5047E-38  4.5047E-38  4.5047E-38  4.5047E-38  4.5047E-38
  4.5047E-38  4.5047E-38  4.5047E-38  4.5047E-38  4.5047E-38
  4.5048E-38  4.5048E-38  4.5048E-38  4.5048E-38  4.5048E-38
  4.5048E-38  4.5048E-38  4.5048E-38  4.5048E-38  4.5048E-38
  4.5049E-38  4.5049E-38  4.5049E-38  4.5049E-38  4.5049E-38
  4.5048E-38  4.5048E-38  4.5048E-38  4.5048E-38  4.5048E-38
  4.5049E-38  4.5049E-38  4.5049E-38  4.5049E-38  4.5049E-38
  4.5048E-38  4.5048E-38  4.5048E-38  4.5048E-38  4.5048E-38
  4.5049E-38  4.5049E-38  4.5049E-38  4.5049E-38  4.5049E-38
  4.5053E-38  4.5053E-38  4.5053E-38  4.5053E-38  4.5053E-38
  4.5010E-38  4.5010E-38  4.5010E-38  4.5010E-38  4.5010E-38
  4.5010E-38  4.5010E-38  4.5010E-38  4.5010E-38  4.5010E-38
  4.5010E-38  4.5010E-38  4.5010E-38  4.5010E-38  4.5010E-38
  4.5010E-38  4.5010E-38  4.5010E-38  4.5010E-38  4.5010E-38
  4.5024E-38  4.5024E-38  4.5024E-38  4.5024E-38  4.5024E-38
  4.5039E-38  4.5039E-38  4.5039E-38  4.5039E-38  4.5039E-38
  4.5045E-38  4.5045E-38  4.5045E-38  4.5045E-38  4.5045E-38
  4.5047E-38  4.5047E-38  4.5047E-38  4.5047E-38  4.5047E-38
  4.5047E-38  4.5047E-38  4.5047E-38  4.5047E-38  4.5047E-38
  4.5048E-38  4.5048E-38  4.5048E-38  4.5048E-38  4.5048E-38
  4.5048E-38  4.5048E-38  4.5048E-38  4.5048E-38  4.5048E-38
  4.5049E-38  4.5049E-38  4.5049E-38  4.5049E-38  4.5049E-38
  4.5049E-38  4.5049E-38  4.5049E-38  4.5049E-38  4.5049E-38
  4.5049E-38  4.5049E-38  4.5049E-38  4.5049E-38  4.5049E-38
  4.5049E-38  4.5049E-38  4.5049E-38  4.5049E-38  4.5049E-38
  4.5049E-38  4.5049E-38  4.5049E-38  4.5049E-38  4.5049E-38
  4.5050E-38  4.5050E-38  4.5050E-38  4.5050E-38  4.5050E-38
  4.5011E-38  4.5011E-38  4.5011E-38  4.5011E-38  4.5011E-38
  4.5011E-38  4.5011E-38  4.5011E-38  4.5011E-38  4.5011E-38
  4.5011E-38  4.5011E-38  4.5011E-38  4.5011E-38  4.5011E-38
  4.5011E-38  4.5011E-38  4.5011E-38  4.5011E-38  4.5011E-38
  4.5011E-38  4.5011E-38  4.5011E-38  4.5011E-38  4.5011E-38
  4.5011E-38  4.5011E-38  4.5011E-38  4.5011E-38  4.5011E-38
  4.5033E-38  4.5033E-38  4.5033E-38  4.5033E-38  4.5033E-38
  4.5043E-38  4.5043E-38  4.5043E-38  4.5043E-38  4.5043E-38
  4.5046E-38  4.5046E-38  4.5046E-38  4.5046E-38  4.5046E-38
  4.5048E-38  4.5048E-38  4.5048E-38  4.5048E-38  4.5048E-38
  4.5049E-38  4.5049E-38  4.5049E-38  4.5049E-38  4.5049E-38
  4.5049E-38  4.5049E-38  4.5049E-38  4.5049E-38  4.5049E-38
  4.5050E-38  4.5050E-38  4.5050E-38  4.5050E-38  4.5050E-38
  4.5050E-38  4.5050E-38  4.5050E-38  4.5050E-38  4.5050E-38
  4.5050E-38  4.5050E-38  4.5050E-38  4.5050E-38  4.5050E-38
  4.5050E-38  4.5050E-38  4.5050E-38  4.5050E-38  4.5050E-38
  4.5050E-38  4.5050E-38  4.5050E-38  4.5050E-38  4.5050E-38
  4.5010E-38  4.5010E-38  4.5010E-38  4.5010E-38  4.5010E-38
  4.5011E-38  4.5011E-38  4.5011E-38  4.5011E-38  4.5011E-38
  4.5010E-38  4.5010E-38  4.5010E-38  4.5010E-38  4.5010E-38
  4.5011E-38  4.5011E-38  4.5011E-38  4.5011E-38  4.5011E-38
  4.5010E-38  4.5010E-38  4.5010E-38  4.5010E-38  4.5010E-38
  4.5011E-38  4.5011E-38  4.5011E-38  4.5011E-38  4.5011E-38
  4.5010E-38  4.5010E-38  4.5010E-38  4.5010E-38  4.5010E-38
  4.5024E-38  4.5024E-38  4.5024E-38  4.5024E-38  4.5024E-38
  4.5041E-38  4.5041E-38  4.5041E-38  4.5041E-38  4.5041E-38
  4.5046E-38  4.5046E-38  4.5046E-38  4.5046E-38  4.5046E-38
  4.5048E-38  4.5048E-38  4.5048E-38  4.5048E-38  4.5048E-38
  4.5049E-38  4.5049E-38  4.5049E-38  4.5049E-38  4.5049E-38
  4.5049E-38  4.5049E-38  4.5049E-38  4.5049E-38  4.5049E-38
  4.5049E-38  4.5049E-38  4.5049E-38  4.5049E-38  4.5049E-38
  4.5050E-38  4.5050E-38  4.5050E-38  4.5050E-38  4.5050E-38
  4.5050E-38  4.5050E-38  4.5050E-38  4.5050E-38  4.5050E-38
  4.5050E-38  4.5050E-38  4.5050E-38  4.5050E-38  4.5050E-38
  4.5011E-38  4.5011E-38  4.5011E-38  4.5011E-38  4.5011E-38
  4.5011E-38  4.5011E-38  4.5011E-38  4.5011E-38  4.5011E-38
  4.5011E-38  4.5011E-38  4.5011E-38  4.5011E-38  4.5011E-38
  4.5010E-38  4.5010E-38  4.5010E-38  4.5010E-38  4.5010E-38
  4.5011E-38  4.5011E-38  4.5011E-38  4.5011E-38  4.5011E-38
  4.5010E-38  4.5010E-38  4.5010E-38  4.5010E-38  4.5010E-38
  4.5011E-38  4.5011E-38  4.5011E-38  4.5011E-38  4.5011E-38
  4.5011E-38  4.5011E-38  4.5011E-38  4.5011E-38  4.5011E-38
  4.5017E-38  4.5017E-38  4.5017E-38  4.5017E-38  4.5017E-38
  4.5038E-38  4.5038E-38  4.5038E-38  4.5038E-38  4.5038E-38
  4.5046E-38  4.5046E-38  4.5046E-38  4.5046E-38  4.5046E-38
  4.5048E-38  4.5048E-38  4.5048E-38  4.5048E-38  4.5048E-38
  4.5048E-38  4.5048E-38  4.5048E-38  4.5048E-38  4.5048E-38
  4.5049E-38  4.5049E-38  4.5049E-38  4.5049E-38  4.5049E-38
  4.5049E-38  4.5049E-38  4.5049E-38  4.5049E-38  4.5049E-38
  4.5050E-38  4.5050E-38  4.5050E-38  4.5050E-38  4.5050E-38
  4.5050E-38  4.5050E-38  4.5050E-38  4.5050E-38  4.5050E-38
  4.5011E-38  4.5011E-38  4.5011E-38  4.5011E-38  4.5011E-38
  4.5011E-38  4.5011E-38  4.5011E-38  4.5011E-38  4.5011E-38
  4.5011E-38  4.5011E-38  4.5011E-38  4.5011E-38  4.5011E-38
  4.5011E-38  4.5011E-38  4.5011E-38  4.5011E-38  4.5011E-38
  4.5011E-38  4.5011E-38  4.5011E-38  4.5011E-38  4.5011E-38
  4.5011E-38  4.5011E-38  4.5011E-38  4.5011E-38  4.5011E-38
  4.5011E-38  4.5011E-38  4.5011E-38  4.5011E-38  4.5011E-38
  4.5011E-38  4.5011E-38  4.5011E-38  4.5011E-38  4.5011E-38
  4.5011E-38  4.5011E-38  4.5011E-38  4.5011E-38  4.5011E-38
  4.5011E-38  4.5011E-38  4.5011E-38  4.5011E-38  4.5011E-38
  4.5037E-38  4.5037E-38  4.5037E-38  4.5037E-38  4.5037E-38
  4.5045E-38  4.5045E-38  4.5045E-38  4.5045E-38  4.5045E-38
  4.5048E-38  4.5048E-38  4.5048E-38  4.5048E-38  4.5048E-38
  4.5048E-38  4.5048E-38  4.5048E-38  4.5048E-38  4.5048E-38
  4.5049E-38  4.5049E-38  4.5049E-38  4.5049E-38  4.5049E-38
  4.5049E-38  4.5049E-38  4.5049E-38  4.5049E-38  4.5049E-38
  4.5050E-38  4.5050E-38  4.5050E-38  4.5050E-38  4.5050E-38
  4.5011E-38  4.5011E-38  4.5011E-38  4.5011E-38  4.5011E-38
  4.5011E-38  4.5011E-38  4.5011E-38  4.5011E-38  4.5011E-38
  4.5011E-38  4.5011E-38  4.5011E-38  4.5011E-38  4.5011E-38
  4.5011E-38  4.5011E-38  4.5011E-38  4.5011E-38  4.5011E-38
  4.5011E-38  4.5011E-38  4.5011E-38  4.5011E-38  4.5011E-38
  4.5011E-38  4.5011E-38  4.5011E-38  4.5011E-38  4.5011E-38
  4.5010E-38  4.5010E-38  4.5010E-38  4.5010E-38  4.5010E-38
  4.5011E-38  4.5011E-38  4.5011E-38  4.5011E-38  4.5011E-38
  4.5011E-38  4.5011E-38  4.5011E-38  4.5011E-38  4.5011E-38
  4.5011E-38  4.5011E-38  4.5011E-38  4.5011E-38  4.5011E-38
  4.5012E-38  4.5012E-38  4.5012E-38  4.5012E-38  4.5012E-38
  4.5035E-38  4.5035E-38  4.5035E-38  4.5035E-38  4.5035E-38
  4.5045E-38  4.5045E-38  4.5045E-38  4.5045E-38  4.5045E-38
  4.5047E-38  4.5047E-38  4.5047E-38  4.5047E-38  4.5047E-38
  4.5048E-38  4.5048E-38  4.5048E-38  4.5048E-38  4.5048E-38
  4.5049E-38  4.5049E-38  4.5049E-38  4.5049E-38  4.5049E-38
  4.5049E-38  4.5049E-38  4.5049E-38  4.5049E-38  4.5049E-38
  4.5012E-38  4.5012E-38  4.5012E-38  4.5012E-38  4.5012E-38
  4.5011E-38  4.5011E-38  4.5011E-38  4.5011E-38  4.5011E-38
  4.5011E-38  4.5011E-38  4.5011E-38  4.5011E-38  4.5011E-38
  4.5011E-38  4.5011E-38  4.5011E-38  4.5011E-38  4.5011E-38
  4.5011E-38  4.5011E-38  4.5011E-38  4.5011E-38  4.5011E-38
  4.5011E-38  4.5011E-38  4.5011E-38  4.5011E-38  4.5011E-38
  4.5011E-38  4.5011E-38  4.5011E-38  4.5011E-38  4.5011E-38
  4.5011E-38  4.5011E-38  4.5011E-38  4.5011E-38  4.5011E-38
  4.5011E-38  4.5011E-38  4.5011E-38  4.5011E-38  4.5011E-38
  4.5011E-38  4.5011E-38  4.5011E-38  4.5011E-38  4.5011E-38
  4.5011E-38  4.5011E-38  4.5011E-38  4.5011E-38  4.5011E-38
  4.5012E-38  4.5012E-38  4.5012E-38  4.5012E-38  4.5012E-38
  4.5036E-38  4.5036E-38  4.5036E-38  4.5036E-38  4.5036E-38
  4.5045E-38  4.5045E-38  4.5045E-38  4.5045E-38  4.5045E-38
  4.5047E-38  4.5047E-38  4.5047E-38  4.5047E-38  4.5047E-38
  4.5048E-38  4.5048E-38  4.5048E-38  4.5048E-38  4.5048E-38
  4.5049E-38  4.5049E-38  4.5049E-38  4.5049E-38  4.5049E-38
  4.5012E-38  4.5012E-38  4.5012E-38  4.5012E-38  4.5012E-38
  4.5012E-38  4.5012E-38  4.5012E-38  4.5012E-38  4.5012E-38
  4.5011E-38  4.5011E-38  4.5011E-38  4.5011E-38  4.5011E-38
  4.5011E-38  4.5011E-38  4.5011E-38  4.5011E-38  4.5011E-38
  4.5011E-38  4.5011E-38  4.5011E-38  4.5011E-38  4.5011E-38
  4.5011E-38  4.5011E-38  4.5011E-38  4.5011E-38  4.5011E-38
  4.5011E-38  4.5011E-38  4.5011E-38  4.5011E-38  4.5011E-38
  4.5011E-38  4.5011E-38  4.5011E-38  4.5011E-38  4.5011E-38
  4.5011E-38  4.5011E-38  4.5011E-38  4.5011E-38  4.5011E-38
  4.5011E-38  4.5011E-38  4.5011E-38  4.5011E-38  4.5011E-38
  4.5011E-38  4.5011E-38  4.5011E-38  4.5011E-38  4.5011E-38
  4.5012E-38  4.5012E-38  4.5012E-38  4.5012E-38  4.5012E-38
  4.5014E-38  4.5014E-38  4.5014E-38  4.5014E-38  4.5014E-38
  4.5037E-38  4.5037E-38  4.5037E-38  4.5037E-38  4.5037E-38
  4.5045E-38  4.5045E-38  4.5045E-38  4.5045E-38  4.5045E-38
  4.5048E-38  4.5048E-38  4.5048E-38  4.5048E-38  4.5048E-38
  4.5048E-38  4.5048E-38  4.5048E-38  4.5048E-38  4.5048E-38
  4.5013E-38  4.5013E-38  4.5013E-38  4.5013E-38  4.5013E-38
  4.5013E-38  4.5013E-38  4.5013E-38  4.5013E-38  4.5013E-38
  4.5012E-38  4.5012E-38  4.5012E-38  4.5012E-38  4.5012E-38
  4.5011E-38  4.5011E-38  4.5011E-38  4.5011E-38  4.5011E-38
  4.5011E-38  4.5011E-38  4.5011E-38  4.5011E-38  4.5011E-38
  4.5011E-38  4.5011E-38  4.5011E-38  4.5011E-38  4.5011E-38
  4.5011E-38  4.5011E-38  4.5011E-38  4.5011E-38  4.5011E-38
  4.5011E-38  4.5011E-38  4.5011E-38  4.5011E-38  4.5011E-38
  4.5011E-38  4.5011E-38  4.5011E-38  4.5011E-38  4.5011E-38
  4.5011E-38  4.5011E-38  4.5011E-38  4.5011E-38  4.5011E-38
  4.5012E-38  4.5012E-38  4.5012E-38  4.5012E-38  4.5012E-38
  4.5012E-38  4.5012E-38  4.5012E-38  4.5012E-38  4.5012E-38
  4.5012E-38  4.5012E-38  4.5012E-38  4.5012E-38  4.5012E-38
  4.5019E-38  4.5019E-38  4.5019E-38  4.5019E-38  4.5019E-38
  4.5040E-38  4.5040E-38  4.5040E-38  4.5040E-38  4.5040E-38
  4.5046E-38  4.5046E-38  4.5046E-38  4.5046E-38  4.5046E-38
  4.5048E-38  4.5048E-38  4.5048E-38  4.5048E-38  4.5048E-38
  4.5048E-38  4.5048E-38  4.5048E-38  4.5048E-38  4.5048E-38
  4.5013E-38  4.5013E-38  4.5013E-38  4.5013E-38  4.5013E-38
  4.5013E-38  4.5013E-38  4.5013E-38  4.5013E-38  4.5013E-38
  4.5012E-38  4.5012E-38  4.5012E-38  4.5012E-38  4.5012E-38
  4.5012E-38  4.5012E-38  4.5012E-38  4.5012E-38  4.5012E-38
  4.5012E-38  4.5012E-38  4.5012E-38  4.5012E-38  4.5012E-38
  4.5011E-38  4.5011E-38  4.5011E-38  4.5011E-38  4.5011E-38
  4.5011E-38  4.5011E-38  4.5011E-38  4.5011E-38  4.5011E-38
  4.5011E-38  4.5011E-38  4.5011E-38  4.5011E-38  4.5011E-38
  4.5011E-38  4.5011E-38  4.5011E-38  4.5011E-38  4.5011E-38
  4.5011E-38  4.5011E-38  4.5011E-38  4.5011E-38  4.5011E-38
  4.5012E-38  4.5012E-38  4.5012E-38  4.5012E-38  4.5012E-38
  4.5012E-38  4.5012E-38  4.5012E-38  4.5012E-38  4.5012E-38
  4.5012E-38  4.5012E-38  4.5012E-38  4.5012E-38  4.5012E-38
  4.5012E-38  4.5012E-38  4.5012E-38  4.5012E-38  4.5012E-38
  4.5027E-38  4.5027E-38  4.5027E-38  4.5027E-38  4.5027E-38
  4.5042E-38  4.5042E-38  4.5042E-38  4.5042E-38  4.5042E-38
  4.5047E-38  4.5047E-38  4.5047E-38  4.5047E-38  4.5047E-38
  4.5048E-38  4.5048E-38  4.5048E-38  4.5048E-38  4.5048E-38
  4.5013E-38  4.5013E-38  4.5013E-38  4.5013E-38  4.5013E-38
  4.5013E-38  4.5013E-38  4.5013E-38  4.5013E-38  4.5013E-38
  4.5013E-38  4.5013E-38  4.5013E-38  4.5013E-38  4.5013E-38
  4.5012E-38  4.5012E-38  4.5012E-38  4.5012E-38  4.5012E-38
  4.5012E-38  4.5012E-38  4.5012E-38  4.5012E-38  4.5012E-38
  4.5011E-38  4.5011E-38  4.5011E-38  4.5011E-38  4.5011E-38
  4.5011E-38  4.5011E-38  4.5011E-38  4.5011E-38  4.5011E-38
  4.5011E-38  4.5011E-38  4.5011E-38  4.5011E-38  4.5011E-38
  4.5011E-38  4.5011E-38  4.5011E-38  4.5011E-38  4.5011E-38
  4.5011E-38  4.5011E-38  4.5011E-38  4.5011E-38  4.5011E-38
  4.5012E-38  4.5012E-38  4.5012E-38  4.5012E-38  4.5012E-38
  4.5012E-38  4.5012E-38  4.5012E-38  4.5012E-38  4.5012E-38
  4.5012E-38  4.5012E-38  4.5012E-38  4.5012E-38  4.5012E-38
  4.5012E-38  4.5012E-38  4.5012E-38  4.5012E-38  4.5012E-38
  4.5016E-38  4.5016E-38  4.5016E-38  4.5016E-38  4.5016E-38
  4.5038E-38  4.5038E-38  4.5038E-38  4.5038E-38  4.5038E-38
  4.5046E-38  4.5046E-38  4.5046E-38  4.5046E-38  4.5046E-38
  4.5048E-38  4.5048E-38  4.5048E-38  4.5048E-38  4.5048E-38
  4.5013E-38  4.5013E-38  4.5013E-38  4.5013E-38  4.5013E-38
  4.5013E-38  4.5013E-38  4.5013E-38  4.5013E-38  4.5013E-38
  4.5013E-38  4.5013E-38  4.5013E-38  4.5013E-38  4.5013E-38
  4.5013E-38  4.5013E-38  4.5013E-38  4.5013E-38  4.5013E-38
  4.5012E-38  4.5012E-38  4.5012E-38  4.5012E-38  4.5012E-38
  4.5012E-38  4.5012E-38  4.5012E-38  4.5012E-38  4.5012E-38
  4.5011E-38  4.5011E-38  4.5011E-38  4.5011E-38  4.5011E-38
  4.5011E-38  4.5011E-38  4.5011E-38  4.5011E-38  4.5011E-38
  4.5011E-38  4.5011E-38  4.5011E-38  4.5011E-38  4.5011E-38
  4.5011E-38  4.5011E-38  4.5011E-38  4.5011E-38  4.5011E-38
  4.5012E-38  4.5012E-38  4.5012E-38  4.5012E-38  4.5012E-38
  4.5012E-38  4.5012E-38  4.5012E-38  4.5012E-38  4.5012E-38
  4.5012E-38  4.5012E-38  4.5012E-38  4.5012E-38  4.5012E-38
  4.5012E-38  4.5012E-38  4.5012E-38  4.5012E-38  4.5012E-38
  4.5012E-38  4.5012E-38  4.5012E-38  4.5012E-38  4.5012E-38
  4.5034E-38  4.5034E-38  4.5034E-38  4.5034E-38  4.5034E-38
  4.5044E-38  4.5044E-38  4.5044E-38  4.5044E-38  4.5044E-38
  4.5047E-38  4.5047E-38  4.5047E-38  4.5047E-38  4.5047E-38
  4.5013E-38  4.5013E-38  4.5013E-38  4.5013E-38  4.5013E-38
  4.5013E-38  4.5013E-38  4.5013E-38  4.5013E-38  4.5013E-38
  4.5013E-38  4.5013E-38  4.5013E-38  4.5013E-38  4.5013E-38
  4.5013E-38  4.5013E-38  4.5013E-38  4.5013E-38  4.5013E-38
  4.5012E-38  4.5012E-38  4.5012E-38  4.5012E-38  4.5012E-38
  4.5012E-38  4.5012E-38  4.5012E-38  4.5012E-38  4.5012E-38
  4.5012E-38  4.5012E-38  4.5012E-38  4.5012E-38  4.5012E-38
  4.5011E-38  4.5011E-38  4.5011E-38  4.5011E-38  4.5011E-38
  4.5011E-38  4.5011E-38  4.5011E-38  4.5011E-38  4.5011E-38
  4.5011E-38  4.5011E-38  4.5011E-38  4.5011E-38  4.5011E-38
  4.5012E-38  4.5012E-38  4.5012E-38  4.5012E-38  4.5012E-38
  4.5012E-38  4.5012E-38  4.5012E-38  4.5012E-38  4.5012E-38
  4.5012E-38  4.5012E-38  4.5012E-38  4.5012E-38  4.5012E-38
  4.5012E-38  4.5012E-38  4.5012E-38  4.5012E-38  4.5012E-38
  4.5012E-38  4.5012E-38  4.5012E-38  4.5012E-38  4.5012E-38
  4.5020E-38  4.5020E-38  4.5020E-38  4.5020E-38  4.5020E-38
  4.5040E-38  4.5040E-38  4.5040E-38  4.5040E-38  4.5040E-38
  4.5046E-38  4.5046E-38  4.5046E-38  4.5046E-38  4.5046E-38
  4.5000E-38  4.5000E-38  4.5000E-38  4.5000E-38  4.5000E-38
  4.5000E-38  4.5000E-38  4.5000E-38  4.5000E-38  4.5000E-38
  4.5000E-38  4.5000E-38  4.5000E-38  4.5000E-38  4.5000E-38
  4.5000E-38  4.5000E-38  4.5000E-38  4.5000E-38  4.5000E-38
  4.5000E-38  4.5000E-38  4.5000E-38  4.5000E-38  4.5000E-38
  4.5000E-38  4.5000E-38  4.5000E-38  4.5000E-38  4.5000E-38
  4.5000E-38  4.5000E-38  4.5000E-38  4.5000E-38  4.5000E-38
  4.5000E-38  4.5000E-38  4.5000E-38  4.5000E-38  4.5000E-38
  4.5000E-38  4.5000E-38  4.5000E-38  4.5000E-38  4.5000E-38
  4.5000E-38  4.5000E-38  4.5000E-38  4.5000E-38  4.5000E-38
  4.5000E-38  4.5000E-38  4.5000E-38  4.5000E-38  4.5000E-38
  4.5000E-38  4.5000E-38  4.5000E-38  4.5000E-38  4.5000E-38
  4.5000E-38  4.5000E-38  4.5000E-38  4.5000E-38  4.5000E-38
  4.5000E-38  4.5000E-38  4.5000E-38  4.5000E-38  4.5000E-38
  4.5000E-38  4.5000E-38  4.5000E-38  4.5000E-38  4.5000E-38
  4.5000E-38  4.5000E-38  4.5000E-38  4.5000E-38  4.5000E-38
  4.5021E-38  4.5021E-38  4.5021E-38  4.5021E-38  4.5021E-38
  4.5032E-38  4.5032E-38  4.5032E-38  4.5032E-38  4.5032E-38
  4.5000E-38  4.5000E-38  4.5000E-38  4.5000E-38  4.5000E-38
  4.5000E-38  4.5000E-38  4.5000E-38  4.5000E-38  4.5000E-38
  4.5000E-38  4.5000E-38  4.5000E-38  4.5000E-38  4.5000E-38
  4.5000E-38  4.5000E-38  4.5000E-38  4.5000E-38  4.5000E-38
  4.5000E-38  4.5000E-38  4.5000E-38  4.5000E-38  4.5000E-38
  4.5000E-38  4.5000E-38  4.5000E-38  4.5000E-38  4.5000E-38
  4.5000E-38  4.5000E-38  4.5000E-38  4.5000E-38  4.5000E-38
  4.5000E-38  4.5000E-38  4.5000E-38  4.5000E-38  4.5000E-38
  4.5000E-38  4.5000E-38  4.5000E-38  4.5000E-38  4.5000E-38
  4.5000E-38  4.5000E-38  4.5000E-38  4.5000E-38  4.5000E-38
  4.5000E-38  4.5000E-38  4.5000E-38  4.5000E-38  4.5000E-38
  4.5000E-38  4.5000E-38  4.5000E-38  4.5000E-38  4.5000E-38
  4.5000E-38  4.5000E-38  4.5000E-38  4.5000E-38  4.5000E-38
  4.5000E-38  4.5000E-38  4.5000E-38  4.5000E-38  4.5000E-38
  4.5000E-38  4.5000E-38  4.5000E-38  4.5000E-38  4.5000E-38
  4.5000E-38  4.5000E-38  4.5000E-38  4.5000E-38  4.5000E-38
  4.5010E-38  4.5010E-38  4.5010E-38  4.5010E-38  4.5010E-38
  4.5028E-38  4.5028E-38  4.5028E-38  4.5028E-38  4.5028E-38
  4.5000E-38  4.5000E-38  4.5000E-38  4.5000E-38  4.5000E-38
  4.5000E-38  4.5000E-38  4.5000E-38  4.5000E-38  4.5000E-38
  4.5000E-38  4.5000E-38  4.5000E-38  4.5000E-38  4.5000E-38
  4.5000E-38  4.5000E-38  4.5000E-38  4.5000E-38  4.5000E-38
  4.5000E-38  4.5000E-38  4.5000E-38  4.5000E-38  4.5000E-38
  4.5000E-38  4.5000E-38  4.5000E-38  4.5000E-38  4.5000E-38
  4.5000E-38  4.5000E-38  4.5000E-38  4.5000E-38  4.5000E-38
  4.5000E-38  4.5000E-38  4.5000E-38  4.5000E-38  4.5000E-38
  4.5000E-38  4.5000E-38  4.5000E-38  4.5000E-38  4.5000E-38
  4.5000E-38  4.5000E-38  4.5000E-38  4.5000E-38  4.5000E-38
  4.5000E-38  4.5000E-38  4.5000E-38  4.5000E-38  4.5000E-38
  4.5000E-38  4.5000E-38  4.5000E-38  4.5000E-38  4.5000E-38
  4.5000E-38  4.5000E-38  4.5000E-38  4.5000E-38  4.5000E-38
  4.5000E-38  4.5000E-38  4.5000E-38  4.5000E-38  4.5000E-38
  4.5000E-38  4.5000E-38  4.5000E-38  4.5000E-38  4.5000E-38
  4.5000E-38  4.5000E-38  4.5000E-38  4.5000E-38  4.5000E-38
  4.5000E-38  4.5000E-38  4.5000E-38  4.5000E-38  4.5000E-38
  4.5022E-38  4.5022E-38  4.5022E-38  4.5022E-38  4.5022E-38
  4.5000E-38  4.5000E-38  4.5000E-38  4.5000E-38  4.5000E-38
  4.5000E-38  4.5000E-38  4.5000E-38  4.5000E-38  4.5000E-38
  4.5000E-38  4.5000E-38  4.5000E-38  4.5000E-38  4.5000E-38
  4.5000E-38  4.5000E-38  4.5000E-38  4.5000E-38  4.5000E-38
  4.5000E-38  4.5000E-38  4.5000E-38  4.5000E-38  4.5000E-38
  4.5000E-38  4.5000E-38  4.5000E-38  4.5000E-38  4.5000E-38
  4.5000E-38  4.5000E-38  4.5000E-38  4.5000E-38  4.5000E-38
  4.5000E-38  4.5000E-38  4.5000E-38  4.5000E-38  4.5000E-38
  4.5000E-38  4.5000E-38  4.5000E-38  4.5000E-38  4.5000E-38
  4.5000E-38  4.5000E-38  4.5000E-38  4.5000E-38  4.5000E-38
  4.5000E-38  4.5000E-38  4.5000E-38  4.5000E-38  4.5000E-38
  4.5000E-38  4.5000E-38  4.5000E-38  4.5000E-38  4.5000E-38
  4.5000E-38  4.5000E-38  4.5000E-38  4.5000E-38  4.5000E-38
  4.5000E-38  4.5000E-38  4.5000E-38  4.5000E-38  4.5000E-38
  4.5000E-38  4.5000E-38  4.5000E-38  4.5000E-38  4.5000E-38
  4.5000E-38  4.5000E-38  4.5000E-38  4.5000E-38  4.5000E-38
  4.5000E-38  4.5000E-38  4.5000E-38  4.5000E-38  4.5000E-38
  4.5012E-38  4.5012E-38  4.5012E-38  4.5012E-38  4.5012E-38
  4.5000E-38  4.5000E-38  4.5000E-38  4.5000E-38  4.5000E-38
  4.5000E-38  4.5000E-38  4.5000E-38  4.5000E-38  4.5000E-38
  4.5000E-38  4.5000E-38  4.5000E-38  4.5000E-38  4.5000E-38
  4.5000E-38  4.5000E-38  4.5000E-38  4.5000E-38  4.5000E-38
  4.5000E-38  4.5000E-38  4.5000E-38  4.5000E-38  4.5000E-38
  4.5000E-38  4.5000E-38  4.5000E-38  4.5000E-38  4.5000E-38
  4.5000E-38  4.5000E-38  4.5000E-38  4.5000E-38  4.5000E-38
  4.5000E-38  4.5000E-38  4.5000E-38  4.5000E-38  4.5000E-38
  4.5000E-38  4.5000E-38  4.5000E-38  4.5000E-38  4.5000E-38
  4.5000E-38  4.5000E-38  4.5000E-38  4.5000E-38  4.5000E-38
  4.5000E-38  4.5000E-38  4.5000E-38  4.5000E-38  4.5000E-38
  4.5000E-38  4.5000E-38  4.5000E-38  4.5000E-38  4.5000E-38
  4.5000E-38  4.5000E-38  4.5000E-38  4.5000E-38  4.5000E-38
  4.5000E-38  4.5000E-38  4.5000E-38  4.5000E-38  4.5000E-38
  4.5000E-38  4.5000E-38  4.5000E-38  4.5000E-38  4.5000E-38
  4.5000E-38  4.5000E-38  4.5000E-38  4.5000E-38  4.5000E-38
  4.5000E-38  4.5000E-38  4.5000E-38  4.5000E-38  4.5000E-38
  4.5000E-38  4.5000E-38  4.5000E-38  4.5000E-38  4.5000E-38
  4.5000E-38  4.5000E-38  4.5000E-38  4.5000E-38  4.5000E-38
  4.5000E-38  4.5000E-38  4.5000E-38  4.5000E-38  4.5000E-38
  4.5000E-38  4.5000E-38  4.5000E-38  4.5000E-38  4.5000E-38
  4.5000E-38  4.5000E-38  4.5000E-38  4.5000E-38  4.5000E-38
  4.5000E-38  4.5000E-38  4.5000E-38  4.5000E-38  4.5000E-38
  4.5000E-38  4.5000E-38  4.5000E-38  4.5000E-38  4.5000E-38
  4.5000E-38  4.5000E-38  4.5000E-38  4.5000E-38  4.5000E-38
  4.5000E-38  4.5000E-38  4.5000E-38  4.5000E-38  4.5000E-38
  4.5000E-38  4.5000E-38  4.5000E-38  4.5000E-38  4.5000E-38
  4.5000E-38  4.5000E-38  4.5000E-38  4.5000E-38  4.5000E-38
  4.5000E-38  4.5000E-38  4.5000E-38  4.5000E-38  4.5000E-38
  4.5000E-38  4.5000E-38  4.5000E-38  4.5000E-38  4.5000E-38
  4.5000E-38  4.5000E-38  4.5000E-38  4.5000E-38  4.5000E-38
  4.5000E-38  4.5000E-38  4.5000E-38  4.5000E-38  4.5000E-38
  4.5000E-38  4.5000E-38  4.5000E-38  4.5000E-38  4.5000E-38
  4.5000E-38  4.5000E-38  4.5000E-38  4.5000E-38  4.5000E-38
  4.5000E-38  4.5000E-38  4.5000E-38  4.5000E-38  4.5000E-38
  4.5000E-38  4.5000E-38  4.5000E-38  4.5000E-38  4.5000E-38
  4.5000E-38  4.5000E-38  4.5000E-38  4.5000E-38  4.5000E-38
  4.5000E-38  4.5000E-38  4.5000E-38  4.5000E-38  4.5000E-38
  4.5000E-38  4.5000E-38  4.5000E-38  4.5000E-38  4.5000E-38
  4.5000E-38  4.5000E-38  4.5000E-38  4.5000E-38  4.5000E-38
  4.5000E-38  4.5000E-38  4.5000E-38  4.5000E-38  4.5000E-38
  4.5000E-38  4.5000E-38  4.5000E-38  4.5000E-38  4.5000E-38
  4.5000E-38  4.5000E-38  4.5000E-38  4.5000E-38  4.5000E-38
  4.5000E-38  4.5000E-38  4.5000E-38  4.5000E-38  4.5000E-38
  4.5000E-38  4.5000E-38  4.5000E-38  4.5000E-38  4.5000E-38
  4.5000E-38  4.5000E-38  4.5000E-38  4.5000E-38  4.5000E-38
  4.5000E-38  4.5000E-38  4.5000E-38  4.5000E-38  4.5000E-38
  4.5000E-38  4.5000E-38  4.5000E-38  4.5000E-38  4.5000E-38
  4.5000E-38  4.5000E-38  4.5000E-38  4.5000E-38  4.5000E-38
  4.5000E-38  4.5000E-38  4.5000E-38  4.5000E-38  4.5000E-38
  4.5000E-38  4.5000E-38  4.5000E-38  4.5000E-38  4.5000E-38
  4.5000E-38  4.5000E-38  4.5000E-38  4.5000E-38  4.5000E-38
  4.5000E-38  4.5000E-38  4.5000E-38  4.5000E-38  4.5000E-38
  4.5000E-38  4.5000E-38  4.5000E-38  4.5000E-38  4.5000E-38
  4.5005E-38  1.2708E-21  8.4191E-31  9.8927E-30  4.1717E-30
  4.5005E-38  4.2361E-22  1.4673E-31  1.7241E-30  7.2706E-31
  4.5005E-38  1.2709E-22  2.2558E-32  2.6506E-31  1.1177E-31
  4.5005E-38  4.2364E-23  4.1882E-33  4.9213E-32  2.0753E-32
  4.5005E-38  1.2710E-23  6.7266E-34  7.9040E-33  3.3331E-33
  4.5006E-38  4.2365E-24  1.2793E-34  1.5032E-33  6.3387E-34
  4.5006E-38  1.2710E-24  2.0864E-35  2.4516E-34  1.0338E-34
  4.5006E-38  4.2363E-25  3.9998E-36  4.6998E-35  1.9819E-35
  4.5005E-38  1.2709E-25  6.5563E-37  7.7038E-36  3.2487E-36
  4.5006E-38  4.2361E-26  1.2603E-37  1.4808E-36  6.2444E-37
  4.5006E-38  1.2709E-26  4.5006E-38  2.4313E-37  1.0253E-37
  4.5006E-38  4.2361E-27  4.5006E-38  4.6774E-38  4.5006E-38
  4.5006E-38  1.2709E-27  4.5006E-38  4.5006E-38  4.5006E-38
  4.5006E-38  4.2361E-28  4.5006E-38  4.5006E-38  4.5006E-38
  4.5006E-38  1.2709E-28  4.5006E-38  4.5006E-38  4.5006E-38
  4.5006E-38  4.2361E-29  4.5006E-38  4.5006E-38  4.5006E-38
  4.5006E-38  1.2709E-29  4.5006E-38  4.5006E-38  4.5006E-38
  4.5006E-38  4.2361E-30  4.5006E-38  4.5006E-38  4.5006E-38
  2.1014E-35  1.7410E-19  2.9772E-27  2.9596E-26  1.1039E-26
  4.0441E-36  5.8039E-20  4.4006E-28  4.3746E-27  1.9320E-27
  6.6452E-37  1.7414E-20  5.8818E-29  5.8470E-28  2.5822E-28
  1.2789E-37  5.8051E-21  9.9903E-30  9.9313E-29  4.3859E-29
  4.5005E-38  1.7416E-21  1.5066E-30  1.4977E-29  6.6144E-30
  4.5005E-38  5.8057E-22  2.7665E-31  2.7501E-30  1.2145E-30
  4.5006E-38  1.7417E-22  4.4108E-32  4.3847E-31  1.9364E-31
  4.5005E-38  5.8058E-23  8.3553E-33  8.3059E-32  3.6681E-32
  4.5006E-38  1.7417E-23  1.3594E-33  1.3513E-32  5.9677E-33
  4.5005E-38  5.8054E-24  2.6026E-34  2.5872E-33  1.1426E-33
  4.5006E-38  1.7416E-24  4.2629E-35  4.2378E-34  1.8715E-34
  4.5006E-38  5.8054E-25  8.1908E-36  8.1424E-35  3.5959E-35
  4.5006E-38  1.7416E-25  1.3446E-36  1.3366E-35  5.9028E-36
  4.5006E-38  5.8054E-26  2.5862E-37  2.5709E-36  1.1354E-36
  4.5006E-38  1.7416E-26  4.5006E-38  4.2231E-37  1.8650E-37
  4.5006E-38  5.8054E-27  4.5006E-38  8.1261E-38  4.5006E-38
  4.5006E-38  1.7416E-27  4.5006E-38  4.5006E-38  4.5006E-38
  4.5006E-38  5.8054E-28  4.5006E-38  4.5006E-38  4.5006E-38
  5.7100E-32  1.3710E-17  6.2865E-24  5.3852E-23  9.3379E-25
  1.0989E-32  4.5703E-18  7.9403E-25  6.8018E-24  3.5383E-25
  1.8057E-33  1.3713E-18  8.8258E-26  7.5603E-25  1.3110E-25
  3.4750E-34  4.5714E-19  1.2827E-26  1.0987E-25  5.0540E-26
  5.7100E-35  1.3716E-19  1.6854E-27  1.4437E-26  6.6408E-27
  1.0989E-35  4.5724E-20  2.8275E-28  2.4221E-27  1.1141E-27
  1.8056E-36  1.3718E-20  4.2237E-29  3.6180E-28  1.6642E-28
  3.4749E-37  4.5729E-21  7.7122E-30  6.6064E-29  3.0388E-29
  5.7096E-38  1.3719E-21  1.2250E-30  1.0493E-29  4.8266E-30
  4.5005E-38  4.5726E-22  2.3157E-31  1.9836E-30  9.1241E-31
  4.5006E-38  1.3718E-22  3.7626E-32  3.2231E-31  1.4826E-31
  4.5006E-38  4.5726E-23  7.1995E-33  6.1673E-32  2.8368E-32
  4.5006E-38  1.3718E-23  1.1787E-33  1.0097E-32  4.6447E-33
  4.5006E-38  4.5727E-24  2.2644E-34  1.9397E-33  8.9222E-34
  4.5006E-38  1.3718E-24  3.7166E-35  3.1837E-34  1.4644E-34
  4.5006E-38  4.5727E-25  7.1484E-36  6.1234E-35  2.8166E-35
  4.5006E-38  1.3718E-25  1.1741E-36  1.0058E-35  4.6265E-36
  4.5006E-38  4.5727E-26  2.2593E-37  1.9353E-36  8.9021E-37
  6.7199E-29  6.7754E-16  7.2731E-21  5.2160E-20  6.1072E-23
  1.2933E-29  2.2586E-16  8.4878E-22  6.3633E-21  2.1382E-23
  2.1250E-30  6.7761E-17  8.3541E-23  6.2631E-22  7.0151E-24
  4.0896E-31  2.2589E-17  1.0568E-23  7.9231E-23  2.6623E-24
  6.7198E-32  6.7775E-18  1.1772E-24  8.8256E-24  9.8852E-25
  1.2933E-32  2.2595E-18  1.7145E-25  1.2854E-24  4.3191E-25
  2.1250E-33  6.7792E-19  2.2578E-26  1.6927E-25  8.0721E-26
  4.0895E-34  2.2599E-19  3.7940E-27  2.8444E-26  1.3564E-26
  6.7195E-35  6.7802E-20  5.6743E-28  4.2540E-27  2.0287E-27
  1.2931E-35  2.2601E-20  1.0368E-28  7.7732E-28  3.7069E-28
  2.1247E-36  6.7800E-21  1.6476E-29  1.2352E-28  5.8905E-29
  4.0888E-37  2.2600E-21  3.1157E-30  2.3358E-29  1.1139E-29
  6.7185E-38  6.7801E-22  5.0636E-31  3.7962E-30  1.8103E-30
  4.5006E-38  2.2601E-22  9.6898E-32  7.2644E-31  3.4642E-31
  4.5006E-38  6.7801E-23  1.5866E-32  1.1894E-31  5.6724E-32
  4.5006E-38  2.2601E-23  3.0479E-33  2.2850E-32  1.0896E-32
  4.5006E-38  6.7802E-24  5.0026E-34  3.7505E-33  1.7885E-33
  4.5006E-38  2.2601E-24  9.6220E-35  7.2136E-34  3.4400E-34
  3.8837E-26  2.2544E-14  4.4407E-18  2.0077E-18  2.8240E-21
  7.4731E-27  7.5141E-15  5.0272E-19  6.8192E-19  9.5919E-22
  1.2280E-27  2.2543E-15  4.6896E-20  2.1205E-19  2.9826E-22
  2.3632E-28  7.5146E-16  5.5078E-21  3.6618E-20  1.0509E-22
  3.8831E-29  2.2546E-16  5.4793E-22  3.6429E-21  3.4848E-23
  7.4730E-30  7.5158E-17  7.0274E-23  4.6722E-22  1.3409E-23
  1.2279E-30  2.2551E-17  7.9760E-24  5.3028E-23  5.0727E-24
  2.3632E-31  7.5177E-18  1.1831E-24  7.8661E-24  2.2575E-24
  3.8830E-32  2.2556E-18  1.5869E-25  1.0550E-24  5.1959E-25
  7.4725E-33  7.5189E-19  2.7019E-26  1.7963E-25  8.8469E-26
  1.2277E-33  2.2557E-19  4.0821E-27  2.7139E-26  1.3367E-26
  2.3627E-34  7.5192E-20  7.5038E-28  4.9889E-27  2.4570E-27
  3.8824E-35  2.2558E-20  1.1972E-28  7.9600E-28  3.9202E-28
  7.4716E-36  7.5194E-21  2.2690E-29  1.5085E-28  7.4292E-29
  1.2278E-36  2.2559E-21  3.6926E-30  2.4550E-29  1.2090E-29
  2.3627E-37  7.5195E-22  7.0711E-31  4.7012E-30  2.3153E-30
  4.5006E-38  2.2559E-22  1.1583E-31  7.7010E-31  3.7927E-31
  4.5006E-38  7.5195E-23  2.2257E-32  1.4797E-31  7.2875E-32
  2.6549E-19  1.2987E-10  1.1980E-11  1.8086E-14  4.0081E-17
  5.1127E-20  4.3285E-11  3.9998E-12  6.0385E-15  1.3382E-17
  8.3999E-21  1.2981E-11  3.6951E-13  1.8167E-15  4.0259E-18
  1.6162E-21  4.3257E-12  4.1239E-14  6.0846E-16  1.3484E-18
  2.6556E-22  1.2977E-12  3.7474E-15  1.8432E-16  4.0846E-19
  5.1110E-23  4.3254E-13  4.2295E-16  6.2411E-17  1.3831E-19
  8.3986E-24  1.2977E-13  3.9222E-17  1.9292E-17  4.2750E-20
  1.6163E-24  4.3257E-14  4.5659E-18  6.7374E-18  1.4930E-20
  2.6559E-25  1.2978E-14  4.4747E-19  2.2010E-18  4.8774E-21
  5.1113E-26  4.3263E-15  5.6292E-20  2.7778E-19  1.8407E-21
  8.3985E-27  1.2981E-15  6.2216E-21  3.0701E-20  6.7815E-22
  1.6162E-27  4.3271E-16  8.9900E-22  4.4361E-21  2.9399E-22
  2.6555E-28  1.2983E-16  1.1743E-22  5.7947E-22  1.2802E-22
  5.1105E-29  4.3278E-17  1.9616E-23  9.6797E-23  5.1577E-23
  8.3973E-30  1.2985E-17  2.9204E-24  1.4411E-23  7.6786E-24
  1.6161E-30  4.3283E-18  5.3220E-25  2.6261E-24  1.3993E-24
  2.6555E-31  1.2986E-18  8.4419E-26  4.1657E-25  2.2197E-25
  5.1104E-32  4.3285E-19  1.5948E-26  7.8697E-26  4.1932E-26
  5.2861E-15  9.8014E-08  1.0887E-08  1.6829E-11  5.4750E-14
  1.7633E-15  3.2695E-08  4.0132E-09  6.1671E-12  1.9628E-14
  5.2913E-16  9.8109E-09  1.2556E-09  1.9250E-12  6.0744E-15
  1.7638E-16  3.2703E-09  4.2418E-10  6.4988E-13  2.0455E-15
  4.6401E-17  9.8084E-10  1.2800E-10  1.9604E-13  6.1646E-16
  8.9549E-18  3.2683E-10  4.2809E-11  6.5565E-14  2.0612E-16
  1.4742E-18  9.8038E-11  7.4084E-12  1.9771E-14  6.2149E-17
  2.8400E-19  3.2679E-11  8.2949E-13  6.6415E-15  2.0877E-17
  4.6698E-20  9.8038E-12  7.5760E-14  2.0219E-15  6.3557E-18
  8.9900E-21  3.2680E-12  8.6165E-15  6.8991E-16  2.1686E-18
  1.4775E-21  9.8043E-13  8.1043E-16  2.1630E-16  6.7989E-19
  2.8437E-22  3.2682E-13  9.6328E-17  7.7131E-17  2.4244E-19
  4.6726E-23  9.8050E-14  9.7736E-18  2.6087E-17  8.1999E-20
  8.9922E-24  3.2686E-14  1.2846E-18  5.0377E-18  3.2332E-20
  1.4776E-24  9.8068E-15  1.5053E-19  5.9034E-19  1.2630E-20
  2.8435E-25  3.2693E-15  2.3005E-20  9.0223E-20  5.7906E-21
  4.6725E-26  9.8091E-16  3.1746E-21  1.2451E-20  2.6636E-21
  8.9922E-27  3.2699E-16  5.5130E-22  2.1621E-21  1.2231E-21
  6.1974E-13  3.5150E-06  1.2419E-07  2.1363E-10  1.5282E-12
  4.2379E-13  3.5149E-06  1.2412E-07  2.1353E-10  1.5270E-12
  2.3594E-13  1.8005E-06  9.3347E-08  1.5634E-10  9.3644E-13
  1.2530E-13  6.0733E-07  5.1911E-08  8.3931E-11  4.1697E-13
  5.9904E-14  1.8300E-07  2.2703E-08  3.5828E-11  1.5987E-13
  1.9993E-14  6.1078E-08  9.1476E-09  1.4277E-11  6.0926E-14
  5.9991E-15  1.8326E-08  3.0060E-09  4.6682E-12  1.9541E-14
  1.9993E-15  6.1077E-09  1.0342E-09  1.6034E-12  6.6714E-15
  5.9977E-16  1.8322E-09  3.1499E-10  4.8802E-13  2.0260E-15
  1.2556E-16  6.1075E-10  1.0597E-10  1.6415E-13  6.8100E-16
  2.0729E-17  1.8322E-10  1.1390E-11  4.9863E-14  2.0682E-16
  3.9991E-18  6.1077E-11  1.2876E-12  1.6912E-14  7.0145E-17
  6.5808E-19  1.8323E-11  1.1971E-13  5.2419E-15  2.1741E-17
  1.2674E-19  6.1076E-12  1.3991E-14  1.8379E-15  7.6224E-18
  2.0833E-20  1.8323E-12  1.3804E-15  6.0446E-16  2.5069E-18
  4.0103E-21  6.1084E-13  1.7517E-16  2.3014E-16  9.5447E-19
  6.5904E-22  1.8327E-13  1.9599E-17  6.4062E-17  3.5596E-19
  1.2684E-22  6.1099E-14  2.8672E-18  9.3713E-18  1.5622E-19
  4.3127E-12  3.5060E-06  1.3512E-07  2.3571E-10  2.2396E-12
  3.8579E-12  3.5053E-06  1.3492E-07  2.3533E-10  2.2331E-12
  3.2176E-12  3.5049E-06  1.3476E-07  2.3506E-10  2.2285E-12
  2.5535E-12  3.5046E-06  1.3463E-07  2.3484E-10  2.2250E-12
  1.8407E-12  3.5042E-06  1.3444E-07  2.3458E-10  2.2207E-12
  1.2895E-12  3.5038E-06  1.3418E-07  2.3421E-10  2.2150E-12
  6.5334E-13  1.2426E-06  8.6636E-08  1.4533E-10  1.0483E-12
  3.3222E-13  4.1759E-07  4.6940E-08  7.6264E-11  4.6450E-13
  1.5027E-13  1.2561E-07  1.9939E-08  3.1718E-11  1.7556E-13
  5.9657E-14  4.1904E-08  7.9046E-09  1.2451E-11  6.6291E-14
  1.7903E-14  1.2576E-08  2.5883E-09  4.0573E-12  2.1249E-14
  5.9682E-15  4.1921E-09  8.9346E-10  1.3982E-12  7.2838E-15
  1.4831E-15  1.2577E-09  2.7020E-10  4.2872E-13  2.2292E-15
  2.8821E-16  4.1923E-10  3.0669E-11  1.4611E-13  7.5929E-16
  4.7641E-17  1.2577E-10  2.8509E-12  4.5295E-14  2.3533E-16
  9.1962E-18  4.1923E-11  3.3280E-13  1.5864E-14  8.2418E-17
  1.5139E-18  1.2578E-11  3.2766E-14  5.2069E-15  2.7050E-17
  2.9162E-19  4.1929E-12  4.1468E-15  1.9770E-15  1.0270E-17
  1.6553E-11  3.5282E-06  1.5556E-07  2.7728E-10  3.7957E-12
  1.5312E-11  3.5150E-06  1.5175E-07  2.6964E-10  3.5859E-12
  1.4340E-11  3.5057E-06  1.4918E-07  2.6453E-10  3.4520E-12
  1.3544E-11  3.5006E-06  1.4779E-07  2.6176E-10  3.3817E-12
  1.2540E-11  3.4973E-06  1.4686E-07  2.5996E-10  3.3367E-12
  1.1348E-11  3.4954E-06  1.4633E-07  2.5894E-10  3.3118E-12
  9.6573E-12  3.4941E-06  1.4589E-07  2.5816E-10  3.2930E-12
  7.8221E-12  3.4931E-06  1.4548E-07  2.5750E-10  3.2778E-12
  5.6415E-12  3.4920E-06  1.4477E-07  2.5646E-10  3.2542E-12
  3.6373E-12  3.4900E-06  1.4309E-07  2.5408E-10  3.2012E-12
  1.6336E-12  1.1372E-06  9.0321E-08  1.5421E-10  1.4360E-12
  8.3234E-13  3.8199E-07  4.9553E-08  8.1956E-11  6.4164E-13
  3.9385E-13  1.1492E-07  2.1602E-08  3.4905E-11  2.4748E-13
  1.8764E-13  3.8343E-08  8.8025E-09  1.4055E-11  9.5619E-14
  7.6394E-14  1.1506E-08  2.9618E-09  4.6989E-12  3.1389E-14
  2.6630E-14  3.8358E-09  1.0453E-09  1.6539E-12  1.0982E-14
  5.8162E-15  1.1507E-09  1.1315E-10  5.2475E-13  3.4763E-15
  1.1365E-15  3.8362E-10  1.3204E-11  1.8399E-13  1.2181E-15
  1.0598E-10  3.6539E-06  2.0785E-07  3.8776E-10  1.0321E-11
  7.5829E-11  3.6237E-06  1.9628E-07  3.6272E-10  8.4126E-12
  5.6468E-11  3.5884E-06  1.8405E-07  3.3674E-10  6.8850E-12
  4.6097E-11  3.5584E-06  1.7466E-07  3.1715E-10  5.9511E-12
  3.9252E-11  3.5319E-06  1.6699E-07  3.0136E-10  5.3033E-12
  3.5275E-11  3.5145E-06  1.6224E-07  2.9169E-10  4.9446E-12
  3.2064E-11  3.5018E-06  1.5890E-07  2.8495E-10  4.7105E-12
  2.9370E-11  3.4946E-06  1.5699E-07  2.8117E-10  4.5842E-12
  2.6014E-11  3.4895E-06  1.5563E-07  2.7853E-10  4.4986E-12
  2.2087E-11  3.4864E-06  1.5464E-07  2.7676E-10  4.4430E-12
  1.5981E-11  3.4834E-06  1.5310E-07  2.7434E-10  4.3699E-12
  9.9839E-12  3.4784E-06  1.5015E-07  2.6993E-10  4.2426E-12
  5.8895E-12  3.4683E-06  1.4510E-07  2.6241E-10  4.0358E-12
  3.2158E-12  1.3694E-06  1.0139E-07  1.7788E-10  2.1205E-12
  1.6142E-12  4.1482E-07  5.4682E-08  9.2511E-11  8.9733E-13
  8.4001E-13  1.3869E-07  2.6692E-08  4.4068E-11  3.8626E-13
  3.8991E-13  4.1653E-08  1.0523E-08  1.7080E-11  1.4196E-13
  1.8148E-13  1.3890E-08  4.0874E-09  6.5749E-12  5.3539E-14
  9.3724E-10  3.7172E-06  2.3715E-07  4.5213E-10  1.9148E-11
  6.2766E-10  3.7087E-06  2.3358E-07  4.4469E-10  1.8191E-11
  3.9673E-10  3.6938E-06  2.2748E-07  4.3134E-10  1.6224E-11
  2.6320E-10  3.6737E-06  2.1963E-07  4.1400E-10  1.3971E-11
  1.7381E-10  3.6442E-06  2.0885E-07  3.9038E-10  1.1510E-11
  1.2484E-10  3.6121E-06  1.9810E-07  3.6716E-10  9.6177E-12
  9.2085E-11  3.5757E-06  1.8699E-07  3.4355E-10  8.0785E-12
  7.2953E-11  3.5460E-06  1.7863E-07  3.2607E-10  7.1263E-12
  5.7953E-11  3.5204E-06  1.7188E-07  3.1215E-10  6.4592E-12
  4.6603E-11  3.5037E-06  1.6766E-07  3.0360E-10  6.0838E-12
  3.4450E-11  3.4915E-06  1.6452E-07  2.9739E-10  5.8270E-12
  2.1761E-11  3.4835E-06  1.6212E-07  2.9297E-10  5.6542E-12
  1.0442E-11  3.4745E-06  1.5850E-07  2.8704E-10  5.4357E-12
  5.7271E-12  3.4629E-06  1.5393E-07  2.7983E-10  5.1871E-12
  3.2020E-12  3.4440E-06  1.4697E-07  2.6900E-10  4.8365E-12
  1.8692E-12  2.5023E-06  1.2643E-07  2.3084E-10  3.7040E-12
  1.0052E-12  7.6363E-07  7.5293E-08  1.3262E-10  1.6474E-12
  5.6779E-13  2.5591E-07  4.0156E-08  6.8661E-11  7.4234E-13
  2.7886E-09  3.7271E-06  2.4060E-07  4.5141E-10  1.6023E-11
  2.4067E-09  3.7259E-06  2.4063E-07  4.5577E-10  1.8292E-11
  1.9054E-09  3.7230E-06  2.3981E-07  4.5662E-10  1.9710E-11
  1.4362E-09  3.7182E-06  2.3812E-07  4.5417E-10  1.9993E-11
  9.8702E-10  3.7091E-06  2.3483E-07  4.4755E-10  1.9259E-11
  6.7485E-10  3.6960E-06  2.3005E-07  4.3721E-10  1.7772E-11
  4.4008E-10  3.6745E-06  2.2249E-07  4.2057E-10  1.5542E-11
  3.0285E-10  3.6476E-06  2.1359E-07  4.0107E-10  1.3347E-11
  2.0923E-10  3.6119E-06  2.0262E-07  3.7734E-10  1.1183E-11
  1.5599E-10  3.5775E-06  1.9287E-07  3.5654E-10  9.6397E-12
  1.1739E-10  3.5428E-06  1.8377E-07  3.3748E-10  8.4439E-12
  9.0290E-11  3.5172E-06  1.7737E-07  3.2433E-10  7.7192E-12
  5.9091E-11  3.4956E-06  1.7181E-07  3.1341E-10  7.1735E-12
  3.3751E-11  3.4783E-06  1.6673E-07  3.0425E-10  6.7557E-12
  1.9016E-11  3.4576E-06  1.6058E-07  2.9382E-10  6.3213E-12
  1.1630E-11  3.4333E-06  1.5357E-07  2.8235E-10  5.8825E-12
  6.6742E-12  3.3925E-06  1.4255E-07  2.6448E-10  5.2578E-12
  3.9311E-12  2.7654E-06  1.2279E-07  2.2920E-10  4.1484E-12
  3.4448E-09  3.7271E-06  2.3442E-07  4.0483E-10  8.2070E-12
  3.3454E-09  3.7275E-06  2.3781E-07  4.2895E-10  1.1389E-11
  3.1667E-09  3.7273E-06  2.3976E-07  4.4475E-10  1.4883E-11
  2.9288E-09  3.7267E-06  2.4051E-07  4.5266E-10  1.7555E-11
  2.5558E-09  3.7248E-06  2.4044E-07  4.5647E-10  1.9551E-11
  2.1278E-09  3.7214E-06  2.3957E-07  4.5657E-10  2.0438E-11
  1.6166E-09  3.7148E-06  2.3750E-07  4.5317E-10  2.0431E-11
  1.1830E-09  3.7049E-06  2.3423E-07  4.4646E-10  1.9602E-11
  8.0275E-10  3.6877E-06  2.2866E-07  4.3436E-10  1.7928E-11
  5.5505E-10  3.6648E-06  2.2151E-07  4.1871E-10  1.5943E-11
  3.7489E-10  3.6316E-06  2.1176E-07  3.9751E-10  1.3666E-11
  2.6869E-10  3.5963E-06  2.0212E-07  3.7678E-10  1.1820E-11
  1.8728E-10  3.5568E-06  1.9201E-07  3.5554E-10  1.0238E-11
  1.2228E-10  3.5233E-06  1.8364E-07  3.3860E-10  9.1563E-12
  6.9314E-11  3.4885E-06  1.7487E-07  3.2189E-10  8.2268E-12
  4.3347E-11  3.4560E-06  1.6712E-07  3.0788E-10  7.5406E-12
  2.6036E-11  3.4130E-06  1.5741E-07  2.9114E-10  6.8119E-12
  1.5947E-11  3.3564E-06  1.4563E-07  2.7132E-10  6.0415E-12
  3.5551E-09  3.7203E-06  2.0825E-07  2.8474E-10  3.1190E-12
  3.5363E-09  3.7241E-06  2.2224E-07  3.4401E-10  5.0630E-12
  3.4958E-09  3.7263E-06  2.3132E-07  3.9178E-10  7.9755E-12
  3.4301E-09  3.7271E-06  2.3603E-07  4.2063E-10  1.1155E-11
  3.3078E-09  3.7272E-06  2.3887E-07  4.4004E-10  1.4694E-11
  3.1277E-09  3.7266E-06  2.4010E-07  4.5009E-10  1.7453E-11
  2.8515E-09  3.7252E-06  2.4044E-07  4.5560E-10  1.9598E-11
  2.4961E-09  3.7222E-06  2.3994E-07  4.5693E-10  2.0673E-11
  2.0230E-09  3.7163E-06  2.3838E-07  4.5494E-10  2.0940E-11
  1.5628E-09  3.7072E-06  2.3572E-07  4.4976E-10  2.0418E-11
  1.1068E-09  3.6911E-06  2.3100E-07  4.3971E-10  1.9092E-11
  7.7957E-10  3.6690E-06  2.2471E-07  4.2604E-10  1.7347E-11
  5.2192E-10  3.6359E-06  2.1570E-07  4.0654E-10  1.5161E-11
  3.4903E-10  3.5982E-06  2.0606E-07  3.8607E-10  1.3221E-11
  2.0021E-10  3.5511E-06  1.9444E-07  3.6230E-10  1.1342E-11
  1.2005E-10  3.5037E-06  1.8358E-07  3.4104E-10  9.9380E-12
  7.3072E-11  3.4463E-06  1.7192E-07  3.1915E-10  8.7143E-12
  4.6134E-11  3.3815E-06  1.6010E-07  2.9798E-10  7.7004E-12
  3.5561E-09  3.6942E-06  1.4074E-07  1.3142E-10  1.0081E-12
  3.5624E-09  3.7094E-06  1.7667E-07  2.0148E-10  1.8778E-12
  3.5582E-09  3.7185E-06  2.0392E-07  2.7931E-10  3.4243E-12
  3.5430E-09  3.7230E-06  2.1955E-07  3.3992E-10  5.5248E-12
  3.5086E-09  3.7256E-06  2.2978E-07  3.8907E-10  8.5956E-12
  3.4519E-09  3.7267E-06  2.3512E-07  4.1890E-10  1.1846E-11
  3.3451E-09  3.7269E-06  2.3835E-07  4.3903E-10  1.5345E-11
  3.1855E-09  3.7262E-06  2.3980E-07  4.4950E-10  1.7990E-11
  2.9294E-09  3.7245E-06  2.4028E-07  4.5528E-10  1.9997E-11
  2.6138E-09  3.7212E-06  2.3987E-07  4.5680E-10  2.0986E-11
  2.1661E-09  3.7146E-06  2.3834E-07  4.5498E-10  2.1229E-11
  1.7127E-09  3.7042E-06  2.3571E-07  4.4995E-10  2.0749E-11
  1.2339E-09  3.6859E-06  2.3101E-07  4.4005E-10  1.9515E-11
  8.6052E-10  3.6605E-06  2.2461E-07  4.2637E-10  1.7854E-11
  5.1549E-10  3.6206E-06  2.1483E-07  4.0583E-10  1.5648E-11
  2.9365E-10  3.5709E-06  2.0327E-07  3.8226E-10  1.3522E-11
  1.7007E-10  3.5014E-06  1.8915E-07  3.5433E-10  1.1453E-11
  1.0746E-10  3.4222E-06  1.7536E-07  3.2802E-10  9.8533E-12
  3.4982E-09  3.6027E-06  5.5000E-08  3.8491E-11  2.7328E-13
  3.5353E-09  3.6599E-06  9.5768E-08  7.7840E-11  6.0053E-13
  3.5553E-09  3.6926E-06  1.4316E-07  1.4305E-10  1.2877E-12
  3.5608E-09  3.7085E-06  1.7836E-07  2.1466E-10  2.3647E-12
  3.5552E-09  3.7180E-06  2.0493E-07  2.9160E-10  4.2181E-12
  3.5377E-09  3.7227E-06  2.2016E-07  3.4974E-10  6.6391E-12
  3.4992E-09  3.7253E-06  2.3009E-07  3.9577E-10  9.9849E-12
  3.4361E-09  3.7262E-06  2.3528E-07  4.2321E-10  1.3296E-11
  3.3180E-09  3.7261E-06  2.3836E-07  4.4144E-10  1.6613E-11
  3.1433E-09  3.7250E-06  2.3969E-07  4.5073E-10  1.8953E-11
  2.8563E-09  3.7221E-06  2.3998E-07  4.5550E-10  2.0605E-11
  2.5375E-09  3.7172E-06  2.3934E-07  4.5622E-10  2.1328E-11
  2.0767E-09  3.7074E-06  2.3740E-07  4.5338E-10  2.1348E-11
  1.6204E-09  3.6925E-06  2.3421E-07  4.4713E-10  2.0716E-11
  1.0948E-09  3.6656E-06  2.2833E-07  4.3505E-10  1.9320E-11
  6.4937E-10  3.6263E-06  2.1972E-07  4.1744E-10  1.7405E-11
  3.5547E-10  3.5602E-06  2.0643E-07  3.9074E-10  1.4918E-11
  2.1917E-10  3.4747E-06  1.9176E-07  3.6181E-10  1.2705E-11
  3.3333E-09  3.3058E-06  1.5856E-08  1.0471E-11  7.9325E-14
  3.4414E-09  3.4984E-06  3.2902E-08  2.2877E-11  1.7749E-13
  3.5080E-09  3.6121E-06  6.7036E-08  5.2066E-11  4.2811E-13
  3.5398E-09  3.6653E-06  1.0934E-07  9.9230E-11  9.0255E-13
  3.5552E-09  3.6955E-06  1.5466E-07  1.7112E-10  1.8557E-12
  3.5564E-09  3.7101E-06  1.8664E-07  2.4409E-10  3.2874E-12
  3.5444E-09  3.7187E-06  2.1011E-07  3.1712E-10  5.6328E-12
  3.5180E-09  3.7228E-06  2.2331E-07  3.6913E-10  8.4808E-12
  3.4632E-09  3.7249E-06  2.3182E-07  4.0849E-10  1.2070E-11
  3.3762E-09  3.7252E-06  2.3618E-07  4.3114E-10  1.5285E-11
  3.2173E-09  3.7239E-06  2.3864E-07  4.4565E-10  1.8192E-11
  2.9900E-09  3.7212E-06  2.3950E-07  4.5253E-10  2.0045E-11
  2.6353E-09  3.7151E-06  2.3919E-07  4.5517E-10  2.1185E-11
  2.2699E-09  3.7053E-06  2.3785E-07  4.5399E-10  2.1514E-11
  1.7477E-09  3.6863E-06  2.3465E-07  4.4834E-10  2.1138E-11
  1.1884E-09  3.6566E-06  2.2925E-07  4.3780E-10  2.0070E-11
  6.6293E-10  3.6005E-06  2.1901E-07  4.1750E-10  1.8035E-11
  4.0110E-10  3.5186E-06  2.0577E-07  3.9129E-10  1.5736E-11
  2.9660E-09  2.6136E-06  5.1460E-09  3.5029E-12  2.9155E-14
  3.2152E-09  3.0669E-06  1.0954E-08  7.5811E-12  6.3586E-14
  3.3826E-09  3.3784E-06  2.4166E-08  1.7370E-11  1.4839E-13
  3.4702E-09  3.5397E-06  4.7532E-08  3.6647E-11  3.2485E-13
  3.5221E-09  3.6331E-06  8.8079E-08  7.7632E-11  7.4747E-13
  3.5445E-09  3.6765E-06  1.3098E-07  1.3593E-10  1.4908E-12
  3.5512E-09  3.7012E-06  1.7176E-07  2.1428E-10  2.8883E-12
  3.5434E-09  3.7131E-06  1.9849E-07  2.8532E-10  4.8521E-12
  3.5171E-09  3.7198E-06  2.1730E-07  3.4993E-10  7.8098E-12
  3.4698E-09  3.7226E-06  2.2761E-07  3.9256E-10  1.1041E-11
  3.3778E-09  3.7232E-06  2.3407E-07  4.2302E-10  1.4638E-11
  3.2375E-09  3.7217E-06  2.3718E-07  4.3962E-10  1.7464E-11
  2.9942E-09  3.7174E-06  2.3862E-07  4.4940E-10  1.9712E-11
  2.6695E-09  3.7094E-06  2.3850E-07  4.5286E-10  2.0929E-11
  2.2248E-09  3.6938E-06  2.3685E-07  4.5184E-10  2.1439E-11
  1.7212E-09  3.6688E-06  2.3347E-07  4.4622E-10  2.1191E-11
  1.0642E-09  3.6197E-06  2.2598E-07  4.3209E-10  1.9968E-11
  6.5108E-10  3.5428E-06  2.1484E-07  4.1044E-10  1.8081E-11
  2.2971E-09  1.5294E-06  1.6531E-09  1.1772E-12  1.0739E-14
  2.7658E-09  2.2434E-06  3.9368E-09  2.8221E-12  2.5827E-14
  3.1128E-09  2.8554E-06  9.1892E-09  6.6840E-12  6.1614E-14
  3.3100E-09  3.2262E-06  1.8855E-08  1.4086E-11  1.3163E-13
  3.4364E-09  3.4687E-06  3.9552E-08  3.1344E-11  3.0246E-13
  3.4993E-09  3.5892E-06  7.1618E-08  6.2610E-11  6.4190E-13
  3.5329E-09  3.6575E-06  1.1712E-07  1.1983E-10  1.3863E-12
  3.5426E-09  3.6893E-06  1.5704E-07  1.8881E-10  2.5826E-12
  3.5346E-09  3.7073E-06  1.9050E-07  2.6832E-10  4.6447E-12
  3.5085E-09  3.7157E-06  2.1082E-07  3.3151E-10  7.2745E-12
  3.4509E-09  3.7196E-06  2.2448E-07  3.8323E-10  1.0778E-11
  3.3580E-09  3.7199E-06  2.3165E-07  4.1462E-10  1.4093E-11
  3.1881E-09  3.7167E-06  2.3580E-07  4.3541E-10  1.7255E-11
  2.9461E-09  3.7098E-06  2.3730E-07  4.4547E-10  1.9375E-11
  2.5620E-09  3.6953E-06  2.3696E-07  4.4941E-10  2.0757E-11
  2.0858E-09  3.6714E-06  2.3467E-07  4.4732E-10  2.1194E-11
  1.4636E-09  3.6250E-06  2.2905E-07  4.3786E-10  2.0755E-11
  9.3232E-10  3.5501E-06  2.1952E-07  4.1996E-10  1.9413E-11
  1.3150E-09  5.5748E-07  4.5875E-10  3.4206E-13  3.3969E-15
  2.0093E-09  1.1775E-06  1.3104E-09  9.7986E-13  9.7441E-15
  2.6159E-09  1.9889E-06  3.5648E-09  2.6828E-12  2.6768E-14
  2.9952E-09  2.6238E-06  7.8969E-09  6.0134E-12  6.0372E-14
  3.2564E-09  3.1099E-06  1.7410E-08  1.3600E-11  1.3842E-13
  3.3966E-09  3.3837E-06  3.4047E-08  2.7835E-11  2.9073E-13
  3.4811E-09  3.5531E-06  6.5652E-08  5.8839E-11  6.5154E-13
  3.5184E-09  3.6339E-06  1.0540E-07  1.0740E-10  1.3123E-12
  3.5308E-09  3.6792E-06  1.5002E-07  1.8050E-10  2.6111E-12
  3.5210E-09  3.7001E-06  1.8276E-07  2.5346E-10  4.4890E-12
  3.4848E-09  3.7113E-06  2.0733E-07  3.2485E-10  7.3736E-12
  3.4192E-09  3.7150E-06  2.2123E-07  3.7442E-10  1.0578E-11
  3.2935E-09  3.7141E-06  2.3000E-07  4.1089E-10  1.4201E-11
  3.1061E-09  3.7081E-06  2.3406E-07  4.3078E-10  1.7070E-11
  2.7934E-09  3.6940E-06  2.3547E-07  4.4172E-10  1.9333E-11
  2.3879E-09  3.6701E-06  2.3433E-07  4.4395E-10  2.0489E-11
  1.7748E-09  3.6228E-06  2.2976E-07  4.3790E-10  2.0711E-11
  1.2028E-09  3.5472E-06  2.2136E-07  4.2301E-10  1.9917E-11
  2.4037E-10  6.9906E-08  6.3364E-11  5.0409E-14  5.6138E-16
  6.1833E-10  2.0829E-07  2.0102E-10  1.6001E-13  1.7820E-15
  1.3500E-09  6.1197E-07  7.0622E-10  5.6309E-13  6.2767E-15
  2.0735E-09  1.2690E-06  1.9964E-09  1.5979E-12  1.7850E-14
  2.6810E-09  2.0845E-06  5.2786E-09  4.2625E-12  4.7852E-14
  3.0448E-09  2.6983E-06  1.1372E-08  9.3281E-12  1.0567E-13
  3.2867E-09  3.1570E-06  2.4236E-08  2.0550E-11  2.3742E-13
  3.4114E-09  3.4109E-06  4.5390E-08  4.0715E-11  4.8768E-13
  3.4812E-09  3.5659E-06  8.1731E-08  8.1364E-11  1.0520E-12
  3.5046E-09  3.6393E-06  1.2241E-07  1.3885E-10  2.0219E-12
  3.4968E-09  3.6799E-06  1.6387E-07  2.1663E-10  3.8025E-12
  3.4588E-09  3.6973E-06  1.9238E-07  2.8709E-10  6.1932E-12
  3.3725E-09  3.7040E-06  2.1283E-07  3.5045E-10  9.5393E-12
  3.2349E-09  3.7013E-06  2.2377E-07  3.9117E-10  1.2859E-11
  2.9925E-09  3.6882E-06  2.2977E-07  4.1837E-10  1.6149E-11
  2.6633E-09  3.6635E-06  2.3115E-07  4.3023E-10  1.8365E-11
  2.1526E-09  3.6138E-06  2.2847E-07  4.3118E-10  1.9662E-11
  1.5551E-09  3.5331E-06  2.2113E-07  4.2022E-10  1.9649E-11
  3.4694E-11  1.0241E-08  1.1957E-11  1.0074E-14  1.2419E-16
  9.8840E-11  2.9768E-08  3.5077E-11  2.9557E-14  3.6397E-16
  3.0928E-10  1.0034E-07  1.2209E-10  1.0292E-13  1.2669E-15
  7.7950E-10  2.9956E-07  3.9729E-10  3.3520E-13  4.1285E-15
  1.5900E-09  8.2503E-07  1.3706E-09  1.1598E-12  1.4309E-14
  2.2940E-09  1.5509E-06  3.6532E-09  3.1105E-12  3.8519E-14
  2.8376E-09  2.3372E-06  9.0415E-09  7.8029E-12  9.7426E-14
  3.1452E-09  2.8809E-06  1.8542E-08  1.6381E-11  2.0755E-13
  3.3394E-09  3.2673E-06  3.7468E-08  3.4707E-11  4.5387E-13
  3.4309E-09  3.4733E-06  6.5708E-08  6.5584E-11  9.0632E-13
  3.4690E-09  3.5952E-06  1.0733E-07  1.2089E-10  1.8590E-12
  3.4603E-09  3.6511E-06  1.4678E-07  1.8824E-10  3.3548E-12
  3.4037E-09  3.6791E-06  1.8200E-07  2.6657E-10  5.8341E-12
  3.2977E-09  3.6860E-06  2.0396E-07  3.2847E-10  8.7932E-12
  3.0994E-09  3.6775E-06  2.1815E-07  3.7749E-10  1.2373E-11
  2.8192E-09  3.6531E-06  2.2410E-07  4.0419E-10  1.5347E-11
  2.3785E-09  3.6004E-06  2.2434E-07  4.1576E-10  1.7660E-11
  1.8378E-09  3.5143E-06  2.1865E-07  4.1093E-10  1.8531E-11
  8.0033E-12  2.5445E-09  3.7898E-12  3.3588E-15  4.5149E-17
  1.9375E-11  6.1721E-09  9.2085E-12  8.1614E-15  1.0992E-16
  5.6983E-11  1.8309E-08  2.7474E-11  2.4352E-14  3.2757E-16
  1.6243E-10  5.3959E-08  8.2295E-11  7.2957E-14  9.8100E-16
  4.9816E-10  1.8496E-07  2.9842E-10  2.6475E-13  3.5614E-15
  1.1386E-09  5.2358E-07  9.7049E-10  8.6277E-13  1.1620E-14
  1.9890E-09  1.2253E-06  3.0777E-09  2.7514E-12  3.7190E-14
  2.5997E-09  1.9807E-06  7.4298E-09  6.7132E-12  9.1367E-14
  3.0280E-09  2.6727E-06  1.6850E-08  1.5569E-11  2.1505E-13
  3.2537E-09  3.1062E-06  3.2387E-08  3.1054E-11  4.4019E-13
  3.3810E-09  3.3953E-06  6.0474E-08  6.2195E-11  9.3024E-13
  3.4219E-09  3.5411E-06  9.6260E-08  1.0905E-10  1.7783E-12
  3.4020E-09  3.6219E-06  1.3918E-07  1.7962E-10  3.3906E-12
  3.3245E-09  3.6532E-06  1.7275E-07  2.5051E-10  5.6263E-12
  3.1590E-09  3.6574E-06  1.9837E-07  3.1898E-10  8.8213E-12
  2.9132E-09  3.6373E-06  2.1167E-07  3.6375E-10  1.2002E-11
  2.5177E-09  3.5834E-06  2.1686E-07  3.9043E-10  1.5034E-11
  2.0285E-09  3.4919E-06  2.1374E-07  3.9461E-10  1.6734E-11
  3.2198E-12  1.0902E-09  2.0196E-12  1.8719E-15  2.7220E-17
  6.5565E-12  2.2273E-09  4.1286E-12  3.8267E-15  5.5646E-17
  1.5550E-11  5.3025E-09  9.8431E-12  9.1235E-15  1.3290E-16
  3.8044E-11  1.3041E-08  2.4296E-11  2.2522E-14  3.2773E-16
  1.1413E-10  3.9956E-08  7.5355E-11  6.9864E-14  1.0162E-15
  3.2653E-10  1.2201E-07  2.3833E-10  2.2108E-13  3.2166E-15
  9.0534E-10  4.0423E-07  8.8377E-10  8.2139E-13  1.1966E-14
  1.6900E-09  9.6579E-07  2.6518E-09  2.4760E-12  3.6182E-14
  2.4452E-09  1.7879E-06  7.2763E-09  6.8688E-12  1.0113E-13
  2.9015E-09  2.4706E-06  1.5686E-08  1.5094E-11  2.2523E-13
  3.1908E-09  3.0075E-06  3.2331E-08  3.2321E-11  4.9595E-13
  3.3215E-09  3.3129E-06  5.7113E-08  6.0568E-11  9.7444E-13
  3.3621E-09  3.5008E-06  9.5004E-08  1.1107E-10  1.9562E-12
  3.3213E-09  3.5856E-06  1.3346E-07  1.7427E-10  3.4845E-12
  3.1884E-09  3.6196E-06  1.6982E-07  2.5009E-10  5.9903E-12
  2.9711E-09  3.6116E-06  1.9252E-07  3.1019E-10  8.8940E-12
  2.6089E-09  3.5612E-06  2.0509E-07  3.5429E-10  1.2176E-11
  2.1567E-09  3.4663E-06  2.0607E-07  3.7062E-10  1.4498E-11
  1.3579E-12  4.9566E-10  1.1857E-12  1.1581E-15  1.8474E-17
  2.6372E-12  9.6429E-10  2.3074E-12  2.2537E-15  3.5948E-17
  5.4526E-12  1.9994E-09  4.7866E-12  4.6752E-15  7.4572E-17
  1.0908E-11  4.0150E-09  9.6211E-12  9.3973E-15  1.5019E-16
  2.5202E-11  9.3271E-09  2.2406E-11  2.1886E-14  3.4936E-16
  6.0521E-11  2.2611E-08  5.4646E-11  5.3384E-14  8.5173E-16
  1.8120E-10  6.9971E-08  1.7257E-10  1.6866E-13  2.6913E-15
  5.0698E-10  2.1450E-07  5.6019E-10  5.4808E-13  8.7530E-15
  1.2456E-09  6.4887E-07  1.9995E-09  1.9635E-12  3.1441E-14
  2.0313E-09  1.3333E-06  5.4569E-09  5.4019E-12  8.7000E-14
  2.6747E-09  2.1469E-06  1.3502E-08  1.3604E-11  2.2197E-13
  3.0254E-09  2.7389E-06  2.6971E-08  2.7979E-11  4.6692E-13
  3.2154E-09  3.1677E-06  5.1357E-08  5.6266E-11  9.8260E-13
  3.2583E-09  3.3938E-06  8.3246E-08  9.8440E-11  1.8473E-12
  3.1856E-09  3.5158E-06  1.2377E-07  1.6307E-10  3.4610E-12
  3.0094E-09  3.5486E-06  1.5704E-07  2.2939E-10  5.6559E-12
  2.6857E-09  3.5171E-06  1.8158E-07  2.9201E-10  8.6465E-12
  2.2692E-09  3.4245E-06  1.9062E-07  3.2660E-10  1.1303E-11
  5.7770E-13  2.2564E-10  6.7423E-13  6.8922E-16  1.1926E-17
  1.2145E-12  4.7469E-10  1.4186E-12  1.4501E-15  2.5091E-17
  2.5883E-12  1.0129E-09  3.0277E-12  3.0951E-15  5.3552E-17
  5.0147E-12  1.9661E-09  5.8799E-12  6.0108E-15  1.0400E-16
  1.0349E-11  4.0715E-09  1.2188E-11  1.2459E-14  2.1596E-16
  2.0729E-11  8.1945E-09  2.4578E-11  2.5126E-14  4.3508E-16
  4.8476E-11  1.9335E-08  5.8283E-11  5.9591E-14  1.0313E-15
  1.1982E-10  4.8697E-08  1.4865E-10  1.5203E-13  2.6313E-15
  3.6326E-10  1.5722E-07  5.0071E-10  5.1261E-13  8.8789E-15
  9.1032E-10  4.5360E-07  1.6107E-09  1.6536E-12  2.8702E-14
  1.7715E-09  1.1118E-06  5.0843E-09  5.2602E-12  9.1846E-14
  2.4411E-09  1.8628E-06  1.2082E-08  1.2685E-11  2.2404E-13
  2.8948E-09  2.5733E-06  2.6397E-08  2.8551E-11  5.1654E-13
  3.0905E-09  3.0200E-06  4.7857E-08  5.4186E-11  1.0201E-12
  3.1211E-09  3.3058E-06  8.1297E-08  9.9373E-11  2.0168E-12
  3.0049E-09  3.4257E-06  1.1656E-07  1.5600E-10  3.5204E-12
  2.7263E-09  3.4426E-06  1.5033E-07  2.2340E-10  5.8821E-12
  2.3410E-09  3.3672E-06  1.6880E-07  2.7223E-10  8.3793E-12
  1.7126E-13  7.1996E-11  2.7370E-13  2.9395E-16  5.5622E-18
  4.1536E-13  1.7465E-10  6.6399E-13  7.1313E-16  1.3494E-17
  1.0189E-12  4.2862E-10  1.6297E-12  1.7503E-15  3.3119E-17
  2.1574E-12  9.0823E-10  3.4540E-12  3.7096E-15  7.0193E-17
  4.6178E-12  1.9468E-09  7.4074E-12  7.9558E-15  1.5054E-16
  8.9517E-12  3.7828E-09  1.4405E-11  1.5472E-14  2.9331E-16
  1.8434E-11  7.8236E-09  2.9848E-11  3.2060E-14  6.0711E-16
  3.6894E-11  1.5763E-08  6.0355E-11  6.4835E-14  1.2272E-15
  8.7135E-11  3.7765E-08  1.4596E-10  1.5683E-13  2.9685E-15
  2.1817E-10  9.7643E-08  3.8629E-10  4.1534E-13  7.8659E-15
  6.2334E-10  3.0688E-07  1.3085E-09  1.4100E-12  2.6752E-14
  1.3231E-09  7.7097E-07  3.8773E-09  4.2013E-12  8.0066E-14
  2.1379E-09  1.5468E-06  1.0662E-08  1.1712E-11  2.2573E-13
  2.6449E-09  2.2518E-06  2.2622E-08  2.5443E-11  5.0030E-13
  2.9052E-09  2.8231E-06  4.4389E-08  5.2177E-11  1.0680E-12
  2.9185E-09  3.1320E-06  7.2615E-08  9.0785E-11  1.9780E-12
  2.7266E-09  3.2737E-06  1.0794E-07  1.4749E-10  3.5728E-12
  2.3899E-09  3.2556E-06  1.3490E-07  2.0113E-10  5.5439E-12
  4.6085E-14  2.0634E-11  9.6566E-14  1.0825E-16  2.2170E-18
  1.2648E-13  5.6632E-11  2.6504E-13  2.9711E-16  6.0850E-18
  3.5590E-13  1.5938E-10  7.4593E-13  8.3619E-16  1.7126E-17
  8.5564E-13  3.8329E-10  1.7941E-12  2.0112E-15  4.1189E-17
  2.0729E-12  9.2918E-10  4.3504E-12  4.8768E-15  9.9878E-17
  4.3402E-12  1.9475E-09  9.1225E-12  1.0226E-14  2.0944E-16
  9.2083E-12  4.1407E-09  1.9415E-11  2.1765E-14  4.4649E-16
  1.7811E-11  8.0362E-09  3.7747E-11  4.2319E-14  8.6736E-16
  3.7025E-11  1.6819E-08  7.9307E-11  8.8924E-14  1.8217E-15
  7.6381E-11  3.5095E-08  1.6677E-10  1.8703E-13  3.8321E-15
  1.9069E-10  9.0080E-08  4.3715E-10  4.9063E-13  1.0058E-14
  4.7594E-10  2.3945E-07  1.2241E-09  1.3764E-12  2.8259E-14
  1.1346E-09  6.6144E-07  3.9044E-09  4.4141E-12  9.1179E-14
  1.8763E-09  1.3166E-06  9.9482E-09  1.1379E-11  2.3736E-13
  2.4655E-09  2.0918E-06  2.3000E-08  2.6963E-11  5.7503E-13
  2.6972E-09  2.6359E-06  4.2503E-08  5.1778E-11  1.1454E-12
  2.6532E-09  2.9773E-06  7.1687E-08  9.3062E-11  2.2026E-12
  2.3936E-09  3.0714E-06  9.9986E-08  1.3991E-10  3.6363E-12
  1.2678E-14  5.9922E-12  3.3639E-14  3.9159E-17  8.6121E-19
  3.6882E-14  1.7433E-11  9.7871E-14  1.1392E-16  2.5055E-18
  1.1572E-13  5.4701E-11  3.0709E-13  3.5747E-16  7.8616E-18
  3.1109E-13  1.4706E-10  8.2567E-13  9.6114E-16  2.1138E-17
  8.5308E-13  4.0339E-10  2.2651E-12  2.6367E-15  5.7987E-17
  1.9978E-12  9.4517E-10  5.3084E-12  6.1793E-15  1.3590E-16
  4.6919E-12  2.2222E-09  1.2488E-11  1.4537E-14  3.1970E-16
  9.5897E-12  4.5501E-09  2.5596E-11  2.9798E-14  6.5623E-16
  2.0056E-11  9.5511E-09  5.3848E-11  6.2693E-14  1.3796E-15
  3.8982E-11  1.8677E-08  1.0572E-10  1.2310E-13  2.7082E-15
  8.4239E-11  4.0869E-08  2.3345E-10  2.7194E-13  5.9838E-15
  1.8572E-10  9.2288E-08  5.3735E-10  6.2637E-13  1.3792E-14
  4.7525E-10  2.5105E-07  1.5421E-09  1.8015E-12  3.9798E-14
  1.0245E-09  6.0866E-07  4.2067E-09  4.9394E-12  1.0958E-13
  1.7881E-09  1.2842E-06  1.1361E-08  1.3515E-11  3.0334E-13
  2.2917E-09  1.9667E-06  2.3931E-08  2.9138E-11  6.6833E-13
  2.4746E-09  2.5297E-06  4.5522E-08  5.7835E-11  1.3848E-12
  2.3394E-09  2.7867E-06  7.0226E-08  9.4446E-11  2.4123E-12
  4.5516E-15  2.2545E-12  1.4870E-14  1.7902E-17  4.2019E-19
  1.2186E-14  6.0371E-12  3.9819E-14  4.7938E-17  1.1251E-18
  3.8166E-14  1.8909E-11  1.2472E-13  1.5015E-16  3.5242E-18
  1.0909E-13  5.4048E-11  3.5650E-13  4.2919E-16  1.0073E-17
  3.3188E-13  1.6444E-10  1.0847E-12  1.3059E-15  3.0651E-17
  8.5973E-13  4.2608E-10  2.8109E-12  3.3841E-15  7.9427E-17
  2.2582E-12  1.1198E-09  7.3894E-12  8.8963E-15  2.0880E-16
  5.0698E-12  2.5165E-09  1.6616E-11  2.0005E-14  4.7050E-16
  1.1400E-11  5.6700E-09  3.7491E-11  4.5142E-14  1.0606E-15
  2.2693E-11  1.1327E-08  7.5082E-11  9.0411E-14  2.1230E-15
  4.7373E-11  2.3817E-08  1.5871E-10  1.9116E-13  4.4885E-15
  9.5479E-11  4.8605E-08  3.2711E-10  3.9415E-13  9.2581E-15
  2.2232E-10  1.1643E-07  8.0271E-10  9.6823E-13  2.2764E-14
  4.9943E-10  2.7677E-07  2.0105E-09  2.4308E-12  5.7338E-14
  1.0831E-09  6.7988E-07  5.6270E-09  6.8483E-12  1.6247E-13
  1.7205E-09  1.2787E-06  1.3168E-08  1.6241E-11  3.9014E-13
  2.1635E-09  1.9658E-06  2.8191E-08  3.5745E-11  8.8247E-13
  2.2077E-09  2.3953E-06  4.7812E-08  6.3147E-11  1.6292E-12
