   30.8000000000000        57.1000000000000        87.0000000000000     
   117.600000000000        153.800000000000        217.400000000000     
   256.400000000000        303.000000000000        370.400000000000     
   434.800000000000        500.000000000000        531.900000000000     
   568.200000000000        609.800000000000        657.900000000000     
   714.300000000000        757.600000000000        806.500000000000     
   862.100000000000        909.100000000000        961.500000000000     
   1020.40000000000        1052.60000000000        1087.00000000000     
   1136.40000000000        1169.60000000000        1227.00000000000     
   1250.00000000000        1280.40000000000        1312.30000000000     
   1355.00000000000        1390.80000000000        1428.60000000000     
   1481.50000000000        1519.80000000000        1549.90000000000     
   1626.00000000000        1672.20000000000        1718.20000000000     
   1754.40000000000        1834.90000000000        1883.20000000000     
   1915.70000000000        1968.50000000000        2031.70000000000     
   2065.30000000000        2077.70000000000        2092.10000000000     
   2118.60000000000        2136.80000000000        2152.90000000000     
   2190.20000000000        2250.20000000000        2300.20000000000     
   2350.20000000000        2409.60000000000        2500.00000000000     
   2564.10000000000        2631.60000000000        2702.70000000000     
   2758.60000000000        2816.90000000000        2876.00000000000     
   2941.20000000000        3005.20000000000        3041.05000000000     
   3076.90000000000        3113.25000000000        3149.60000000000     
   3187.70000000000        3225.80000000000        3257.65000000000     
   3289.50000000000        3345.15000000000        3400.80000000000     
   3475.40000000000        3550.00000000000        3625.00000000000     
   3700.00000000000        3775.00000000000        3850.00000000000     
   3921.30000000000        3992.60000000000        4066.70000000000     
   4140.80000000000        4212.80000000000        4284.80000000000     
   4357.00000000000        4428.50000000000        4500.00000000000     
   4554.15000000000        4608.30000000000        4640.15000000000     
   4672.00000000000        4688.95000000000        4705.90000000000     
   4756.80000000000        4807.70000000000        4854.85000000000     
   4902.00000000000        4951.00000000000        5000.00000000000     
   5090.65000000000        5181.30000000000        5255.65000000000     
   5330.00000000000        5405.00000000000        5480.00000000000     
   5555.60000000000        5627.80000000000        5700.00000000000     
   5791.20000000000        5882.40000000000        5941.20000000000     
   6000.00000000000        6050.00000000000        6100.00000000000     
   6189.30000000000        6279.30000000000        6349.40000000000     
   6412.60000000000        6471.60000000000        6535.80000000000     
   6600.00000000000        6680.00000000000        6760.00000000000     
   6840.00000000000        6930.00000000000        7020.00000000000     
   7105.00000000000        7180.00000000000        7245.00000000000     
   7310.00000000000        7414.40000000000        7518.80000000000     
   7650.45000000000        7782.10000000000        7891.05000000000     
   8000.00000000000        8115.25000000000        8230.50000000000     
   8352.55000000000        8474.60000000000        8630.95000000000     
   8787.30000000000        8980.80000000000        9174.30000000000     
   9340.00000000000        9505.70000000000        9732.95000000000     
   9960.20000000000        10119.9000000000        10279.6000000000     
   10493.2000000000        10695.2000000000        10775.9000000000     
   10989.0000000000        11135.9000000000        11299.4000000000     
   11494.3000000000        11614.4000000000        11855.4000000000     
   12121.2000000000        12199.6000000000        12500.0000000000     
   12738.9000000000        12987.0000000000        13157.9000000000     
   13422.8000000000        13642.6000000000        13800.7000000000     
   14200.5000000000        14499.1000000000        15037.6000000000     
   15384.6000000000        15748.0000000000        16100.5000000000     
   16339.9000000000        16750.4000000000        17094.0000000000     
   17482.5000000000        17889.1000000000        18348.6000000000     
   18900.0000000000        19305.0000000000        20189.8000000000     
   21052.6000000000        21978.0000000000        22988.5000000000     
   23980.8000000000        25000.0000000000        26666.6500000000     
   28571.4000000000        30769.2000000000        33333.3000000000     
   36363.6500000000        38300.0000000000     
