   43.9500000000000        72.0500000000000        102.300000000000     
   135.700000000000        185.600000000000        236.900000000000     
   279.700000000000        336.700000000000        402.600000000000     
   467.400000000000        515.950000000000        550.050000000000     
   589.000000000000        633.850000000000        686.100000000000     
   735.950000000000        782.050000000000        834.300000000000     
   885.600000000000        935.300000000000        990.950000000000     
   1036.50000000000        1069.80000000000        1111.70000000000     
   1153.00000000000        1198.30000000000        1238.50000000000     
   1265.20000000000        1296.35000000000        1333.65000000000     
   1372.90000000000        1409.70000000000        1455.05000000000     
   1500.65000000000        1534.85000000000        1587.95000000000     
   1649.10000000000        1695.20000000000        1736.30000000000     
   1794.65000000000        1859.05000000000        1899.45000000000     
   1942.10000000000        2000.10000000000        2048.50000000000     
   2071.50000000000        2084.90000000000        2105.35000000000     
   2127.70000000000        2144.85000000000        2171.55000000000     
   2220.20000000000        2275.20000000000        2325.20000000000     
   2379.90000000000        2454.80000000000        2532.05000000000     
   2597.85000000000        2667.15000000000        2730.65000000000     
   2787.75000000000        2846.45000000000        2908.60000000000     
   2973.20000000000        3023.12500000000        3058.97500000000     
   3095.07500000000        3131.42500000000        3168.65000000000     
   3206.75000000000        3241.72500000000        3273.57500000000     
   3317.32500000000        3372.97500000000        3438.10000000000     
   3512.70000000000        3587.50000000000        3662.50000000000     
   3737.50000000000        3812.50000000000        3885.65000000000     
   3956.95000000000        4029.65000000000        4103.75000000000     
   4176.80000000000        4248.80000000000        4320.90000000000     
   4392.75000000000        4464.25000000000        4527.07500000000     
   4581.22500000000        4624.22500000000        4656.07500000000     
   4680.47500000000        4697.42500000000        4731.35000000000     
   4782.25000000000        4831.27500000000        4878.42500000000     
   4926.50000000000        4975.50000000000        5045.32500000000     
   5135.97500000000        5218.47500000000        5292.82500000000     
   5367.50000000000        5442.50000000000        5517.80000000000     
   5591.70000000000        5663.90000000000        5745.60000000000     
   5836.80000000000        5911.80000000000        5970.60000000000     
   6025.00000000000        6075.00000000000        6144.65000000000     
   6234.30000000000        6314.35000000000        6381.00000000000     
   6442.10000000000        6503.70000000000        6567.90000000000     
   6640.00000000000        6720.00000000000        6800.00000000000     
   6885.00000000000        6975.00000000000        7062.50000000000     
   7142.50000000000        7212.50000000000        7277.50000000000     
   7362.20000000000        7466.60000000000        7584.62500000000     
   7716.27500000000        7836.57500000000        7945.52500000000     
   8057.62500000000        8172.87500000000        8291.52500000000     
   8413.57500000000        8552.77500000000        8709.12500000000     
   8884.05000000000        9077.55000000000        9257.15000000000     
   9422.85000000000        9619.32500000000        9846.57500000000     
   10040.0500000000        10199.7500000000        10386.4000000000     
   10594.2000000000        10735.5500000000        10882.4500000000     
   11062.4500000000        11217.6500000000        11396.8500000000     
   11554.3500000000        11734.9000000000        11988.3000000000     
   12160.4000000000        12349.8000000000        12619.4500000000     
   12862.9500000000        13072.4500000000        13290.3500000000     
   13532.7000000000        13721.6500000000        14000.6000000000     
   14349.8000000000        14768.3500000000        15211.1000000000     
   15566.3000000000        15924.2500000000        16220.2000000000     
   16545.1500000000        16922.2000000000        17288.2500000000     
   17685.8000000000        18118.8500000000        18624.3000000000     
   19102.5000000000        19747.4000000000        20621.2000000000     
   21515.3000000000        22483.2500000000        23484.6500000000     
   24490.4000000000        25833.3250000000        27619.0250000000     
   29670.3000000000        32051.2500000000        34848.4750000000     
   37331.8250000000     
