 227.531285551763        138.792505204719        97.7517106549365     
   73.6919675755343        53.8793103448276        42.2119037568594     
   35.7525920629246        29.7000297000297        24.8385494287134     
   21.3949507916132        19.3817230351778        18.1801654395055     
   16.9779286926995        15.7766032973101        14.5751348199971     
   13.5878796113866        12.7869062080430        11.9860961284910     
   11.2917795844625        10.6917566556185        10.0913265048691     
   9.64785335262904        9.34754159656011        8.99523252676082     
   8.67302688638335        8.34515563715263        8.07428340734760     
   7.90388871324692        7.71396613568866        7.49821917294642     
   7.28385170077937        7.09370788110946        6.87261606130374     
   6.66377902908740        6.51529465420074        6.29742750086590     
   6.06391364986963        5.89900896649363        5.75937338017624     
   5.57211712590199        5.37909147145047        5.26468188159730     
   5.14906544462180        4.99975001249938        4.88162069807176     
   4.82741974414675        4.79639311237949        4.74980407058209     
   4.69991070169667        4.66233069911649        4.60500564113191     
   4.50409872984416        4.39521800281294        4.30070531567177     
   4.20185722089164        4.07365162131334        3.94936908828815     
   3.84933695171007        3.74932043567104        3.66213172687822     
   3.58712223119003        3.51314795622618        3.43808017602971     
   3.36337952374546        3.30783543518710        3.26906888745413     
   3.23093947642626        3.19343429908109        3.15591813548357     
   3.11842207842832        3.08477739475125        3.05476428675072     
   3.01447702591697        2.96474180804779        2.90858322910910     
   2.84681299285450        2.78745644599303        2.73037542662116     
   2.67558528428094        2.62295081967213        2.57357198924247     
   2.52719897901161        2.48160510218009        2.43679561376790     
   2.39417736065888        2.35360572396912        2.31433266217686     
   2.27647828808833        2.24001792014336        2.20893181579718     
   2.18282228006701        2.16252453113765        2.14773172683000     
   2.13653528755094        2.12882589929589        2.11356166844558     
   2.09106592085316        2.06984698656152        2.04984190594300     
   2.02983862782909        2.00984825645664        1.98203287201518     
   1.94704997590526        1.91626864170088        1.88935020523067     
   1.86306474149977        1.83739090491502        1.81231650295408     
   1.78836489797378        1.76556789491340        1.74046226677806     
   1.71326754385965        1.69153218985757        1.67487354704720     
   1.65975103734440        1.64609053497942        1.62743199368556     
   1.60402932165600        1.58369428365548        1.56715248393669     
   1.55228884990919        1.53758629703092        1.52255667717231     
   1.50602409638554        1.48809523809524        1.47058823529412     
   1.45243282498184        1.43369175627240        1.41592920353982     
   1.40007000350017        1.38648180242634        1.37409824802473     
   1.35828964168319        1.33929767230065        1.31845674637836     
   1.29596210606802        1.27606766986853        1.25857007560860     
   1.24106048618545        1.22355964088525        1.20605075664609     
   1.18855540005289        1.16921116245897        1.14822097512666     
   1.12561275544374        1.10161882886902        1.08024608005704     
   1.06125004642969        1.03957398258194        1.01558156008561     
  0.996010976040956       0.980416186671242       0.962797504428868     
  0.943912706952861       0.931484646804309       0.918910723228685     
  0.903958887949776       0.891452309530071       0.877435431720168     
  0.865474907718738       0.852158944686363       0.834146626293970     
  0.822341370349659       0.809729712222060       0.792427562215469     
  0.777426640078676       0.764967546251850       0.752425632131584     
  0.738950837600774       0.728775329497546       0.714255103352713     
  0.696873824025422       0.677123713888146       0.657414651142915     
  0.642413418731490       0.627973059955728       0.616515209430217     
  0.604406729464526       0.590939712330548       0.578427544719679     
  0.565425369505479       0.551911407180919       0.536932931707500     
  0.523491689569428       0.506395778684789       0.484937830970070     
  0.464785524719618       0.444775555135490       0.425810050394619     
  0.408323261359553       0.387096899063516       0.362069262039482     
  0.337037374074411       0.312000312000312       0.286956602835562     
  0.267867965201273     

