   26.3000000000000        29.9000000000000        30.6000000000000     
   36.2000000000000        63.6000000000000        39.0000000000000     
   46.6000000000000        67.4000000000000        64.4000000000000     
   65.2000000000000        31.9000000000000        36.3000000000001     
   41.5999999999999        48.1000000000000        56.4000000000000     
   43.3000000000001        48.9000000000000        55.6000000000000     
   47.0000000000000        52.4000000000000        58.9000000000000     
   32.1999999999999        34.4000000000001        49.4000000000001     
   33.1999999999998        57.4000000000001        23.0000000000000     
   30.4000000000001        31.8999999999999        42.7000000000000     
   35.8000000000000        37.8000000000000        52.9000000000001     
   38.3000000000000        30.1000000000001        76.0999999999999     
   46.2000000000000        46.0000000000000        36.2000000000000     
   80.5000000000000        48.3000000000000        32.5000000000000     
   52.8000000000000        63.2000000000000        33.6000000000001     
   12.3999999999996        14.4000000000001        26.5000000000000     
   18.2000000000003        16.0999999999999        37.2999999999997     
   60.0000000000000        50.0000000000000        50.0000000000000     
   59.4000000000001        90.4000000000001        64.0999999999999     
   67.5000000000000        71.0999999999999        55.9000000000001     
   58.3000000000002        59.0999999999999        65.1999999999998     
   64.0000000000000        35.8500000000004        35.8499999999999     
   36.3499999999999        36.3499999999999        38.0999999999999     
   38.1000000000004        31.8499999999999        31.8499999999999     
   55.6500000000001        55.6500000000001        74.5999999999999     
   74.5999999999999        75.0000000000000        75.0000000000000     
   75.0000000000000        75.0000000000000        71.3000000000002     
   71.2999999999997        74.0999999999999        74.1000000000004     
   72.0000000000000        72.0000000000000        72.1999999999998     
   71.5000000000000        71.5000000000000        54.1499999999996     
   54.1500000000005        31.8499999999995        31.8500000000004     
   16.9499999999998        16.9499999999998        50.9000000000005     
   50.8999999999996        47.1500000000005        47.1499999999996     
   49.0000000000000        49.0000000000000        90.6499999999996     
   90.6500000000005        74.3499999999995        74.3500000000004     
   75.0000000000000        75.0000000000000        75.6000000000004     
   72.1999999999998        72.1999999999998        91.1999999999998     
   91.1999999999998        58.8000000000002        58.8000000000002     
   50.0000000000000        50.0000000000000        89.3000000000002     
   90.0000000000000        70.0999999999995        63.2000000000007     
   59.0000000000000        64.1999999999998        64.1999999999998     
   80.0000000000000        80.0000000000000        80.0000000000000     
   90.0000000000000        90.0000000000000        85.0000000000000     
   75.0000000000000        65.0000000000000        65.0000000000000     
   104.400000000000        104.400000000001        131.650000000000     
   131.650000000001        108.950000000000        108.950000000000     
   115.250000000000        115.250000000000        122.049999999999     
   122.050000000001        156.350000000000        156.349999999999     
   193.500000000000        193.500000000000        165.700000000001     
   165.700000000001        227.250000000000        227.250000000000     
   159.699999999999        159.700000000001        213.600000000000     
   202.000000000000        80.6999999999989        213.100000000000     
   146.900000000000        163.500000000000        194.900000000000     
   120.100000000000        241.000000000000        265.800000000001     
   78.3999999999996        300.400000000000        238.900000000000     
   248.100000000000        170.900000000000        264.900000000000     
   219.800000000001        158.100000000000        399.799999999999     
   298.600000000000        538.500000000000        347.000000000000     
   363.400000000000        352.500000000000        239.400000000000     
   410.500000000002        343.599999999999        388.500000000000     
   406.599999999999        459.500000000000        551.400000000001     
   405.000000000000        884.799999999999        862.799999999999     
   925.400000000001        1010.50000000000        992.299999999999     
   1019.20000000000        1666.65000000000        1904.75000000000     
   2197.80000000000        2564.10000000000        3030.35000000000     
   1936.35000000000     
