Li Na K Rb Cs
  4.5006E-38  4.5006E-38  4.5006E-38  4.5006E-38  4.5006E-38
  4.5006E-38  4.5006E-38  4.5006E-38  4.5006E-38  4.5006E-38
  4.5006E-38  4.5006E-38  4.5006E-38  4.5006E-38  4.5006E-38
  4.5006E-38  4.5006E-38  4.5006E-38  4.5006E-38  4.5006E-38
  4.5006E-38  4.5006E-38  4.5006E-38  4.5006E-38  4.5006E-38
  4.5006E-38  4.5006E-38  4.5006E-38  4.5006E-38  4.5006E-38
  4.5006E-38  4.5006E-38  4.5006E-38  4.5006E-38  4.5006E-38
  4.5006E-38  4.5006E-38  4.5006E-38  4.5006E-38  4.5006E-38
  4.5006E-38  4.5006E-38  4.5006E-38  4.5006E-38  4.5006E-38
  4.5006E-38  4.5006E-38  4.5006E-38  4.5006E-38  4.5006E-38
  4.5006E-38  4.5006E-38  4.5006E-38  4.5006E-38  4.5006E-38
  4.5006E-38  4.5006E-38  4.5006E-38  4.5006E-38  4.5006E-38
  4.5006E-38  4.5006E-38  4.5006E-38  4.5006E-38  4.5006E-38
  4.5006E-38  4.5006E-38  4.5006E-38  4.5006E-38  4.5006E-38
  4.5006E-38  4.5006E-38  4.5006E-38  4.5006E-38  4.5006E-38
  4.5005E-38  4.5005E-38  4.5005E-38  4.5005E-38  4.5005E-38
  4.5005E-38  4.5005E-38  4.5005E-38  4.5005E-38  4.5005E-38
  4.5005E-38  4.5005E-38  4.5005E-38  4.5005E-38  4.5005E-38
  4.5005E-38  4.5005E-38  4.5005E-38  4.5005E-38  4.5005E-38
  4.5005E-38  4.5005E-38  4.5005E-38  4.5005E-38  4.5005E-38
  4.5005E-38  4.5005E-38  4.5005E-38  4.5005E-38  4.5005E-38
  4.5005E-38  4.5005E-38  4.5005E-38  4.5005E-38  4.5005E-38
  4.5006E-38  4.5006E-38  4.5006E-38  4.5006E-38  4.5006E-38
  4.5006E-38  4.5006E-38  4.5006E-38  4.5006E-38  4.5006E-38
  4.5006E-38  4.5006E-38  4.5006E-38  4.5006E-38  4.5006E-38
  4.5006E-38  4.5006E-38  4.5006E-38  4.5006E-38  4.5006E-38
  4.5006E-38  4.5006E-38  4.5006E-38  4.5006E-38  4.5006E-38
  4.5006E-38  4.5006E-38  4.5006E-38  4.5006E-38  4.5006E-38
  4.5006E-38  4.5006E-38  4.5006E-38  4.5006E-38  4.5006E-38
  4.5006E-38  4.5006E-38  4.5006E-38  4.5006E-38  4.5006E-38
  4.5006E-38  4.5006E-38  4.5006E-38  4.5006E-38  4.5006E-38
  4.5005E-38  4.5005E-38  4.5005E-38  4.5005E-38  4.5005E-38
  4.5005E-38  4.5005E-38  4.5005E-38  4.5005E-38  4.5005E-38
  4.5005E-38  4.5005E-38  4.5005E-38  4.5005E-38  4.5005E-38
  4.5005E-38  4.5005E-38  4.5005E-38  4.5005E-38  4.5005E-38
  4.5005E-38  4.5005E-38  4.5005E-38  4.5005E-38  4.5005E-38
  4.5005E-38  4.5005E-38  4.5005E-38  4.5005E-38  4.5005E-38
  4.5005E-38  4.5005E-38  4.5005E-38  4.5005E-38  4.5005E-38
  4.5005E-38  4.5005E-38  4.5005E-38  4.5005E-38  4.5005E-38
  4.5006E-38  4.5006E-38  4.5006E-38  4.5006E-38  4.5006E-38
  4.5006E-38  4.5006E-38  4.5006E-38  4.5006E-38  4.5006E-38
  4.5006E-38  4.5006E-38  4.5006E-38  4.5006E-38  4.5006E-38
  4.5006E-38  4.5006E-38  4.5006E-38  4.5006E-38  4.5006E-38
  4.5006E-38  4.5006E-38  4.5006E-38  4.5006E-38  4.5006E-38
  4.5006E-38  4.5006E-38  4.5006E-38  4.5006E-38  4.5006E-38
  4.5006E-38  4.5006E-38  4.5006E-38  4.5006E-38  4.5006E-38
  4.5006E-38  4.5006E-38  4.5006E-38  4.5006E-38  4.5006E-38
  4.5006E-38  4.5006E-38  4.5006E-38  4.5006E-38  4.5006E-38
  4.5005E-38  4.5005E-38  4.5005E-38  4.5005E-38  4.5005E-38
  4.5005E-38  4.5005E-38  4.5005E-38  4.5005E-38  4.5005E-38
  4.5005E-38  4.5005E-38  4.5005E-38  4.5005E-38  4.5005E-38
  4.5005E-38  4.5005E-38  4.5005E-38  4.5005E-38  4.5005E-38
  4.5005E-38  4.5005E-38  4.5005E-38  4.5005E-38  4.5005E-38
  4.5005E-38  4.5005E-38  4.5005E-38  4.5005E-38  4.5005E-38
  4.5005E-38  4.5005E-38  4.5005E-38  4.5005E-38  4.5005E-38
  4.5005E-38  4.5005E-38  4.5005E-38  4.5005E-38  4.5005E-38
  4.5005E-38  4.5005E-38  4.5005E-38  4.5005E-38  4.5005E-38
  4.5005E-38  4.5005E-38  4.5005E-38  4.5005E-38  4.5005E-38
  4.5005E-38  4.5005E-38  4.5005E-38  4.5005E-38  4.5005E-38
  4.5005E-38  4.5005E-38  4.5005E-38  4.5005E-38  4.5005E-38
  4.5006E-38  4.5006E-38  4.5006E-38  4.5006E-38  4.5006E-38
  4.5006E-38  4.5006E-38  4.5006E-38  4.5006E-38  4.5006E-38
  4.5006E-38  4.5006E-38  4.5006E-38  4.5006E-38  4.5006E-38
  4.5006E-38  4.5006E-38  4.5006E-38  4.5006E-38  4.5006E-38
  4.5006E-38  4.5006E-38  4.5006E-38  4.5006E-38  4.5006E-38
  4.5005E-38  4.5005E-38  4.5005E-38  4.5005E-38  4.5005E-38
  4.5005E-38  4.5005E-38  4.5005E-38  4.5005E-38  4.5005E-38
  4.5005E-38  4.5005E-38  4.5005E-38  4.5005E-38  4.5005E-38
  4.5005E-38  4.5005E-38  4.5005E-38  4.5005E-38  4.5005E-38
  4.5005E-38  4.5005E-38  4.5005E-38  4.5005E-38  4.5005E-38
  4.5005E-38  4.5005E-38  4.5005E-38  4.5005E-38  4.5005E-38
  4.5005E-38  4.5005E-38  4.5005E-38  4.5005E-38  4.5005E-38
  4.5005E-38  4.5005E-38  4.5005E-38  4.5005E-38  4.5005E-38
  4.5005E-38  4.5005E-38  4.5005E-38  4.5005E-38  4.5005E-38
  4.5005E-38  4.5005E-38  4.5005E-38  4.5005E-38  4.5005E-38
  4.5005E-38  4.5005E-38  4.5005E-38  4.5005E-38  4.5005E-38
  4.5005E-38  4.5005E-38  4.5005E-38  4.5005E-38  4.5005E-38
  4.5005E-38  4.5005E-38  4.5005E-38  4.5005E-38  4.5005E-38
  4.5005E-38  4.5005E-38  4.5005E-38  4.5005E-38  4.5005E-38
  4.5006E-38  4.5006E-38  4.5006E-38  4.5006E-38  4.5006E-38
  4.5006E-38  4.5006E-38  4.5006E-38  4.5006E-38  4.5006E-38
  4.5006E-38  4.5006E-38  4.5006E-38  4.5006E-38  4.5006E-38
  4.5005E-38  4.5005E-38  4.5005E-38  4.5005E-38  4.5005E-38
  4.5005E-38  4.5005E-38  4.5005E-38  4.5005E-38  4.5005E-38
  4.5005E-38  4.5005E-38  4.5005E-38  4.5005E-38  4.5005E-38
  4.5005E-38  4.5005E-38  4.5005E-38  4.5005E-38  4.5005E-38
  4.5005E-38  4.5005E-38  4.5005E-38  4.5005E-38  4.5005E-38
  4.5005E-38  4.5005E-38  4.5005E-38  4.5005E-38  4.5005E-38
  4.5005E-38  4.5005E-38  4.5005E-38  4.5005E-38  4.5005E-38
  4.5005E-38  4.5005E-38  4.5005E-38  4.5005E-38  4.5005E-38
  4.5005E-38  4.5005E-38  4.5005E-38  4.5005E-38  4.5005E-38
  4.5005E-38  4.5005E-38  4.5005E-38  4.5005E-38  4.5005E-38
  4.5005E-38  4.5005E-38  4.5005E-38  4.5005E-38  4.5005E-38
  4.5005E-38  4.5005E-38  4.5005E-38  4.5005E-38  4.5005E-38
  4.5005E-38  4.5005E-38  4.5005E-38  4.5005E-38  4.5005E-38
  4.5005E-38  4.5005E-38  4.5005E-38  4.5005E-38  4.5005E-38
  4.5005E-38  4.5005E-38  4.5005E-38  4.5005E-38  4.5005E-38
  4.5006E-38  4.5006E-38  4.5006E-38  4.5006E-38  4.5006E-38
  4.5006E-38  4.5006E-38  4.5006E-38  4.5006E-38  4.5006E-38
  4.5002E-38  4.5002E-38  4.5002E-38  4.5002E-38  4.5002E-38
  4.5004E-38  4.5004E-38  4.5004E-38  4.5004E-38  4.5004E-38
  4.5005E-38  4.5005E-38  4.5005E-38  4.5005E-38  4.5005E-38
  4.5005E-38  4.5005E-38  4.5005E-38  4.5005E-38  4.5005E-38
  4.5005E-38  4.5005E-38  4.5005E-38  4.5005E-38  4.5005E-38
  4.5005E-38  4.5005E-38  4.5005E-38  4.5005E-38  4.5005E-38
  4.5005E-38  4.5005E-38  4.5005E-38  4.5005E-38  4.5005E-38
  4.5005E-38  4.5005E-38  4.5005E-38  4.5005E-38  4.5005E-38
  4.5005E-38  4.5005E-38  4.5005E-38  4.5005E-38  4.5005E-38
  4.5005E-38  4.5005E-38  4.5005E-38  4.5005E-38  4.5005E-38
  4.5005E-38  4.5005E-38  4.5005E-38  4.5005E-38  4.5005E-38
  4.5005E-38  4.5005E-38  4.5005E-38  4.5005E-38  4.5005E-38
  4.5005E-38  4.5005E-38  4.5005E-38  4.5005E-38  4.5005E-38
  4.5005E-38  4.5005E-38  4.5005E-38  4.5005E-38  4.5005E-38
  4.5005E-38  4.5005E-38  4.5005E-38  4.5005E-38  4.5005E-38
  4.5005E-38  4.5005E-38  4.5005E-38  4.5005E-38  4.5005E-38
  4.5005E-38  4.5005E-38  4.5005E-38  4.5005E-38  4.5005E-38
  4.5001E-38  4.5001E-38  4.5001E-38  4.5001E-38  4.5001E-38
  4.5001E-38  4.5001E-38  4.5001E-38  4.5001E-38  4.5001E-38
  4.5002E-38  4.5002E-38  4.5002E-38  4.5002E-38  4.5002E-38
  4.5004E-38  4.5004E-38  4.5004E-38  4.5004E-38  4.5004E-38
  4.5004E-38  4.5004E-38  4.5004E-38  4.5004E-38  4.5004E-38
  4.5005E-38  4.5005E-38  4.5005E-38  4.5005E-38  4.5005E-38
  4.5005E-38  4.5005E-38  4.5005E-38  4.5005E-38  4.5005E-38
  4.5005E-38  4.5005E-38  4.5005E-38  4.5005E-38  4.5005E-38
  4.5005E-38  4.5005E-38  4.5005E-38  4.5005E-38  4.5005E-38
  4.5005E-38  4.5005E-38  4.5005E-38  4.5005E-38  4.5005E-38
  4.5005E-38  4.5005E-38  4.5005E-38  4.5005E-38  4.5005E-38
  4.5005E-38  4.5005E-38  4.5005E-38  4.5005E-38  4.5005E-38
  4.5005E-38  4.5005E-38  4.5005E-38  4.5005E-38  4.5005E-38
  4.5005E-38  4.5005E-38  4.5005E-38  4.5005E-38  4.5005E-38
  4.5005E-38  4.5005E-38  4.5005E-38  4.5005E-38  4.5005E-38
  4.5005E-38  4.5005E-38  4.5005E-38  4.5005E-38  4.5005E-38
  4.5005E-38  4.5005E-38  4.5005E-38  4.5005E-38  4.5005E-38
  4.5001E-38  4.5001E-38  4.5001E-38  4.5001E-38  4.5001E-38
  4.5001E-38  4.5001E-38  4.5001E-38  4.5001E-38  4.5001E-38
  4.5001E-38  4.5001E-38  4.5001E-38  4.5001E-38  4.5001E-38
  4.5001E-38  4.5001E-38  4.5001E-38  4.5001E-38  4.5001E-38
  4.5002E-38  4.5002E-38  4.5002E-38  4.5002E-38  4.5002E-38
  4.5004E-38  4.5004E-38  4.5004E-38  4.5004E-38  4.5004E-38
  4.5004E-38  4.5004E-38  4.5004E-38  4.5004E-38  4.5004E-38
  4.5005E-38  4.5005E-38  4.5005E-38  4.5005E-38  4.5005E-38
  4.5005E-38  4.5005E-38  4.5005E-38  4.5005E-38  4.5005E-38
  4.5005E-38  4.5005E-38  4.5005E-38  4.5005E-38  4.5005E-38
  4.5005E-38  4.5005E-38  4.5005E-38  4.5005E-38  4.5005E-38
  4.5005E-38  4.5005E-38  4.5005E-38  4.5005E-38  4.5005E-38
  4.5005E-38  4.5005E-38  4.5005E-38  4.5005E-38  4.5005E-38
  4.5005E-38  4.5005E-38  4.5005E-38  4.5005E-38  4.5005E-38
  4.5005E-38  4.5005E-38  4.5005E-38  4.5005E-38  4.5005E-38
  4.5005E-38  4.5005E-38  4.5005E-38  4.5005E-38  4.5005E-38
  4.5005E-38  4.5005E-38  4.5005E-38  4.5005E-38  4.5005E-38
  4.5001E-38  4.5001E-38  4.5001E-38  4.5001E-38  4.5001E-38
  4.5001E-38  4.5001E-38  4.5001E-38  4.5001E-38  4.5001E-38
  4.5001E-38  4.5001E-38  4.5001E-38  4.5001E-38  4.5001E-38
  4.5001E-38  4.5001E-38  4.5001E-38  4.5001E-38  4.5001E-38
  4.5001E-38  4.5001E-38  4.5001E-38  4.5001E-38  4.5001E-38
  4.5001E-38  4.5001E-38  4.5001E-38  4.5001E-38  4.5001E-38
  4.5002E-38  4.5002E-38  4.5002E-38  4.5002E-38  4.5002E-38
  4.5004E-38  4.5004E-38  4.5004E-38  4.5004E-38  4.5004E-38
  4.5005E-38  4.5005E-38  4.5005E-38  4.5005E-38  4.5005E-38
  4.5005E-38  4.5005E-38  4.5005E-38  4.5005E-38  4.5005E-38
  4.5005E-38  4.5005E-38  4.5005E-38  4.5005E-38  4.5005E-38
  4.5005E-38  4.5005E-38  4.5005E-38  4.5005E-38  4.5005E-38
  4.5005E-38  4.5005E-38  4.5005E-38  4.5005E-38  4.5005E-38
  4.5005E-38  4.5005E-38  4.5005E-38  4.5005E-38  4.5005E-38
  4.5005E-38  4.5005E-38  4.5005E-38  4.5005E-38  4.5005E-38
  4.5005E-38  4.5005E-38  4.5005E-38  4.5005E-38  4.5005E-38
  4.5005E-38  4.5005E-38  4.5005E-38  4.5005E-38  4.5005E-38
  4.5001E-38  4.5001E-38  4.5001E-38  4.5001E-38  4.5001E-38
  4.5001E-38  4.5001E-38  4.5001E-38  4.5001E-38  4.5001E-38
  4.5001E-38  4.5001E-38  4.5001E-38  4.5001E-38  4.5001E-38
  4.5001E-38  4.5001E-38  4.5001E-38  4.5001E-38  4.5001E-38
  4.5001E-38  4.5001E-38  4.5001E-38  4.5001E-38  4.5001E-38
  4.5001E-38  4.5001E-38  4.5001E-38  4.5001E-38  4.5001E-38
  4.5001E-38  4.5001E-38  4.5001E-38  4.5001E-38  4.5001E-38
  4.5001E-38  4.5001E-38  4.5001E-38  4.5001E-38  4.5001E-38
  4.5003E-38  4.5003E-38  4.5003E-38  4.5003E-38  4.5003E-38
  4.5004E-38  4.5004E-38  4.5004E-38  4.5004E-38  4.5004E-38
  4.5005E-38  4.5005E-38  4.5005E-38  4.5005E-38  4.5005E-38
  4.5005E-38  4.5005E-38  4.5005E-38  4.5005E-38  4.5005E-38
  4.5005E-38  4.5005E-38  4.5005E-38  4.5005E-38  4.5005E-38
  4.5005E-38  4.5005E-38  4.5005E-38  4.5005E-38  4.5005E-38
  4.5005E-38  4.5005E-38  4.5005E-38  4.5005E-38  4.5005E-38
  4.5005E-38  4.5005E-38  4.5005E-38  4.5005E-38  4.5005E-38
  4.5005E-38  4.5005E-38  4.5005E-38  4.5005E-38  4.5005E-38
  4.5001E-38  4.5001E-38  4.5001E-38  4.5001E-38  4.5001E-38
  4.5001E-38  4.5001E-38  4.5001E-38  4.5001E-38  4.5001E-38
  4.5001E-38  4.5001E-38  4.5001E-38  4.5001E-38  4.5001E-38
  4.5001E-38  4.5001E-38  4.5001E-38  4.5001E-38  4.5001E-38
  4.5001E-38  4.5001E-38  4.5001E-38  4.5001E-38  4.5001E-38
  4.5001E-38  4.5001E-38  4.5001E-38  4.5001E-38  4.5001E-38
  4.5001E-38  4.5001E-38  4.5001E-38  4.5001E-38  4.5001E-38
  4.5001E-38  4.5001E-38  4.5001E-38  4.5001E-38  4.5001E-38
  4.5001E-38  4.5001E-38  4.5001E-38  4.5001E-38  4.5001E-38
  4.5002E-38  4.5002E-38  4.5002E-38  4.5002E-38  4.5002E-38
  4.5004E-38  4.5004E-38  4.5004E-38  4.5004E-38  4.5004E-38
  4.5005E-38  4.5005E-38  4.5005E-38  4.5005E-38  4.5005E-38
  4.5005E-38  4.5005E-38  4.5005E-38  4.5005E-38  4.5005E-38
  4.5005E-38  4.5005E-38  4.5005E-38  4.5005E-38  4.5005E-38
  4.5005E-38  4.5005E-38  4.5005E-38  4.5005E-38  4.5005E-38
  4.5005E-38  4.5005E-38  4.5005E-38  4.5005E-38  4.5005E-38
  4.5005E-38  4.5005E-38  4.5005E-38  4.5005E-38  4.5005E-38
  4.5001E-38  4.5001E-38  4.5001E-38  4.5001E-38  4.5001E-38
  4.5001E-38  4.5001E-38  4.5001E-38  4.5001E-38  4.5001E-38
  4.5001E-38  4.5001E-38  4.5001E-38  4.5001E-38  4.5001E-38
  4.5001E-38  4.5001E-38  4.5001E-38  4.5001E-38  4.5001E-38
  4.5001E-38  4.5001E-38  4.5001E-38  4.5001E-38  4.5001E-38
  4.5001E-38  4.5001E-38  4.5001E-38  4.5001E-38  4.5001E-38
  4.5001E-38  4.5001E-38  4.5001E-38  4.5001E-38  4.5001E-38
  4.5001E-38  4.5001E-38  4.5001E-38  4.5001E-38  4.5001E-38
  4.5001E-38  4.5001E-38  4.5001E-38  4.5001E-38  4.5001E-38
  4.5001E-38  4.5001E-38  4.5001E-38  4.5001E-38  4.5001E-38
  4.5002E-38  4.5002E-38  4.5002E-38  4.5002E-38  4.5002E-38
  4.5004E-38  4.5004E-38  4.5004E-38  4.5004E-38  4.5004E-38
  4.5004E-38  4.5004E-38  4.5004E-38  4.5004E-38  4.5004E-38
  4.5005E-38  4.5005E-38  4.5005E-38  4.5005E-38  4.5005E-38
  4.5005E-38  4.5005E-38  4.5005E-38  4.5005E-38  4.5005E-38
  4.5005E-38  4.5005E-38  4.5005E-38  4.5005E-38  4.5005E-38
  4.5005E-38  4.5005E-38  4.5005E-38  4.5005E-38  4.5005E-38
  4.5001E-38  4.5001E-38  4.5001E-38  4.5001E-38  4.5001E-38
  4.5001E-38  4.5001E-38  4.5001E-38  4.5001E-38  4.5001E-38
  4.5001E-38  4.5001E-38  4.5001E-38  4.5001E-38  4.5001E-38
  4.5001E-38  4.5001E-38  4.5001E-38  4.5001E-38  4.5001E-38
  4.5001E-38  4.5001E-38  4.5001E-38  4.5001E-38  4.5001E-38
  4.5001E-38  4.5001E-38  4.5001E-38  4.5001E-38  4.5001E-38
  4.5001E-38  4.5001E-38  4.5001E-38  4.5001E-38  4.5001E-38
  4.5001E-38  4.5001E-38  4.5001E-38  4.5001E-38  4.5001E-38
  4.5001E-38  4.5001E-38  4.5001E-38  4.5001E-38  4.5001E-38
  4.5001E-38  4.5001E-38  4.5001E-38  4.5001E-38  4.5001E-38
  4.5001E-38  4.5001E-38  4.5001E-38  4.5001E-38  4.5001E-38
  4.5001E-38  4.5001E-38  4.5001E-38  4.5001E-38  4.5001E-38
  4.5004E-38  4.5004E-38  4.5004E-38  4.5004E-38  4.5004E-38
  4.5004E-38  4.5004E-38  4.5004E-38  4.5004E-38  4.5004E-38
  4.5005E-38  4.5005E-38  4.5005E-38  4.5005E-38  4.5005E-38
  4.5005E-38  4.5005E-38  4.5005E-38  4.5005E-38  4.5005E-38
  4.5005E-38  4.5005E-38  4.5005E-38  4.5005E-38  4.5005E-38
  4.5001E-38  4.5001E-38  4.5001E-38  4.5001E-38  4.5001E-38
  4.5001E-38  4.5001E-38  4.5001E-38  4.5001E-38  4.5001E-38
  4.5001E-38  4.5001E-38  4.5001E-38  4.5001E-38  4.5001E-38
  4.5001E-38  4.5001E-38  4.5001E-38  4.5001E-38  4.5001E-38
  4.5001E-38  4.5001E-38  4.5001E-38  4.5001E-38  4.5001E-38
  4.5001E-38  4.5001E-38  4.5001E-38  4.5001E-38  4.5001E-38
  4.5001E-38  4.5001E-38  4.5001E-38  4.5001E-38  4.5001E-38
  4.5001E-38  4.5001E-38  4.5001E-38  4.5001E-38  4.5001E-38
  4.5001E-38  4.5001E-38  4.5001E-38  4.5001E-38  4.5001E-38
  4.5001E-38  4.5001E-38  4.5001E-38  4.5001E-38  4.5001E-38
  4.5001E-38  4.5001E-38  4.5001E-38  4.5001E-38  4.5001E-38
  4.5001E-38  4.5001E-38  4.5001E-38  4.5001E-38  4.5001E-38
  4.5001E-38  4.5001E-38  4.5001E-38  4.5001E-38  4.5001E-38
  4.5004E-38  4.5004E-38  4.5004E-38  4.5004E-38  4.5004E-38
  4.5004E-38  4.5004E-38  4.5004E-38  4.5004E-38  4.5004E-38
  4.5005E-38  4.5005E-38  4.5005E-38  4.5005E-38  4.5005E-38
  4.5005E-38  4.5005E-38  4.5005E-38  4.5005E-38  4.5005E-38
  4.5001E-38  4.5001E-38  4.5001E-38  4.5001E-38  4.5001E-38
  4.5001E-38  4.5001E-38  4.5001E-38  4.5001E-38  4.5001E-38
  4.5001E-38  4.5001E-38  4.5001E-38  4.5001E-38  4.5001E-38
  4.5001E-38  4.5001E-38  4.5001E-38  4.5001E-38  4.5001E-38
  4.5001E-38  4.5001E-38  4.5001E-38  4.5001E-38  4.5001E-38
  4.5001E-38  4.5001E-38  4.5001E-38  4.5001E-38  4.5001E-38
  4.5001E-38  4.5001E-38  4.5001E-38  4.5001E-38  4.5001E-38
  4.5001E-38  4.5001E-38  4.5001E-38  4.5001E-38  4.5001E-38
  4.5001E-38  4.5001E-38  4.5001E-38  4.5001E-38  4.5001E-38
  4.5001E-38  4.5001E-38  4.5001E-38  4.5001E-38  4.5001E-38
  4.5001E-38  4.5001E-38  4.5001E-38  4.5001E-38  4.5001E-38
  4.5001E-38  4.5001E-38  4.5001E-38  4.5001E-38  4.5001E-38
  4.5001E-38  4.5001E-38  4.5001E-38  4.5001E-38  4.5001E-38
  4.5001E-38  4.5001E-38  4.5001E-38  4.5001E-38  4.5001E-38
  4.5004E-38  4.5004E-38  4.5004E-38  4.5004E-38  4.5004E-38
  4.5004E-38  4.5004E-38  4.5004E-38  4.5004E-38  4.5004E-38
  4.5005E-38  4.5005E-38  4.5005E-38  4.5005E-38  4.5005E-38
  4.5001E-38  4.5001E-38  4.5001E-38  4.5001E-38  4.5001E-38
  4.5001E-38  4.5001E-38  4.5001E-38  4.5001E-38  4.5001E-38
  4.5001E-38  4.5001E-38  4.5001E-38  4.5001E-38  4.5001E-38
  4.5001E-38  4.5001E-38  4.5001E-38  4.5001E-38  4.5001E-38
  4.5001E-38  4.5001E-38  4.5001E-38  4.5001E-38  4.5001E-38
  4.5001E-38  4.5001E-38  4.5001E-38  4.5001E-38  4.5001E-38
  4.5001E-38  4.5001E-38  4.5001E-38  4.5001E-38  4.5001E-38
  4.5001E-38  4.5001E-38  4.5001E-38  4.5001E-38  4.5001E-38
  4.5001E-38  4.5001E-38  4.5001E-38  4.5001E-38  4.5001E-38
  4.5001E-38  4.5001E-38  4.5001E-38  4.5001E-38  4.5001E-38
  4.5001E-38  4.5001E-38  4.5001E-38  4.5001E-38  4.5001E-38
  4.5001E-38  4.5001E-38  4.5001E-38  4.5001E-38  4.5001E-38
  4.5001E-38  4.5001E-38  4.5001E-38  4.5001E-38  4.5001E-38
  4.5001E-38  4.5001E-38  4.5001E-38  4.5001E-38  4.5001E-38
  4.5001E-38  4.5001E-38  4.5001E-38  4.5001E-38  4.5001E-38
  4.5004E-38  4.5004E-38  4.5004E-38  4.5004E-38  4.5004E-38
  4.5004E-38  4.5004E-38  4.5004E-38  4.5004E-38  4.5004E-38
  4.5001E-38  4.5001E-38  4.5001E-38  4.5001E-38  4.5001E-38
  4.5002E-38  4.5002E-38  4.5002E-38  4.5002E-38  4.5002E-38
  4.5001E-38  4.5001E-38  4.5001E-38  4.5001E-38  4.5001E-38
  4.5001E-38  4.5001E-38  4.5001E-38  4.5001E-38  4.5001E-38
  4.5001E-38  4.5001E-38  4.5001E-38  4.5001E-38  4.5001E-38
  4.5001E-38  4.5001E-38  4.5001E-38  4.5001E-38  4.5001E-38
  4.5001E-38  4.5001E-38  4.5001E-38  4.5001E-38  4.5001E-38
  4.5001E-38  4.5001E-38  4.5001E-38  4.5001E-38  4.5001E-38
  4.5001E-38  4.5001E-38  4.5001E-38  4.5001E-38  4.5001E-38
  4.5001E-38  4.5001E-38  4.5001E-38  4.5001E-38  4.5001E-38
  4.5001E-38  4.5001E-38  4.5001E-38  4.5001E-38  4.5001E-38
  4.5001E-38  4.5001E-38  4.5001E-38  4.5001E-38  4.5001E-38
  4.5001E-38  4.5001E-38  4.5001E-38  4.5001E-38  4.5001E-38
  4.5001E-38  4.5001E-38  4.5001E-38  4.5001E-38  4.5001E-38
  4.5001E-38  4.5001E-38  4.5001E-38  4.5001E-38  4.5001E-38
  4.5002E-38  4.5002E-38  4.5002E-38  4.5002E-38  4.5002E-38
  4.5004E-38  4.5004E-38  4.5004E-38  4.5004E-38  4.5004E-38
  4.5004E-38  4.5004E-38  4.5004E-38  4.5004E-38  4.5004E-38
  4.5001E-38  4.5001E-38  4.5001E-38  4.5001E-38  4.5001E-38
  4.5001E-38  4.5001E-38  4.5001E-38  4.5001E-38  4.5001E-38
  4.5002E-38  4.5002E-38  4.5002E-38  4.5002E-38  4.5002E-38
  4.5002E-38  4.5002E-38  4.5002E-38  4.5002E-38  4.5002E-38
  4.5001E-38  4.5001E-38  4.5001E-38  4.5001E-38  4.5001E-38
  4.5001E-38  4.5001E-38  4.5001E-38  4.5001E-38  4.5001E-38
  4.5001E-38  4.5001E-38  4.5001E-38  4.5001E-38  4.5001E-38
  4.5001E-38  4.5001E-38  4.5001E-38  4.5001E-38  4.5001E-38
  4.5001E-38  4.5001E-38  4.5001E-38  4.5001E-38  4.5001E-38
  4.5001E-38  4.5001E-38  4.5001E-38  4.5001E-38  4.5001E-38
  4.5001E-38  4.5001E-38  4.5001E-38  4.5001E-38  4.5001E-38
  4.5001E-38  4.5001E-38  4.5001E-38  4.5001E-38  4.5001E-38
  4.5001E-38  4.5001E-38  4.5001E-38  4.5001E-38  4.5001E-38
  4.5001E-38  4.5001E-38  4.5001E-38  4.5001E-38  4.5001E-38
  4.5001E-38  4.5001E-38  4.5001E-38  4.5001E-38  4.5001E-38
  4.5001E-38  4.5001E-38  4.5001E-38  4.5001E-38  4.5001E-38
  4.5003E-38  4.5003E-38  4.5003E-38  4.5003E-38  4.5003E-38
  4.5004E-38  4.5004E-38  4.5004E-38  4.5004E-38  4.5004E-38
  4.5001E-38  4.5001E-38  4.5001E-38  4.5001E-38  4.5001E-38
  4.5001E-38  4.5001E-38  4.5001E-38  4.5001E-38  4.5001E-38
  4.5002E-38  4.5002E-38  4.5002E-38  4.5002E-38  4.5002E-38
  4.5002E-38  4.5002E-38  4.5002E-38  4.5002E-38  4.5002E-38
  4.5001E-38  4.5001E-38  4.5001E-38  4.5001E-38  4.5001E-38
  4.5001E-38  4.5001E-38  4.5001E-38  4.5001E-38  4.5001E-38
  4.5001E-38  4.5001E-38  4.5001E-38  4.5001E-38  4.5001E-38
  4.5001E-38  4.5001E-38  4.5001E-38  4.5001E-38  4.5001E-38
  4.5001E-38  4.5001E-38  4.5001E-38  4.5001E-38  4.5001E-38
  4.5001E-38  4.5001E-38  4.5001E-38  4.5001E-38  4.5001E-38
  4.5001E-38  4.5001E-38  4.5001E-38  4.5001E-38  4.5001E-38
  4.5001E-38  4.5001E-38  4.5001E-38  4.5001E-38  4.5001E-38
  4.5001E-38  4.5001E-38  4.5001E-38  4.5001E-38  4.5001E-38
  4.5001E-38  4.5001E-38  4.5001E-38  4.5001E-38  4.5001E-38
  4.5001E-38  4.5001E-38  4.5001E-38  4.5001E-38  4.5001E-38
  4.5001E-38  4.5001E-38  4.5001E-38  4.5001E-38  4.5001E-38
  4.5002E-38  4.5002E-38  4.5002E-38  4.5002E-38  4.5002E-38
  4.5004E-38  4.5004E-38  4.5004E-38  4.5004E-38  4.5004E-38
  4.5001E-38  4.5001E-38  4.5001E-38  4.5001E-38  4.5001E-38
  4.5001E-38  4.5001E-38  4.5001E-38  4.5001E-38  4.5001E-38
  4.5002E-38  4.5002E-38  4.5002E-38  4.5002E-38  4.5002E-38
  4.5002E-38  4.5002E-38  4.5002E-38  4.5002E-38  4.5002E-38
  4.5002E-38  4.5002E-38  4.5002E-38  4.5002E-38  4.5002E-38
  4.5001E-38  4.5001E-38  4.5001E-38  4.5001E-38  4.5001E-38
  4.5001E-38  4.5001E-38  4.5001E-38  4.5001E-38  4.5001E-38
  4.5001E-38  4.5001E-38  4.5001E-38  4.5001E-38  4.5001E-38
  4.5001E-38  4.5001E-38  4.5001E-38  4.5001E-38  4.5001E-38
  4.5001E-38  4.5001E-38  4.5001E-38  4.5001E-38  4.5001E-38
  4.5001E-38  4.5001E-38  4.5001E-38  4.5001E-38  4.5001E-38
  4.5001E-38  4.5001E-38  4.5001E-38  4.5001E-38  4.5001E-38
  4.5001E-38  4.5001E-38  4.5001E-38  4.5001E-38  4.5001E-38
  4.5001E-38  4.5001E-38  4.5001E-38  4.5001E-38  4.5001E-38
  4.5001E-38  4.5001E-38  4.5001E-38  4.5001E-38  4.5001E-38
  4.5001E-38  4.5001E-38  4.5001E-38  4.5001E-38  4.5001E-38
  4.5001E-38  4.5001E-38  4.5001E-38  4.5001E-38  4.5001E-38
  4.5003E-38  4.5003E-38  4.5003E-38  4.5003E-38  4.5003E-38
  4.5001E-38  4.5001E-38  4.5001E-38  4.5001E-38  4.5001E-38
  4.5001E-38  4.5001E-38  4.5001E-38  4.5001E-38  4.5001E-38
  4.5001E-38  4.5001E-38  4.5001E-38  4.5001E-38  4.5001E-38
  4.5002E-38  4.5002E-38  4.5002E-38  4.5002E-38  4.5002E-38
  4.5002E-38  4.5002E-38  4.5002E-38  4.5002E-38  4.5002E-38
  4.5002E-38  4.5002E-38  4.5002E-38  4.5002E-38  4.5002E-38
  4.5002E-38  4.5002E-38  4.5002E-38  4.5002E-38  4.5002E-38
  4.5002E-38  4.5002E-38  4.5002E-38  4.5002E-38  4.5002E-38
  4.5002E-38  4.5002E-38  4.5002E-38  4.5002E-38  4.5002E-38
  4.5001E-38  4.5001E-38  4.5001E-38  4.5001E-38  4.5001E-38
  4.5001E-38  4.5001E-38  4.5001E-38  4.5001E-38  4.5001E-38
  4.5001E-38  4.5001E-38  4.5001E-38  4.5001E-38  4.5001E-38
  4.5001E-38  4.5001E-38  4.5001E-38  4.5001E-38  4.5001E-38
  4.5001E-38  4.5001E-38  4.5001E-38  4.5001E-38  4.5001E-38
  4.5001E-38  4.5001E-38  4.5001E-38  4.5001E-38  4.5001E-38
  4.5001E-38  4.5001E-38  4.5001E-38  4.5001E-38  4.5001E-38
  4.5001E-38  4.5001E-38  4.5001E-38  4.5001E-38  4.5001E-38
  4.5002E-38  4.5002E-38  4.5002E-38  4.5002E-38  4.5002E-38
  4.5000E-38  4.5000E-38  4.5000E-38  4.5000E-38  4.5000E-38
  4.5000E-38  4.5000E-38  4.5000E-38  4.5000E-38  4.5000E-38
  4.5000E-38  4.5000E-38  4.5000E-38  4.5000E-38  4.5000E-38
  4.5000E-38  4.5000E-38  4.5000E-38  4.5000E-38  4.5000E-38
  4.5000E-38  4.5000E-38  4.5000E-38  4.5000E-38  4.5000E-38
  4.5000E-38  4.5000E-38  4.5000E-38  4.5000E-38  4.5000E-38
  4.5000E-38  4.5000E-38  4.5000E-38  4.5000E-38  4.5000E-38
  4.5000E-38  4.5000E-38  4.5000E-38  4.5000E-38  4.5000E-38
  4.5000E-38  4.5000E-38  4.5000E-38  4.5000E-38  4.5000E-38
  4.5000E-38  4.5000E-38  4.5000E-38  4.5000E-38  4.5000E-38
  4.5000E-38  4.5000E-38  4.5000E-38  4.5000E-38  4.5000E-38
  4.5000E-38  4.5000E-38  4.5000E-38  4.5000E-38  4.5000E-38
  4.5000E-38  4.5000E-38  4.5000E-38  4.5000E-38  4.5000E-38
  4.5000E-38  4.5000E-38  4.5000E-38  4.5000E-38  4.5000E-38
  4.5000E-38  4.5000E-38  4.5000E-38  4.5000E-38  4.5000E-38
  4.5000E-38  4.5000E-38  4.5000E-38  4.5000E-38  4.5000E-38
  4.5000E-38  4.5000E-38  4.5000E-38  4.5000E-38  4.5000E-38
  4.5000E-38  4.5000E-38  4.5000E-38  4.5000E-38  4.5000E-38
  4.5000E-38  4.5000E-38  4.5000E-38  4.5000E-38  4.5000E-38
  4.5000E-38  4.5000E-38  4.5000E-38  4.5000E-38  4.5000E-38
  4.5000E-38  4.5000E-38  4.5000E-38  4.5000E-38  4.5000E-38
  4.5000E-38  4.5000E-38  4.5000E-38  4.5000E-38  4.5000E-38
  4.5000E-38  4.5000E-38  4.5000E-38  4.5000E-38  4.5000E-38
  4.5000E-38  4.5000E-38  4.5000E-38  4.5000E-38  4.5000E-38
  4.5000E-38  4.5000E-38  4.5000E-38  4.5000E-38  4.5000E-38
  4.5000E-38  4.5000E-38  4.5000E-38  4.5000E-38  4.5000E-38
  4.5000E-38  4.5000E-38  4.5000E-38  4.5000E-38  4.5000E-38
  4.5000E-38  4.5000E-38  4.5000E-38  4.5000E-38  4.5000E-38
  4.5000E-38  4.5000E-38  4.5000E-38  4.5000E-38  4.5000E-38
  4.5000E-38  4.5000E-38  4.5000E-38  4.5000E-38  4.5000E-38
  4.5000E-38  4.5000E-38  4.5000E-38  4.5000E-38  4.5000E-38
  4.5000E-38  4.5000E-38  4.5000E-38  4.5000E-38  4.5000E-38
  4.5000E-38  4.5000E-38  4.5000E-38  4.5000E-38  4.5000E-38
  4.5000E-38  4.5000E-38  4.5000E-38  4.5000E-38  4.5000E-38
  4.5000E-38  4.5000E-38  4.5000E-38  4.5000E-38  4.5000E-38
  4.5000E-38  4.5000E-38  4.5000E-38  4.5000E-38  4.5000E-38
  4.5000E-38  4.5000E-38  4.5000E-38  4.5000E-38  4.5000E-38
  4.5000E-38  4.5000E-38  4.5000E-38  4.5000E-38  4.5000E-38
  4.5000E-38  4.5000E-38  4.5000E-38  4.5000E-38  4.5000E-38
  4.5000E-38  4.5000E-38  4.5000E-38  4.5000E-38  4.5000E-38
  4.5000E-38  4.5000E-38  4.5000E-38  4.5000E-38  4.5000E-38
  4.5000E-38  4.5000E-38  4.5000E-38  4.5000E-38  4.5000E-38
  4.5000E-38  4.5000E-38  4.5000E-38  4.5000E-38  4.5000E-38
  4.5000E-38  4.5000E-38  4.5000E-38  4.5000E-38  4.5000E-38
  4.5000E-38  4.5000E-38  4.5000E-38  4.5000E-38  4.5000E-38
  4.5000E-38  4.5000E-38  4.5000E-38  4.5000E-38  4.5000E-38
  4.5000E-38  4.5000E-38  4.5000E-38  4.5000E-38  4.5000E-38
  4.5000E-38  4.5000E-38  4.5000E-38  4.5000E-38  4.5000E-38
  4.5000E-38  4.5000E-38  4.5000E-38  4.5000E-38  4.5000E-38
  4.5000E-38  4.5000E-38  4.5000E-38  4.5000E-38  4.5000E-38
  4.5000E-38  4.5000E-38  4.5000E-38  4.5000E-38  4.5000E-38
  4.5000E-38  4.5000E-38  4.5000E-38  4.5000E-38  4.5000E-38
  4.5000E-38  4.5000E-38  4.5000E-38  4.5000E-38  4.5000E-38
  4.5000E-38  4.5000E-38  4.5000E-38  4.5000E-38  4.5000E-38
  4.5000E-38  4.5000E-38  4.5000E-38  4.5000E-38  4.5000E-38
  4.5000E-38  4.5000E-38  4.5000E-38  4.5000E-38  4.5000E-38
  4.5000E-38  4.5000E-38  4.5000E-38  4.5000E-38  4.5000E-38
  4.5000E-38  4.5000E-38  4.5000E-38  4.5000E-38  4.5000E-38
  4.5000E-38  4.5000E-38  4.5000E-38  4.5000E-38  4.5000E-38
  4.5000E-38  4.5000E-38  4.5000E-38  4.5000E-38  4.5000E-38
  4.5000E-38  4.5000E-38  4.5000E-38  4.5000E-38  4.5000E-38
  4.5000E-38  4.5000E-38  4.5000E-38  4.5000E-38  4.5000E-38
  4.5000E-38  4.5000E-38  4.5000E-38  4.5000E-38  4.5000E-38
  4.5000E-38  4.5000E-38  4.5000E-38  4.5000E-38  4.5000E-38
  4.5000E-38  4.5000E-38  4.5000E-38  4.5000E-38  4.5000E-38
  4.5000E-38  4.5000E-38  4.5000E-38  4.5000E-38  4.5000E-38
  4.5000E-38  4.5000E-38  4.5000E-38  4.5000E-38  4.5000E-38
  4.5000E-38  4.5000E-38  4.5000E-38  4.5000E-38  4.5000E-38
  4.5000E-38  4.5000E-38  4.5000E-38  4.5000E-38  4.5000E-38
  4.5000E-38  4.5000E-38  4.5000E-38  4.5000E-38  4.5000E-38
  4.5000E-38  4.5000E-38  4.5000E-38  4.5000E-38  4.5000E-38
  4.5000E-38  4.5000E-38  4.5000E-38  4.5000E-38  4.5000E-38
  4.5000E-38  4.5000E-38  4.5000E-38  4.5000E-38  4.5000E-38
  4.5000E-38  4.5000E-38  4.5000E-38  4.5000E-38  4.5000E-38
  4.5000E-38  4.5000E-38  4.5000E-38  4.5000E-38  4.5000E-38
  4.5000E-38  4.5000E-38  4.5000E-38  4.5000E-38  4.5000E-38
  4.5000E-38  4.5000E-38  4.5000E-38  4.5000E-38  4.5000E-38
  4.5000E-38  4.5000E-38  4.5000E-38  4.5000E-38  4.5000E-38
  4.5000E-38  4.5000E-38  4.5000E-38  4.5000E-38  4.5000E-38
  4.5000E-38  4.5000E-38  4.5000E-38  4.5000E-38  4.5000E-38
  4.5000E-38  4.5000E-38  4.5000E-38  4.5000E-38  4.5000E-38
  4.5000E-38  4.5000E-38  4.5000E-38  4.5000E-38  4.5000E-38
  4.5000E-38  4.5000E-38  4.5000E-38  4.5000E-38  4.5000E-38
  4.5000E-38  4.5000E-38  4.5000E-38  4.5000E-38  4.5000E-38
  4.5000E-38  4.5000E-38  4.5000E-38  4.5000E-38  4.5000E-38
  4.5000E-38  4.5000E-38  4.5000E-38  4.5000E-38  4.5000E-38
  4.5000E-38  4.5000E-38  4.5000E-38  4.5000E-38  4.5000E-38
  4.5000E-38  4.5000E-38  4.5000E-38  4.5000E-38  4.5000E-38
  4.5000E-38  4.5000E-38  4.5000E-38  4.5000E-38  4.5000E-38
  4.5000E-38  4.5000E-38  4.5000E-38  4.5000E-38  4.5000E-38
  4.5000E-38  4.5000E-38  4.5000E-38  4.5000E-38  4.5000E-38
  4.5000E-38  4.5000E-38  4.5000E-38  4.5000E-38  4.5000E-38
  4.5000E-38  4.5000E-38  4.5000E-38  4.5000E-38  4.5000E-38
  4.5000E-38  4.5000E-38  4.5000E-38  4.5000E-38  4.5000E-38
  4.5000E-38  4.5000E-38  4.5000E-38  4.5000E-38  4.5000E-38
  4.5000E-38  4.5000E-38  4.5000E-38  4.5000E-38  4.5000E-38
  4.5000E-38  4.5000E-38  4.5000E-38  4.5000E-38  4.5000E-38
  4.5000E-38  4.5000E-38  4.5000E-38  4.5000E-38  4.5000E-38
  4.5000E-38  4.5000E-38  4.5000E-38  4.5000E-38  4.5000E-38
  4.5000E-38  4.5000E-38  4.5000E-38  4.5000E-38  4.5000E-38
  4.5000E-38  4.5000E-38  4.5000E-38  4.5000E-38  4.5000E-38
  4.5000E-38  4.5000E-38  4.5000E-38  4.5000E-38  4.5000E-38
  4.5000E-38  4.5000E-38  4.5000E-38  4.5000E-38  4.5000E-38
  4.5000E-38  4.5000E-38  4.5000E-38  4.5000E-38  4.5000E-38
  4.5000E-38  4.5000E-38  4.5000E-38  4.5000E-38  4.5000E-38
  4.5000E-38  4.5000E-38  4.5000E-38  4.5000E-38  4.5000E-38
  4.5000E-38  4.5000E-38  4.5000E-38  4.5000E-38  4.5000E-38
  4.5000E-38  4.5000E-38  4.5000E-38  4.5000E-38  4.5000E-38
  4.5000E-38  4.5000E-38  4.5000E-38  4.5000E-38  4.5000E-38
  4.5000E-38  4.5000E-38  4.5000E-38  4.5000E-38  4.5000E-38
  4.5000E-38  4.5000E-38  4.5000E-38  4.5000E-38  4.5000E-38
  4.5000E-38  4.5000E-38  4.5000E-38  4.5000E-38  4.5000E-38
  4.5000E-38  4.5000E-38  4.5000E-38  4.5000E-38  4.5000E-38
  4.5000E-38  4.5000E-38  4.5000E-38  4.5000E-38  4.5000E-38
  4.5000E-38  4.5000E-38  4.5000E-38  4.5000E-38  4.5000E-38
  4.5000E-38  4.5000E-38  4.5000E-38  4.5000E-38  4.5000E-38
  4.5000E-38  4.5000E-38  4.5000E-38  4.5000E-38  4.5000E-38
  4.5000E-38  4.5000E-38  4.5000E-38  4.5000E-38  4.5000E-38
  4.5000E-38  4.5000E-38  4.5000E-38  4.5000E-38  4.5000E-38
  4.5000E-38  4.5000E-38  4.5000E-38  4.5000E-38  4.5000E-38
  4.5000E-38  4.5000E-38  4.5000E-38  4.5000E-38  4.5000E-38
  4.5000E-38  4.5000E-38  4.5000E-38  4.5000E-38  4.5000E-38
  4.5000E-38  4.5000E-38  4.5000E-38  4.5000E-38  4.5000E-38
  4.5000E-38  4.5000E-38  4.5000E-38  4.5000E-38  4.5000E-38
  4.5000E-38  4.5000E-38  4.5000E-38  4.5000E-38  4.5000E-38
  4.5000E-38  4.5000E-38  4.5000E-38  4.5000E-38  4.5000E-38
  4.5001E-38  4.0213E-21  1.2499E-29  1.4687E-28  6.1934E-29
  4.5001E-38  1.3406E-21  1.9213E-30  2.2576E-29  9.5202E-30
  4.5001E-38  4.0222E-22  2.6654E-31  3.1320E-30  1.3207E-30
  4.5001E-38  1.3408E-22  4.6455E-32  5.4586E-31  2.3018E-31
  4.5001E-38  4.0227E-23  7.1415E-33  8.3915E-32  3.5386E-32
  4.5000E-38  1.3409E-23  1.3259E-33  1.5580E-32  6.5702E-33
  4.5000E-38  4.0229E-24  2.1295E-34  2.5023E-33  1.0552E-33
  4.5001E-38  1.3410E-24  4.0499E-35  4.7588E-34  2.0067E-34
  4.5001E-38  4.0231E-25  6.6055E-36  7.7616E-35  3.2731E-35
  4.5001E-38  1.3410E-25  1.2664E-36  1.4880E-35  6.2750E-36
  4.5001E-38  4.0231E-26  2.0759E-37  2.4393E-36  1.0286E-36
  4.5001E-38  1.3410E-26  4.5001E-38  4.6888E-37  1.9772E-37
  4.5001E-38  4.0231E-27  4.5001E-38  7.6987E-38  4.5001E-38
  4.5001E-38  1.3410E-27  4.5001E-38  4.5001E-38  4.5001E-38
  4.5001E-38  4.0231E-28  4.5001E-38  4.5001E-38  4.5001E-38
  4.5001E-38  1.3410E-28  4.5001E-38  4.5001E-38  4.5001E-38
  4.5001E-38  4.0231E-29  4.5001E-38  4.5001E-38  4.5001E-38
  4.5001E-38  1.3410E-29  4.5001E-38  4.5001E-38  4.5001E-38
  2.1037E-34  5.5095E-19  6.5175E-26  6.4790E-25  2.4157E-26
  4.0487E-35  1.8366E-19  8.3359E-27  8.2866E-26  9.2692E-27
  6.6527E-36  5.5107E-20  9.4261E-28  9.3704E-27  3.4938E-27
  1.2803E-36  1.8371E-20  1.3933E-28  1.3850E-27  6.1169E-28
  2.1037E-37  5.5121E-21  1.8622E-29  1.8512E-28  8.1754E-29
  4.5001E-38  1.8375E-21  3.1629E-30  3.1442E-29  1.3886E-29
  4.5000E-38  5.5129E-22  4.7697E-31  4.7416E-30  2.0940E-30
  4.5001E-38  1.8377E-22  8.7584E-32  8.7067E-31  3.8451E-31
  4.5001E-38  5.5132E-23  1.3964E-32  1.3881E-31  6.1306E-32
  4.5001E-38  1.8377E-23  2.6453E-33  2.6296E-32  1.1613E-32
  4.5001E-38  5.5133E-24  4.3040E-34  4.2785E-33  1.8895E-33
  4.5001E-38  1.8377E-24  8.2408E-35  8.1921E-34  3.6179E-34
  4.5001E-38  5.5134E-25  1.3498E-35  1.3418E-34  5.9261E-35
  4.5001E-38  1.8378E-25  2.5935E-36  2.5782E-35  1.1386E-35
  4.5001E-38  5.5134E-26  4.2574E-37  4.2322E-36  1.8690E-36
  4.5001E-38  1.8378E-26  8.1890E-38  8.1406E-37  3.5952E-37
  4.5001E-38  5.5134E-27  4.5001E-38  1.3372E-37  5.9056E-38
  4.5001E-38  1.8378E-27  4.5001E-38  4.5001E-38  4.5001E-38
  5.7165E-31  4.3391E-17  1.7362E-22  1.4873E-21  2.5780E-24
  1.1001E-31  1.4464E-17  2.0248E-23  1.7344E-22  9.0197E-25
  1.8077E-32  4.3396E-18  1.9905E-24  1.7051E-23  2.9556E-25
  3.4789E-33  1.4466E-18  2.5141E-25  2.1536E-24  1.1199E-25
  5.7165E-34  4.3405E-19  2.7944E-26  2.3937E-25  4.1494E-26
  1.1001E-34  1.4470E-19  4.0610E-27  3.4787E-26  1.6001E-26
  1.8077E-35  4.3414E-20  5.3360E-28  4.5709E-27  2.1025E-27
  3.4789E-36  1.4473E-20  8.9517E-29  7.6682E-28  3.5272E-28
  5.7165E-37  4.3422E-21  1.3372E-29  1.1454E-28  5.2688E-29
  1.1001E-37  1.4474E-21  2.4416E-30  2.0915E-29  9.6208E-30
  4.5001E-38  4.3425E-22  3.8783E-31  3.3222E-30  1.5281E-30
  4.5001E-38  1.4475E-22  7.3320E-32  6.2807E-31  2.8889E-31
  4.5001E-38  4.3426E-23  1.1914E-32  1.0206E-31  4.6944E-32
  4.5001E-38  1.4475E-23  2.2796E-33  1.9528E-32  8.9825E-33
  4.5001E-38  4.3426E-24  3.7325E-34  3.1973E-33  1.4707E-33
  4.5001E-38  1.4475E-24  7.1700E-35  6.1419E-34  2.8251E-34
  4.5001E-38  4.3426E-25  1.1768E-35  1.0081E-34  4.6369E-35
  4.5001E-38  1.4475E-25  2.2634E-36  1.9389E-35  8.9185E-36
  6.7274E-28  2.1445E-15  2.1946E-19  1.5734E-19  1.8422E-22
  1.2947E-28  7.1485E-16  2.4792E-20  5.3323E-20  6.2433E-23
  2.1274E-29  2.1446E-16  2.3029E-21  1.6510E-20  1.9331E-23
  4.0941E-30  7.1490E-17  2.6875E-22  2.0148E-21  6.7679E-24
  6.7275E-31  2.1448E-17  2.6452E-23  1.9831E-22  2.2204E-24
  1.2947E-31  7.1501E-18  3.3462E-24  2.5086E-23  8.4265E-25
  2.1274E-32  2.1453E-18  3.7273E-25  2.7943E-24  3.1287E-25
  4.0941E-33  7.1518E-19  5.4285E-26  4.0696E-25  1.3670E-25
  6.7274E-34  2.1458E-19  7.1483E-27  5.3590E-26  2.5556E-26
  1.2947E-34  7.1533E-20  1.2011E-27  9.0050E-27  4.2944E-27
  2.1273E-35  2.1461E-20  1.7965E-28  1.3468E-27  6.4228E-28
  4.0942E-36  7.1541E-21  3.2829E-29  2.4611E-28  1.1736E-28
  6.7273E-37  2.1463E-21  5.2170E-30  3.9112E-29  1.8651E-29
  1.2947E-37  7.1544E-22  9.8657E-31  7.3962E-30  3.5271E-30
  4.5001E-38  2.1463E-22  1.6033E-31  1.2020E-30  5.7323E-31
  4.5001E-38  7.1545E-23  3.0681E-32  2.3002E-31  1.0969E-31
  4.5001E-38  2.1463E-23  5.0239E-33  3.7664E-32  1.7961E-32
  4.5001E-38  7.1546E-24  9.6509E-34  7.2352E-33  3.4504E-33
  3.8873E-25  7.1350E-14  1.3808E-16  6.2413E-18  8.7789E-21
  7.4814E-26  2.3783E-14  1.5436E-17  2.0931E-18  2.9442E-21
  1.2293E-26  7.1351E-15  1.4058E-18  6.3543E-19  8.9379E-22
  2.3658E-27  2.3784E-15  1.5918E-19  2.1584E-19  3.0360E-22
  3.8874E-28  7.1355E-16  1.4849E-20  6.7117E-20  9.4406E-23
  7.4815E-29  2.3786E-16  1.7439E-21  1.1594E-20  3.3262E-23
  1.2293E-29  7.1363E-17  1.7349E-22  1.1534E-21  1.1030E-23
  2.3658E-30  2.3790E-17  2.2250E-23  1.4793E-22  4.2438E-24
  3.8874E-31  7.1379E-18  2.5253E-24  1.6789E-23  1.6055E-24
  7.4814E-32  2.3795E-18  3.7460E-25  2.4904E-24  7.1448E-25
  1.2293E-32  7.1396E-19  5.0242E-26  3.3403E-25  1.6450E-25
  2.3658E-33  2.3800E-19  8.5546E-27  5.6875E-26  2.8010E-26
  3.8875E-34  7.1406E-20  1.2925E-27  8.5934E-27  4.2322E-27
  7.4813E-35  2.3803E-20  2.3760E-28  1.5797E-27  7.7798E-28
  1.2293E-35  7.1410E-21  3.7911E-29  2.5204E-28  1.2413E-28
  2.3658E-36  2.3803E-21  7.1844E-30  4.7766E-29  2.3524E-29
  3.8875E-37  7.1412E-22  1.1692E-30  7.7735E-30  3.8284E-30
  7.4813E-38  2.3804E-22  2.2390E-31  1.4886E-30  7.3312E-31
  2.2977E-18  4.1073E-10  3.7623E-11  5.6820E-14  1.2606E-16
  5.1034E-19  1.3691E-10  1.2595E-11  1.9017E-14  4.2159E-17
  8.3943E-20  4.1072E-11  3.7872E-12  5.7179E-15  1.2672E-17
  1.6168E-20  1.3691E-11  1.2649E-12  1.9097E-15  4.2322E-18
  2.6577E-21  4.1073E-12  1.1691E-13  5.7481E-16  1.2738E-18
  5.1159E-22  1.3691E-12  1.3055E-14  1.9258E-16  4.2676E-19
  8.4072E-23  4.1073E-13  1.1866E-15  5.8343E-17  1.2929E-19
  1.6181E-23  1.3691E-13  1.3392E-16  1.9754E-17  4.3777E-20
  2.6588E-24  4.1074E-14  1.2419E-17  6.1064E-18  1.3531E-20
  5.1171E-25  1.3692E-14  1.4457E-18  2.1325E-18  4.7256E-21
  8.4083E-26  4.1078E-15  1.4168E-19  6.9666E-19  1.5438E-21
  1.6182E-26  1.3694E-15  1.7823E-20  8.7951E-20  5.8261E-22
  2.6589E-27  4.1088E-16  1.9699E-21  9.7208E-21  2.1464E-22
  5.1172E-28  1.3697E-16  2.8466E-22  1.4047E-21  9.3051E-23
  8.4083E-29  4.1098E-17  3.7186E-23  1.8349E-22  4.0518E-23
  1.6182E-29  1.3700E-17  6.2116E-24  3.0651E-23  1.6332E-23
  2.6589E-30  4.1105E-18  9.2475E-25  4.5632E-24  2.4314E-24
  5.1172E-31  1.3702E-18  1.6851E-25  8.3156E-25  4.4309E-25
  9.8945E-15  3.0125E-07  1.0423E-08  1.7491E-11  8.4732E-14
  5.3235E-15  1.0236E-07  6.0243E-09  9.7169E-12  3.7945E-14
  1.6682E-15  3.0931E-08  2.7440E-09  4.3015E-12  1.4799E-14
  5.5727E-16  1.0332E-08  1.1399E-09  1.7627E-12  5.7442E-15
  1.6730E-16  3.1021E-09  3.8201E-10  5.8698E-13  1.8670E-15
  5.5781E-17  1.0342E-09  1.3232E-10  2.0288E-13  6.4033E-16
  1.4678E-17  3.1030E-10  4.0320E-11  6.1773E-14  1.9441E-16
  2.8343E-18  1.0344E-10  1.3529E-11  2.0722E-14  6.5164E-17
  4.6670E-19  3.1031E-11  2.3453E-12  6.2564E-15  1.9668E-17
  8.9912E-20  1.0344E-11  2.6264E-13  2.1021E-15  6.6078E-18
  1.4784E-20  3.1032E-12  2.3988E-14  6.4001E-16  2.0117E-18
  2.8460E-21  1.0344E-12  2.7283E-15  2.1837E-16  6.8641E-19
  4.6776E-22  3.1033E-13  2.5661E-16  6.8464E-17  2.1520E-19
  9.0028E-23  1.0345E-13  3.0501E-17  2.4413E-17  7.6739E-20
  1.4794E-23  3.1037E-14  3.0949E-18  8.2575E-18  2.5955E-20
  2.8472E-24  1.0347E-14  4.0679E-19  1.5953E-18  1.0234E-20
  4.6786E-25  3.1045E-15  4.7669E-20  1.8695E-19  3.9977E-21
  9.0039E-26  1.0349E-15  7.2850E-21  2.8570E-20  1.8328E-21
  1.5995E-13  3.5175E-07  1.2452E-08  2.1419E-11  1.5342E-13
  1.4071E-13  3.5172E-07  1.2443E-08  2.1402E-11  1.5322E-13
  1.1449E-13  3.5170E-07  1.2436E-08  2.1390E-11  1.5308E-13
  8.8496E-14  3.5169E-07  1.2431E-08  2.1382E-11  1.5298E-13
  6.1748E-14  3.5167E-07  1.2424E-08  2.1372E-11  1.5287E-13
  3.6026E-14  1.8965E-07  9.5683E-09  1.6056E-11  9.7313E-14
  1.7411E-14  5.7641E-08  5.0264E-09  8.1165E-12  4.0058E-14
  6.3147E-15  1.9291E-08  2.3630E-09  3.7324E-12  1.6707E-14
  1.8972E-15  5.7958E-09  8.7382E-10  1.3634E-12  5.8107E-15
  6.3268E-16  1.9327E-09  3.1697E-10  4.9229E-13  2.0617E-15
  1.8983E-16  5.7993E-10  9.8691E-11  1.5299E-13  6.3644E-16
  3.9748E-17  1.9331E-10  3.3425E-11  5.1787E-14  2.1500E-16
  6.5626E-18  5.7996E-11  3.6054E-12  1.5775E-14  6.5445E-17
  1.2660E-18  1.9332E-11  4.0770E-13  5.3527E-15  2.2201E-17
  2.0834E-19  5.7999E-12  3.7909E-14  1.6592E-15  6.8815E-18
  4.0128E-20  1.9333E-12  4.4306E-15  5.8177E-16  2.4128E-18
  6.5967E-21  5.8005E-13  4.3715E-16  1.9134E-16  7.9357E-19
  1.2698E-21  1.9337E-13  5.5477E-17  7.2848E-17  3.0212E-19
  5.3489E-13  3.5201E-07  1.3879E-08  2.4285E-11  2.3657E-13
  5.1333E-13  3.5145E-07  1.3714E-08  2.3963E-11  2.3077E-13
  4.9141E-13  3.5109E-07  1.3609E-08  2.3758E-11  2.2713E-13
  4.6749E-13  3.5090E-07  1.3553E-08  2.3650E-11  2.2525E-13
  4.3141E-13  3.5077E-07  1.3518E-08  2.3582E-11  2.2406E-13
  3.8539E-13  3.5071E-07  1.3497E-08  2.3544E-11  2.2341E-13
  3.1725E-13  3.5066E-07  1.3478E-08  2.3512E-11  2.2287E-13
  2.4293E-13  3.5063E-07  1.3453E-08  2.3474E-11  2.2226E-13
  1.6861E-13  3.5056E-07  1.3410E-08  2.3414E-11  2.2132E-13
  8.9207E-14  1.3091E-07  8.8782E-09  1.4925E-11  1.0879E-13
  4.2567E-14  3.9637E-08  4.5461E-09  7.3766E-12  4.4674E-14
  1.8863E-14  1.3250E-08  2.0921E-09  3.3281E-12  1.8477E-14
  5.6650E-15  3.9791E-09  7.6158E-10  1.1984E-12  6.3739E-15
  1.8889E-15  1.3268E-09  2.7508E-10  4.3108E-13  2.2584E-15
  4.6946E-16  3.9809E-10  8.5016E-11  1.3458E-13  7.0100E-16
  9.1248E-17  1.3270E-10  9.7045E-12  4.6184E-14  2.4014E-16
  1.5084E-17  3.9812E-11  9.0282E-13  1.4334E-14  7.4486E-17
  2.9118E-18  1.3271E-11  1.0540E-13  5.0215E-15  2.6089E-17
  3.8113E-12  3.6409E-07  1.9516E-08  3.5971E-11  7.2045E-13
  2.8328E-12  3.6102E-07  1.8261E-08  3.3299E-11  5.7987E-13
  2.2073E-12  3.5771E-07  1.7058E-08  3.0790E-11  4.7757E-13
  1.8739E-12  3.5513E-07  1.6210E-08  2.9053E-11  4.1889E-13
  1.6560E-12  3.5300E-07  1.5563E-08  2.7743E-11  3.7982E-13
  1.5319E-12  3.5167E-07  1.5182E-08  2.6977E-11  3.5880E-13
  1.4343E-12  3.5075E-07  1.4925E-08  2.6466E-11  3.4539E-13
  1.3508E-12  3.5023E-07  1.4784E-08  2.6188E-11  3.3831E-13
  1.2244E-12  3.4990E-07  1.4687E-08  2.6000E-11  3.3364E-13
  1.0579E-12  3.4969E-07  1.4619E-08  2.5878E-11  3.3068E-13
  8.5343E-13  3.4951E-07  1.4551E-08  2.5766E-11  3.2806E-13
  6.5948E-13  3.4934E-07  1.4476E-08  2.5653E-11  3.2551E-13
  4.6088E-13  3.4909E-07  1.4353E-08  2.5474E-11  3.2157E-13
  2.3864E-13  1.1991E-07  9.3991E-09  1.6034E-11  1.5160E-13
  1.1380E-13  3.6281E-08  4.9117E-09  8.0873E-12  6.3103E-14
  5.5471E-14  1.2125E-08  2.3117E-09  3.7278E-12  2.6537E-14
  2.3280E-14  3.6413E-09  8.6551E-10  1.3786E-12  9.3696E-15
  8.4292E-15  1.2141E-09  3.2060E-10  5.0807E-13  3.3954E-15
  6.3226E-11  3.7210E-07  2.3740E-08  4.5366E-11  1.9518E-12
  4.0718E-11  3.7136E-07  2.3373E-08  4.4548E-11  1.7949E-12
  2.4977E-11  3.7006E-07  2.2747E-08  4.3139E-11  1.5506E-12
  1.6264E-11  3.6827E-07  2.1933E-08  4.1317E-11  1.2980E-12
  1.0603E-11  3.6557E-07  2.0796E-08  3.8807E-11  1.0371E-12
  7.5859E-12  3.6256E-07  1.9638E-08  3.6297E-11  8.4342E-13
  5.6489E-12  3.5902E-07  1.8413E-08  3.3694E-11  6.8949E-13
  4.6108E-12  3.5602E-07  1.7474E-08  3.1731E-11  5.9569E-13
  3.9209E-12  3.5336E-07  1.6706E-08  3.0149E-11  5.3069E-13
  3.4895E-12  3.5161E-07  1.6227E-08  2.9177E-11  4.9459E-13
  3.0597E-12  3.5032E-07  1.5882E-08  2.8486E-11  4.7061E-13
  2.6784E-12  3.4954E-07  1.5673E-08  2.8081E-11  4.5719E-13
  2.2408E-12  3.4893E-07  1.5506E-08  2.7773E-11  4.4740E-13
  1.8002E-12  3.4845E-07  1.5364E-08  2.7532E-11  4.4011E-13
  1.3112E-12  3.4785E-07  1.5172E-08  2.7228E-11  4.3133E-13
  9.1558E-13  3.4706E-07  1.4908E-08  2.6828E-11  4.2025E-13
  4.7403E-13  1.3013E-07  1.0298E-08  1.7921E-11  2.1398E-13
  2.4632E-13  4.3760E-08  5.9279E-09  9.9756E-12  9.8161E-14
  2.7647E-10  3.7305E-07  2.4193E-08  4.5939E-11  1.8293E-12
  2.3712E-10  3.7296E-07  2.4176E-08  4.6124E-11  2.0011E-12
  1.8601E-10  3.7278E-07  2.4108E-08  4.6107E-11  2.0948E-12
  1.3866E-10  3.7248E-07  2.3982E-08  4.5891E-11  2.0993E-12
  9.3739E-11  3.7191E-07  2.3740E-08  4.5379E-11  2.0197E-12
  6.2774E-11  3.7105E-07  2.3376E-08  4.4572E-11  1.8734E-12
  3.9676E-11  3.6956E-07  2.2762E-08  4.3197E-11  1.6464E-12
  2.6318E-11  3.6755E-07  2.1975E-08  4.1442E-11  1.4078E-12
  1.7370E-11  3.6459E-07  2.0895E-08  3.9067E-11  1.1554E-12
  1.2420E-11  3.6136E-07  1.9818E-08  3.6737E-11  9.6376E-13
  8.8268E-12  3.5771E-07  1.8703E-08  3.4367E-11  8.0853E-13
  6.3473E-12  3.5469E-07  1.7854E-08  3.2598E-11  7.1221E-13
  4.4905E-12  3.5202E-07  1.7158E-08  3.1173E-11  6.4420E-13
  3.2872E-12  3.5020E-07  1.6709E-08  3.0274E-11  6.0522E-13
  2.2351E-12  3.4865E-07  1.6346E-08  2.9576E-11  5.7717E-13
  1.4914E-12  3.4738E-07  1.6058E-08  2.9059E-11  5.5787E-13
  9.0881E-13  3.4571E-07  1.5701E-08  2.8463E-11  5.3726E-13
  5.5796E-13  3.4348E-07  1.5249E-08  2.7738E-11  5.1384E-13
  3.4918E-10  3.7313E-07  2.3829E-08  4.2580E-11  9.5463E-13
  3.4197E-10  3.7313E-07  2.4025E-08  4.4242E-11  1.2816E-12
  3.2872E-10  3.7311E-07  2.4137E-08  4.5308E-11  1.6200E-12
  3.0977E-10  3.7306E-07  2.4181E-08  4.5839E-11  1.8669E-12
  2.7883E-10  3.7296E-07  2.4180E-08  4.6109E-11  2.0488E-12
  2.4055E-10  3.7281E-07  2.4136E-08  4.6150E-11  2.1361E-12
  1.9035E-10  3.7248E-07  2.4025E-08  4.5984E-11  2.1544E-12
  1.4340E-10  3.7199E-07  2.3841E-08  4.5609E-11  2.1050E-12
  9.8503E-11  3.7108E-07  2.3502E-08  4.4867E-11  1.9792E-12
  6.7284E-11  3.6975E-07  2.3019E-08  4.3790E-11  1.8036E-12
  4.3595E-11  3.6757E-07  2.2257E-08  4.2096E-11  1.5655E-12
  2.9029E-11  3.6482E-07  2.1360E-08  4.0123E-11  1.3391E-12
  1.8500E-11  3.6115E-07  2.0244E-08  3.7712E-11  1.1183E-12
  1.2894E-11  3.5752E-07  1.9243E-08  3.5589E-11  9.6118E-13
  9.0576E-12  3.5370E-07  1.8292E-08  3.3614E-11  8.3894E-13
  6.5543E-12  3.5056E-07  1.7593E-08  3.2203E-11  7.6333E-13
  4.4517E-12  3.4733E-07  1.6965E-08  3.0988E-11  7.0579E-13
  2.9923E-12  3.4405E-07  1.6425E-08  3.0004E-11  6.6458E-13
  3.5787E-10  3.7296E-07  2.1767E-08  3.1115E-11  3.2883E-13
  3.5681E-10  3.7306E-07  2.2809E-08  3.6430E-11  5.2732E-13
  3.5466E-10  3.7311E-07  2.3476E-08  4.0548E-11  8.2269E-13
  3.5119E-10  3.7312E-07  2.3823E-08  4.2975E-11  1.1429E-12
  3.4459E-10  3.7312E-07  2.4033E-08  4.4592E-11  1.4979E-12
  3.3441E-10  3.7309E-07  2.4132E-08  4.5441E-11  1.7759E-12
  3.1623E-10  3.7302E-07  2.4176E-08  4.5940E-11  1.9987E-12
  2.9209E-10  3.7290E-07  2.4170E-08  4.6136E-11  2.1242E-12
  2.5436E-10  3.7266E-07  2.4112E-08  4.6135E-11  2.1868E-12
  2.1125E-10  3.7228E-07  2.3998E-08  4.5942E-11  2.1840E-12
  1.5986E-10  3.7159E-07  2.3772E-08  4.5474E-11  2.1181E-12
  1.1560E-10  3.7052E-07  2.3432E-08  4.4729E-11  1.9995E-12
  7.4360E-11  3.6868E-07  2.2856E-08  4.3456E-11  1.8090E-12
  4.7594E-11  3.6616E-07  2.2111E-08  4.1823E-11  1.5977E-12
  3.0321E-11  3.6242E-07  2.1092E-08  3.9617E-11  1.3616E-12
  2.0728E-11  3.5820E-07  2.0064E-08  3.7435E-11  1.1717E-12
  1.3873E-11  3.5294E-07  1.8951E-08  3.5135E-11  1.0075E-12
  9.5860E-12  3.4754E-07  1.8004E-08  3.3245E-11  8.9562E-13
  3.5844E-10  3.7206E-07  1.5087E-08  1.3887E-11  9.3188E-14
  3.5855E-10  3.7255E-07  1.8419E-08  2.0885E-11  1.7200E-13
  3.5830E-10  3.7284E-07  2.0875E-08  2.8552E-11  3.1294E-13
  3.5764E-10  3.7299E-07  2.2264E-08  3.4469E-11  5.0755E-13
  3.5621E-10  3.7307E-07  2.3168E-08  3.9243E-11  7.9941E-13
  3.5386E-10  3.7310E-07  2.3642E-08  4.2137E-11  1.1188E-12
  3.4931E-10  3.7310E-07  2.3935E-08  4.4105E-11  1.4767E-12
  3.4218E-10  3.7308E-07  2.4079E-08  4.5157E-11  1.7606E-12
  3.2908E-10  3.7300E-07  2.4153E-08  4.5796E-11  1.9919E-12
  3.0996E-10  3.7288E-07  2.4167E-08  4.6076E-11  2.1267E-12
  2.8073E-10  3.7263E-07  2.4130E-08  4.6149E-11  2.2023E-12
  2.4339E-10  3.7222E-07  2.4038E-08  4.6025E-11  2.2157E-12
  1.9163E-10  3.7146E-07  2.3846E-08  4.5646E-11  2.1736E-12
  1.3741E-10  3.7030E-07  2.3542E-08  4.5003E-11  2.0808E-12
  8.8714E-11  3.6815E-07  2.3010E-08  4.3854E-11  1.9189E-12
  5.9110E-11  3.6510E-07  2.2302E-08  4.2330E-11  1.7270E-12
  3.7630E-11  3.6018E-07  2.1271E-08  4.0141E-11  1.4943E-12
  2.4891E-11  3.5390E-07  2.0134E-08  3.7785E-11  1.2898E-12
  3.5626E-10  3.6752E-07  5.3396E-09  3.4438E-12  2.1140E-14
  3.5760E-10  3.7025E-07  9.4101E-09  7.0809E-12  4.6945E-14
  3.5829E-10  3.7169E-07  1.4183E-08  1.3260E-11  1.0172E-13
  3.5847E-10  3.7236E-07  1.7746E-08  2.0251E-11  1.8891E-13
  3.5826E-10  3.7274E-07  2.0446E-08  2.8015E-11  3.4371E-13
  3.5762E-10  3.7292E-07  2.1996E-08  3.4064E-11  5.5394E-13
  3.5622E-10  3.7303E-07  2.3014E-08  3.8974E-11  8.6161E-13
  3.5389E-10  3.7306E-07  2.3550E-08  4.1963E-11  1.1881E-12
  3.4937E-10  3.7305E-07  2.3882E-08  4.3999E-11  1.5417E-12
  3.4228E-10  3.7300E-07  2.4045E-08  4.5089E-11  1.8135E-12
  3.2923E-10  3.7288E-07  2.4129E-08  4.5749E-11  2.0291E-12
  3.1011E-10  3.7267E-07  2.4144E-08  4.6032E-11  2.1522E-12
  2.7929E-10  3.7225E-07  2.4099E-08  4.6094E-11  2.2196E-12
  2.3748E-10  3.7157E-07  2.3989E-08  4.5939E-11  2.2290E-12
  1.7705E-10  3.7027E-07  2.3753E-08  4.5487E-11  2.1845E-12
  1.2701E-10  3.6822E-07  2.3386E-08  4.4734E-11  2.0926E-12
  8.4043E-11  3.6445E-07  2.2744E-08  4.3398E-11  1.9336E-12
  5.5406E-11  3.5885E-07  2.1866E-08  4.1580E-11  1.7406E-12
  3.4785E-10  3.4551E-07  1.2733E-09  7.7650E-13  5.1911E-15
  3.5305E-10  3.5911E-07  2.6589E-09  1.6914E-12  1.1488E-14
  3.5608E-10  3.6661E-07  5.6512E-09  3.9625E-12  2.8150E-14
  3.5746E-10  3.6981E-07  9.7180E-09  7.9117E-12  6.1072E-14
  3.5812E-10  3.7148E-07  1.4425E-08  1.4429E-11  1.2992E-13
  3.5820E-10  3.7224E-07  1.7913E-08  2.1572E-11  2.3752E-13
  3.5778E-10  3.7267E-07  2.0548E-08  2.9245E-11  4.2333E-13
  3.5680E-10  3.7287E-07  2.2057E-08  3.5046E-11  6.6567E-13
  3.5474E-10  3.7296E-07  2.3045E-08  3.9644E-11  1.0010E-12
  3.5137E-10  3.7297E-07  2.3564E-08  4.2393E-11  1.3337E-12
  3.4491E-10  3.7291E-07  2.3881E-08  4.4238E-11  1.6696E-12
  3.3492E-10  3.7275E-07  2.4029E-08  4.5205E-11  1.9113E-12
  3.1685E-10  3.7242E-07  2.4091E-08  4.5759E-11  2.0920E-12
  2.9001E-10  3.7188E-07  2.4073E-08  4.5947E-11  2.1875E-12
  2.4380E-10  3.7083E-07  2.3964E-08  4.5864E-11  2.2290E-12
  1.9228E-10  3.6911E-07  2.3752E-08  4.5505E-11  2.2160E-12
  1.3867E-10  3.6583E-07  2.3340E-08  4.4710E-11  2.1473E-12
  9.6070E-11  3.6070E-07  2.2710E-08  4.3458E-11  2.0290E-12
  3.2266E-10  2.7981E-07  3.8514E-10  2.4524E-13  1.8296E-15
  3.3866E-10  3.1967E-07  7.8557E-10  5.0595E-13  3.7943E-15
  3.4856E-10  3.4610E-07  1.7040E-09  1.1270E-12  8.5552E-15
  3.5345E-10  3.5939E-07  3.4337E-09  2.3915E-12  1.8567E-14
  3.5622E-10  3.6671E-07  6.8568E-09  5.3351E-12  4.3900E-14
  3.5737E-10  3.6984E-07  1.1068E-08  1.0059E-11  9.1553E-14
  3.5775E-10  3.7148E-07  1.5566E-08  1.7236E-11  1.8697E-13
  3.5745E-10  3.7222E-07  1.8734E-08  2.4512E-11  3.3009E-13
  3.5634E-10  3.7262E-07  2.1059E-08  3.1793E-11  5.6456E-13
  3.5430E-10  3.7278E-07  2.2368E-08  3.6979E-11  8.4962E-13
  3.5023E-10  3.7280E-07  2.3213E-08  4.0908E-11  1.2101E-12
  3.4377E-10  3.7270E-07  2.3646E-08  4.3174E-11  1.5336E-12
  3.3173E-10  3.7240E-07  2.3895E-08  4.4636E-11  1.8292E-12
  3.1354E-10  3.7188E-07  2.3985E-08  4.5343E-11  2.0225E-12
  2.8004E-10  3.7083E-07  2.3963E-08  4.5641E-11  2.1516E-12
  2.3408E-10  3.6913E-07  2.3824E-08  4.5543E-11  2.2035E-12
  1.8029E-10  3.6584E-07  2.3506E-08  4.5024E-11  2.1992E-12
  1.3244E-10  3.6065E-07  2.2986E-08  4.4053E-11  2.1400E-12
  2.5853E-10  1.5937E-07  1.1899E-10  7.9994E-14  6.6226E-16
  3.0091E-10  2.3159E-07  2.6986E-10  1.8219E-13  1.5114E-15
  3.2792E-10  2.9145E-07  6.0209E-10  4.1024E-13  3.4182E-15
  3.4183E-10  3.2704E-07  1.2070E-09  8.3630E-13  7.0251E-15
  3.5025E-10  3.5013E-07  2.5546E-09  1.8390E-12  1.5746E-14
  3.5428E-10  3.6146E-07  4.9082E-09  3.7909E-12  3.3630E-14
  3.5636E-10  3.6760E-07  8.9561E-09  7.9064E-12  7.6188E-14
  3.5697E-10  3.7024E-07  1.3217E-08  1.3732E-11  1.5071E-13
  3.5661E-10  3.7162E-07  1.7260E-08  2.1544E-11  2.9052E-13
  3.5530E-10  3.7223E-07  1.9906E-08  2.8623E-11  4.8688E-13
  3.5234E-10  3.7250E-07  2.1767E-08  3.5058E-11  7.8267E-13
  3.4746E-10  3.7250E-07  2.2783E-08  3.9300E-11  1.1061E-12
  3.3816E-10  3.7226E-07  2.3414E-08  4.2322E-11  1.4671E-12
  3.2398E-10  3.7173E-07  2.3708E-08  4.3954E-11  1.7515E-12
  2.9822E-10  3.7064E-07  2.3819E-08  4.4879E-11  1.9796E-12
  2.6059E-10  3.6883E-07  2.3756E-08  4.5135E-11  2.1059E-12
  2.0809E-10  3.6531E-07  2.3486E-08  4.4850E-11  2.1627E-12
  1.5778E-10  3.5973E-07  2.2996E-08  4.4018E-11  2.1473E-12
  1.3281E-10  4.7902E-08  2.8663E-11  2.0315E-14  1.8495E-16
  2.1489E-10  1.0933E-07  8.3517E-11  5.9287E-14  5.4015E-16
  2.7878E-10  1.9227E-07  2.2181E-10  1.5807E-13  1.4429E-15
  3.1342E-10  2.5805E-07  4.7759E-10  3.4268E-13  3.1390E-15
  3.3498E-10  3.0884E-07  1.0306E-09  7.5052E-13  6.9273E-15
  3.4584E-10  3.3772E-07  2.0207E-09  1.5118E-12  1.4152E-14
  3.5216E-10  3.5577E-07  4.1109E-09  3.2632E-12  3.1567E-14
  3.5489E-10  3.6429E-07  7.3184E-09  6.4084E-12  6.5763E-14
  3.5583E-10  3.6881E-07  1.1842E-08  1.2132E-11  1.4047E-13
  3.5531E-10  3.7075E-07  1.5800E-08  1.9010E-11  2.6019E-13
  3.5316E-10  3.7172E-07  1.9110E-08  2.6927E-11  4.6637E-13
  3.4920E-10  3.7204E-07  2.1114E-08  3.3210E-11  7.2917E-13
  3.4143E-10  3.7196E-07  2.2451E-08  3.8336E-11  1.0791E-12
  3.2938E-10  3.7147E-07  2.3135E-08  4.1416E-11  1.4112E-12
  3.0763E-10  3.7032E-07  2.3495E-08  4.3394E-11  1.7262E-12
  2.7582E-10  3.6838E-07  2.3558E-08  4.4238E-11  1.9335E-12
  2.2742E-10  3.6455E-07  2.3358E-08  4.4318E-11  2.0635E-12
  1.7780E-10  3.5848E-07  2.2888E-08  4.3650E-11  2.0964E-12
  3.2277E-11  8.6524E-09  5.6928E-12  4.2383E-15  4.2068E-17
  8.7958E-11  2.8410E-08  2.0113E-11  1.4981E-14  1.4872E-16
  1.7989E-10  8.1396E-08  7.0198E-11  5.2363E-14  5.2018E-16
  2.5148E-10  1.5426E-07  1.8253E-10  1.3657E-13  1.3589E-15
  3.0076E-10  2.3323E-07  4.4120E-10  3.3236E-13  3.3190E-15
  3.2637E-10  2.8813E-07  9.0202E-10  6.8770E-13  6.9117E-15
  3.4191E-10  3.2747E-07  1.8795E-09  1.4702E-12  1.4987E-14
  3.4941E-10  3.4867E-07  3.5618E-09  2.9165E-12  3.0525E-14
  3.5327E-10  3.6124E-07  6.7260E-09  6.0377E-12  6.6925E-14
  3.5422E-10  3.6691E-07  1.0680E-08  1.0896E-11  1.3328E-13
  3.5310E-10  3.6983E-07  1.5101E-08  1.8184E-11  2.6327E-13
  3.4996E-10  3.7100E-07  1.8334E-08  2.5441E-11  4.5094E-13
  3.4325E-10  3.7135E-07  2.0748E-08  3.2519E-11  7.3964E-13
  3.3257E-10  3.7103E-07  2.2091E-08  3.7398E-11  1.0588E-12
  3.1319E-10  3.6989E-07  2.2892E-08  4.0906E-11  1.4176E-12
  2.8506E-10  3.6782E-07  2.3186E-08  4.2683E-11  1.6973E-12
  2.4039E-10  3.6367E-07  2.3116E-08  4.3370E-11  1.9071E-12
  1.9195E-10  3.5706E-07  2.2689E-08  4.2980E-11  1.9977E-12
  2.8694E-12  7.7257E-10  6.7989E-13  5.4075E-16  6.0305E-18
  9.1104E-12  2.4982E-09  2.2149E-12  1.7616E-15  1.9618E-17
  3.3060E-11  9.7611E-09  8.9000E-12  7.0805E-15  7.8847E-17
  9.0115E-11  3.1700E-08  3.1251E-11  2.4880E-14  2.7714E-16
  1.8238E-10  8.7609E-08  1.0590E-10  8.4481E-14  9.4213E-16
  2.5349E-10  1.6114E-07  2.6797E-10  2.1466E-13  2.3994E-15
  3.0209E-10  2.3870E-07  6.3297E-10  5.1169E-13  5.7496E-15
  3.2702E-10  2.9180E-07  1.2705E-09  1.0435E-12  1.1835E-14
  3.4175E-10  3.2948E-07  2.5803E-09  2.1912E-12  2.5355E-14
  3.4830E-10  3.4957E-07  4.7063E-09  4.2285E-12  5.0746E-14
  3.5065E-10  3.6135E-07  8.3285E-09  8.3036E-12  1.0760E-13
  3.4943E-10  3.6656E-07  1.2360E-08  1.4037E-11  2.0485E-13
  3.4437E-10  3.6904E-07  1.6447E-08  2.1761E-11  3.8278E-13
  3.3529E-10  3.6961E-07  1.9230E-08  2.8715E-11  6.2080E-13
  3.1824E-10  3.6884E-07  2.1173E-08  3.4880E-11  9.5183E-13
  2.9343E-10  3.6673E-07  2.2122E-08  3.8684E-11  1.2756E-12
  2.5315E-10  3.6217E-07  2.2458E-08  4.0895E-11  1.5844E-12
  2.0663E-10  3.5477E-07  2.2200E-08  4.1303E-11  1.7705E-12
  4.8023E-13  1.4127E-10  1.6424E-13  1.3837E-16  1.7028E-18
  1.2176E-12  3.5822E-10  4.1688E-13  3.5124E-16  4.3222E-18
  3.9148E-12  1.1561E-09  1.3502E-12  1.1376E-15  1.4007E-17
  1.2726E-11  3.8496E-09  4.5449E-12  3.8298E-15  4.7143E-17
  4.5338E-11  1.5037E-08  1.8483E-11  1.5581E-14  1.9183E-16
  1.1284E-10  4.5478E-08  6.2053E-11  5.2373E-14  6.4525E-16
  2.0477E-10  1.1140E-07  1.9414E-10  1.6440E-13  2.0295E-15
  2.6847E-10  1.8643E-07  4.6085E-10  3.9279E-13  4.8680E-15
  3.1016E-10  2.5843E-07  1.0367E-09  8.9585E-13  1.1197E-14
  3.3082E-10  3.0506E-07  2.0117E-09  1.7797E-12  2.2580E-14
  3.4199E-10  3.3694E-07  3.9186E-09  3.6357E-12  4.7622E-14
  3.4537E-10  3.5331E-07  6.7357E-09  6.7339E-12  9.3233E-14
  3.4332E-10  3.6242E-07  1.0856E-08  1.2245E-11  1.8869E-13
  3.3620E-10  3.6595E-07  1.4729E-08  1.8911E-11  3.3779E-13
  3.2116E-10  3.6666E-07  1.8128E-08  2.6577E-11  5.8319E-13
  2.9858E-10  3.6502E-07  2.0149E-08  3.2475E-11  8.7226E-13
  2.6144E-10  3.6032E-07  2.1255E-08  3.6795E-11  1.2111E-12
  2.1681E-10  3.5227E-07  2.1386E-08  3.8562E-11  1.4709E-12
  1.6692E-13  5.2739E-11  7.8472E-14  6.9546E-17  9.3492E-19
  3.4205E-13  1.0842E-10  1.6136E-13  1.4301E-16  1.9225E-18
  8.2577E-13  2.6255E-10  3.9104E-13  3.4657E-16  4.6587E-18
  2.1124E-12  6.7300E-10  1.0042E-12  8.9002E-16  1.1972E-17
  7.0714E-12  2.2762E-09  3.4188E-12  3.0303E-15  4.0745E-17
  2.3262E-11  7.8076E-09  1.1966E-11  1.0609E-14  1.4267E-16
  7.4468E-11  2.8597E-08  4.7011E-11  4.1718E-14  5.6131E-16
  1.5467E-10  7.4550E-08  1.4346E-10  1.2762E-13  1.7197E-15
  2.3872E-10  1.5193E-07  3.9938E-10  3.5741E-13  4.8347E-15
  2.8923E-10  2.2416E-07  8.7365E-10  7.9040E-13  1.0768E-14
  3.2009E-10  2.8548E-07  1.8469E-09  1.7089E-12  2.3634E-14
  3.3374E-10  3.2224E-07  3.4145E-09  3.2792E-12  4.6551E-14
  3.3821E-10  3.4583E-07  6.2133E-09  6.4006E-12  9.5902E-14
  3.3465E-10  3.5691E-07  9.7435E-09  1.1057E-11  1.8067E-13
  3.2229E-10  3.6185E-07  1.3919E-08  1.7990E-11  3.4045E-13
  3.0183E-10  3.6192E-07  1.7085E-08  2.4810E-11  5.5916E-13
  2.6717E-10  3.5779E-07  1.9294E-08  3.1058E-11  8.6313E-13
  2.2435E-10  3.4941E-07  2.0099E-08  3.4550E-11  1.1468E-12
  7.9641E-14  2.6839E-11  4.9703E-14  4.6068E-17  6.6996E-19
  1.5484E-13  5.2271E-11  9.6809E-14  8.9730E-17  1.3048E-18
  3.2483E-13  1.0998E-10  2.0375E-13  1.8885E-16  2.7462E-18
  6.7219E-13  2.2837E-10  4.2330E-13  3.9235E-16  5.7054E-18
  1.6785E-12  5.7246E-10  1.0627E-12  9.8506E-16  1.4333E-17
  4.5750E-12  1.5695E-09  2.9257E-12  2.7120E-15  3.9445E-17
  1.6165E-11  5.6954E-09  1.0778E-11  9.9932E-15  1.4536E-16
  4.9580E-11  1.8950E-08  3.7482E-11  3.4776E-14  5.0609E-16
  1.2609E-10  5.8684E-08  1.3232E-10  1.2305E-13  1.7933E-15
  2.0792E-10  1.2317E-07  3.5246E-10  3.2941E-13  4.8171E-15
  2.7349E-10  2.0415E-07  8.6213E-10  8.1490E-13  1.2010E-14
  3.0766E-10  2.6593E-07  1.7340E-09  1.6711E-12  2.4965E-14
  3.2527E-10  3.1226E-07  3.4119E-09  3.4164E-12  5.2503E-14
  3.2867E-10  3.3743E-07  5.8721E-09  6.2382E-12  1.0054E-13
  3.2094E-10  3.5152E-07  9.5784E-09  1.1219E-11  1.9805E-13
  3.0330E-10  3.5592E-07  1.3249E-08  1.7335E-11  3.4774E-13
  2.7114E-10  3.5384E-07  1.6519E-08  2.4373E-11  5.8678E-13
  2.3010E-10  3.4584E-07  1.8218E-08  2.9391E-11  8.4862E-13
  3.0136E-14  1.0982E-11  2.6268E-14  2.5657E-17  4.0932E-19
  6.3588E-14  2.3187E-11  5.5461E-14  5.4170E-17  8.6415E-19
  1.3612E-13  4.9692E-11  1.1887E-13  1.1611E-16  1.8521E-18
  2.6532E-13  9.7012E-11  2.3213E-13  2.2673E-16  3.6164E-18
  5.5519E-13  2.0359E-10  4.8739E-13  4.7604E-16  7.5932E-18
  1.1471E-12  4.2225E-10  1.0118E-12  9.8834E-16  1.5780E-17
  2.8986E-12  1.0732E-09  2.5789E-12  2.5191E-15  4.0189E-17
  8.0315E-12  3.0074E-09  7.2788E-12  7.1109E-15  1.1345E-16
  2.7396E-11  1.0702E-08  2.6576E-11  2.5976E-14  4.1457E-16
  7.4842E-11  3.2591E-08  8.6761E-11  8.4921E-14  1.3566E-15
  1.6024E-10  8.6614E-08  2.7616E-10  2.7143E-13  4.3490E-15
  2.3401E-10  1.5800E-07  6.7062E-10  6.6466E-13  1.0715E-14
  2.8542E-10  2.3434E-07  1.5157E-09  1.5294E-12  2.4984E-14
  3.0776E-10  2.8661E-07  2.8756E-09  2.9881E-12  4.9939E-14
  3.1225E-10  3.2240E-07  5.2817E-09  5.7976E-12  1.0144E-13
  3.0128E-10  3.3904E-07  8.3540E-09  9.9007E-12  1.8629E-13
  2.7379E-10  3.4409E-07  1.2089E-08  1.5969E-11  3.4046E-13
  2.3556E-10  3.3882E-07  1.4841E-08  2.1732E-11  5.3970E-13
  9.9172E-15  3.8709E-12  1.1566E-14  1.1823E-17  2.0462E-19
  2.3810E-14  9.2958E-12  2.7776E-14  2.8393E-17  4.9135E-19
  5.7848E-14  2.2594E-11  6.7514E-14  6.9016E-17  1.1942E-18
  1.2173E-13  4.7577E-11  1.4218E-13  1.4534E-16  2.5149E-18
  2.6027E-13  1.0184E-10  3.0445E-13  3.1122E-16  5.3848E-18
  5.0886E-13  1.9952E-10  5.9667E-13  6.0995E-16  1.0553E-17
  1.0818E-12  4.2567E-10  1.2742E-12  1.3026E-15  2.2559E-17
  2.3229E-12  9.1863E-10  2.7557E-12  2.8173E-15  4.8754E-17
  6.2617E-12  2.5016E-09  7.5485E-12  7.7182E-15  1.3356E-16
  1.7681E-11  7.2331E-09  2.2172E-11  2.2678E-14  3.9255E-16
  5.4384E-11  2.4032E-08  7.7618E-11  7.9489E-14  1.3772E-15
  1.2146E-10  6.2570E-08  2.2828E-10  2.3452E-13  4.0732E-15
  2.0621E-10  1.3366E-07  6.3178E-10  6.5442E-13  1.1437E-14
  2.6114E-10  2.0560E-07  1.3713E-09  1.4419E-12  2.5498E-14
  2.8952E-10  2.6891E-07  2.8099E-09  3.0445E-12  5.5168E-14
  2.9152E-10  3.0574E-07  4.8961E-09  5.5552E-12  1.0482E-13
  2.7232E-10  3.2510E-07  8.0138E-09  9.8215E-12  2.0005E-13
  2.3841E-10  3.2685E-07  1.1044E-08  1.4827E-11  3.3665E-13
  2.1998E-15  9.2461E-13  3.5148E-15  3.7750E-18  7.1450E-20
  6.0567E-15  2.5458E-12  9.6779E-15  1.0395E-17  1.9672E-19
  1.7149E-14  7.2093E-12  2.7406E-14  2.9434E-17  5.5704E-19
  4.1596E-14  1.7490E-11  6.6493E-14  7.1413E-17  1.3514E-18
  1.0210E-13  4.2954E-11  1.6332E-13  1.7541E-16  3.3191E-18
  2.1669E-13  9.1221E-11  3.4691E-13  3.7259E-16  7.0502E-18
  4.6742E-13  1.9707E-10  7.4980E-13  8.0531E-16  1.5238E-17
  9.2511E-13  3.9095E-10  1.4888E-12  1.5991E-15  3.0289E-17
  2.0241E-12  8.5924E-10  3.2785E-12  3.5215E-15  6.6646E-17
  4.5281E-12  1.9367E-09  7.4197E-12  7.9705E-15  1.5085E-16
  1.2396E-11  5.3944E-09  2.0904E-11  2.2463E-14  4.2524E-16
  3.2818E-11  1.4865E-08  5.9298E-11  6.3773E-14  1.2080E-15
  8.5906E-11  4.3434E-08  1.8888E-10  2.0366E-13  3.8660E-15
  1.5923E-10  9.6095E-08  4.9707E-10  5.3919E-13  1.0285E-14
  2.2854E-10  1.7251E-07  1.2213E-09  1.3435E-12  2.5926E-14
  2.6010E-10  2.3571E-07  2.4130E-09  2.7187E-12  5.3551E-14
  2.6075E-10  2.8163E-07  4.4673E-09  5.2629E-12  1.0801E-13
  2.3683E-10  2.9993E-07  6.9411E-09  8.7030E-12  1.9046E-13
  5.1481E-16  2.3047E-13  1.0786E-15  1.2091E-18  2.4770E-20
  1.4712E-15  6.5867E-13  3.0826E-15  3.4556E-18  7.0790E-20
  4.6378E-15  2.0764E-12  9.7176E-15  1.0894E-17  2.2314E-19
  1.2688E-14  5.6809E-12  2.6588E-14  2.9805E-17  6.1049E-19
  3.5666E-14  1.5972E-11  7.4754E-14  8.3799E-17  1.7164E-18
  8.5771E-14  3.8422E-11  1.7985E-13  2.0161E-16  4.1291E-18
  2.0826E-13  9.3350E-11  4.3706E-13  4.8995E-16  1.0034E-17
  4.3891E-13  1.9695E-10  9.2252E-13  1.0341E-15  2.1180E-17
  9.5140E-13  4.2784E-10  2.0062E-12  2.2490E-15  4.6100E-17
  1.9372E-12  8.7426E-10  4.1070E-12  4.6045E-15  9.4318E-17
  4.5142E-12  2.0526E-09  9.6846E-12  1.0859E-14  2.2245E-16
  1.0601E-11  4.8866E-09  2.3271E-11  2.6101E-14  5.3481E-16
  2.8279E-11  1.3489E-08  6.5914E-11  7.3994E-14  1.5172E-15
  6.6175E-11  3.4020E-08  1.7657E-10  1.9863E-13  4.0802E-15
  1.3610E-10  8.2324E-08  4.9771E-10  5.6326E-13  1.1629E-14
  1.9837E-10  1.4688E-07  1.1367E-09  1.3019E-12  2.7163E-14
  2.3145E-10  2.1484E-07  2.3985E-09  2.8171E-12  6.0130E-14
  2.2603E-10  2.5524E-07  4.1304E-09  5.0434E-12  1.1180E-13
  2.2106E-16  1.0443E-13  5.8627E-16  6.8246E-19  1.5014E-20
  5.0263E-16  2.3750E-13  1.3333E-15  1.5520E-18  3.4143E-20
  1.3974E-15  6.6044E-13  3.7076E-15  4.3159E-18  9.4938E-20
  3.8317E-15  1.8110E-12  1.0168E-14  1.1835E-17  2.6033E-19
  1.1732E-14  5.5455E-12  3.1132E-14  3.6241E-17  7.9710E-19
  3.1308E-14  1.4801E-11  8.3095E-14  9.6728E-17  2.1273E-18
  8.5677E-14  4.0514E-11  2.2748E-13  2.6480E-16  5.8238E-18
  2.0093E-13  9.5060E-11  5.3389E-13  6.2149E-16  1.3668E-17
  4.7553E-13  2.2522E-10  1.2657E-12  1.4734E-15  3.2402E-17
  9.9260E-13  4.7100E-10  2.6496E-12  3.0845E-15  6.7882E-17
  2.2041E-12  1.0499E-09  5.9202E-12  6.8925E-15  1.5162E-16
  4.7615E-12  2.2836E-09  1.2935E-11  1.5062E-14  3.3133E-16
  1.1745E-11  5.7186E-09  3.2745E-11  3.8146E-14  8.3947E-16
  2.7123E-11  1.3602E-08  7.9706E-11  9.2933E-14  2.0468E-15
  6.4249E-11  3.4692E-08  2.1607E-10  2.5255E-13  5.5743E-15
  1.2055E-10  7.4553E-08  5.2583E-10  6.1806E-13  1.3710E-14
  1.7995E-10  1.3884E-07  1.2517E-09  1.4914E-12  3.3498E-14
  2.0125E-10  1.9477E-07  2.3910E-09  2.9164E-12  6.7002E-14
  1.9486E-16  9.6465E-14  6.3626E-16  7.6600E-19  1.7985E-20
  3.6543E-16  1.8092E-13  1.1933E-15  1.4366E-18  3.3727E-20
  7.7484E-16  3.8365E-13  2.5305E-15  3.0465E-18  7.1522E-20
  1.6794E-15  8.3169E-13  5.4856E-15  6.6042E-18  1.5503E-19
  4.4139E-15  2.1864E-12  1.4421E-14  1.7361E-17  4.0754E-19
  1.1590E-14  5.7416E-12  3.7872E-14  4.5594E-17  1.0702E-18
  3.3960E-14  1.6826E-11  1.1099E-13  1.3362E-16  3.1363E-18
  8.6980E-14  4.3107E-11  2.8438E-13  3.4236E-16  8.0357E-18
  2.2809E-13  1.1311E-10  7.4637E-13  8.9857E-16  2.1090E-17
  5.1586E-13  2.5605E-10  1.6908E-12  2.0356E-15  4.7860E-17
  1.1926E-12  5.9323E-10  3.9229E-12  4.7232E-15  1.1090E-16
  2.5285E-12  1.2625E-09  8.3706E-12  1.0079E-14  2.3663E-16
  5.9596E-12  3.0004E-09  2.0013E-11  2.4106E-14  5.6602E-16
  1.3378E-11  6.8388E-09  4.6156E-11  5.5622E-14  1.3066E-15
  3.1727E-11  1.6804E-08  1.1668E-10  1.4079E-13  3.3112E-15
  6.4962E-11  3.6892E-08  2.7148E-10  3.2845E-13  7.7437E-15
  1.1945E-10  7.8927E-08  6.6457E-10  8.0971E-13  1.9217E-14
  1.6125E-10  1.3156E-07  1.3718E-09  1.6944E-12  4.0753E-14
