T(K)  p(mbar)  mu(amu)  mean cp(kJ/kg/K)
       75.000000    0.0010000000       2.3406714       12.959781
       75.000000    0.0030000000       2.3406713       12.959781
       75.000000     0.010000000       2.3406713       12.959781
       75.000000     0.030000000       2.3406713       12.959781
       75.000000      0.10000000       2.3406713       12.959781
       75.000000      0.30000000       2.3406713       12.959781
       75.000000       1.0000000       2.3406713       12.959781
       75.000000       3.0000000       2.3406713       12.959781
       75.000000       10.000000       2.3406713       12.959781
       75.000000       30.000000       2.3406713       12.959781
       75.000000       100.00000       2.3406713       12.959781
       75.000000       300.00000       2.3406713       12.959781
       75.000000       1000.0000       2.3406713       12.959781
       75.000000       3000.0000       2.3406713       12.959781
       75.000000       10000.000       2.3406713       12.959781
       100.00000    0.0010000000       2.3413087       12.473373
       100.00000    0.0030000000       2.3413093       12.473373
       100.00000     0.010000000       2.3413087       12.473373
       100.00000     0.030000000       2.3411849       12.473373
       100.00000      0.10000000       2.3408252       12.473373
       100.00000      0.30000000       2.3407232       12.473373
       100.00000       1.0000000       2.3406867       12.473373
       100.00000       3.0000000       2.3406771       12.473373
       100.00000       10.000000       2.3406729       12.473373
       100.00000       30.000000       2.3406725       12.473373
       100.00000       100.00000       2.3406715       12.473373
       100.00000       300.00000       2.3406720       12.473373
       100.00000       1000.0000       2.3406713       12.473373
       100.00000       3000.0000       2.3406719       12.473373
       100.00000       10000.000       2.3406713       12.473373
       100.00000       30000.000       2.3406719       12.473373
       110.00000    0.0010000000       2.3413094       12.412596
       110.00000    0.0030000000       2.3413087       12.412596
       110.00000     0.010000000       2.3413093       12.412596
       110.00000     0.030000000       2.3413087       12.412596
       110.00000      0.10000000       2.3413093       12.412596
       110.00000      0.30000000       2.3413086       12.412596
       110.00000       1.0000000       2.3410993       12.412596
       110.00000       3.0000000       2.3408138       12.412596
       110.00000       10.000000       2.3407147       12.412596
       110.00000       30.000000       2.3406856       12.412596
       110.00000       100.00000       2.3406762       12.412596
       110.00000       300.00000       2.3406727       12.412596
       110.00000       1000.0000       2.3406724       12.412596
       110.00000       3000.0000       2.3406715       12.412596
       110.00000       10000.000       2.3406720       12.412596
       110.00000       30000.000       2.3406713       12.412596
       110.00000       100000.00       2.3406719       12.412596
       120.00000    0.0010000000       2.3413189       12.413933
       120.00000    0.0030000000       2.3413121       12.413933
       120.00000     0.010000000       2.3413097       12.413933
       120.00000     0.030000000       2.3413090       12.413933
       120.00000      0.10000000       2.3413088       12.413933
       120.00000      0.30000000       2.3413087       12.413933
       120.00000       1.0000000       2.3413087       12.413933
       120.00000       3.0000000       2.3413087       12.413933
       120.00000       10.000000       2.3413087       12.413933
       120.00000       30.000000       2.3408987       12.413933
       120.00000       100.00000       2.3407395       12.413933
       120.00000       300.00000       2.3406941       12.413933
       120.00000       1000.0000       2.3406781       12.413933
       120.00000       3000.0000       2.3406736       12.413933
       120.00000       10000.000       2.3406720       12.413933
       120.00000       30000.000       2.3406715       12.413933
       120.00000       100000.00       2.3406714       12.413933
       130.00000    0.0010000000       2.3415650       12.467817
       130.00000    0.0030000000       2.3414285       12.467825
       130.00000     0.010000000       2.3413446       12.467827
       130.00000     0.030000000       2.3413206       12.467828
       130.00000      0.10000000       2.3413122       12.467828
       130.00000      0.30000000       2.3413099       12.467828
       130.00000       1.0000000       2.3413090       12.467828
       130.00000       3.0000000       2.3413088       12.467828
       130.00000       10.000000       2.3413087       12.467828
       130.00000       30.000000       2.3413087       12.467828
       130.00000       100.00000       2.3413087       12.467828
       130.00000       300.00000       2.3409083       12.467828
       130.00000       1000.0000       2.3407424       12.467828
       130.00000       3000.0000       2.3406950       12.467828
       130.00000       10000.000       2.3406784       12.467828
       130.00000       30000.000       2.3406737       12.467828
       130.00000       100000.00       2.3406720       12.467828
       140.00000    0.0010000000       2.3416086       12.564399
       140.00000    0.0030000000       2.3415792       12.564617
       140.00000     0.010000000       2.3415680       12.564693
       140.00000     0.030000000       2.3415630       12.564715
       140.00000      0.10000000       2.3413848       12.564723
       140.00000      0.30000000       2.3413346       12.564725
       140.00000       1.0000000       2.3413163       12.564726
       140.00000       3.0000000       2.3413118       12.564726
       140.00000       10.000000       2.3413094       12.564726
       140.00000       30.000000       2.3413095       12.564726
       140.00000       100.00000       2.3413087       12.564726
       140.00000       300.00000       2.3413093       12.564726
       140.00000       1000.0000       2.3412014       12.564726
       140.00000       3000.0000       2.3408486       12.564726
       140.00000       10000.000       2.3407243       12.564726
       140.00000       30000.000       2.3406896       12.564726
       140.00000       100000.00       2.3406766       12.564726
       150.00000    0.0010000000       2.3424162       12.688809
       150.00000    0.0030000000       2.3418478       12.692982
       150.00000     0.010000000       2.3416488       12.694444
       150.00000     0.030000000       2.3415920       12.694861
       150.00000      0.10000000       2.3415721       12.695008
       150.00000      0.30000000       2.3415664       12.695049
       150.00000       1.0000000       2.3414159       12.695064
       150.00000       3.0000000       2.3413444       12.695068
       150.00000       10.000000       2.3413194       12.695070
       150.00000       30.000000       2.3413122       12.695070
       150.00000       100.00000       2.3413097       12.695070
       150.00000       300.00000       2.3413090       12.695070
       150.00000       1000.0000       2.3413088       12.695070
       150.00000       3000.0000       2.3413087       12.695070
       150.00000       10000.000       2.3409737       12.695070
       150.00000       30000.000       2.3407721       12.695070
       150.00000       100000.00       2.3407016       12.695070
       160.00000    0.0010000000       2.3456224       12.819133
       160.00000    0.0030000000       2.3452856       12.821635
       160.00000     0.010000000       2.3426802       12.840989
       160.00000     0.030000000       2.3419364       12.846531
       160.00000      0.10000000       2.3416752       12.848472
       160.00000      0.30000000       2.3416014       12.849027
       160.00000       1.0000000       2.3415747       12.849221
       160.00000       3.0000000       2.3415679       12.849277
       160.00000       10.000000       2.3414174       12.849296
       160.00000       30.000000       2.3413455       12.849302
       160.00000       100.00000       2.3413195       12.849304
       160.00000       300.00000       2.3413129       12.849304
       160.00000       1000.0000       2.3413097       12.849304
       160.00000       3000.0000       2.3413096       12.849304
       160.00000       10000.000       2.3413088       12.849304
       160.00000       30000.000       2.3411344       12.849304
       160.00000       100000.00       2.3408101       12.849304
       170.00000    0.0010000000       2.3456194       12.987237
       170.00000    0.0030000000       2.3456198       12.987238
       170.00000     0.010000000       2.3456192       12.987238
       170.00000     0.030000000       2.3451654       12.990684
       170.00000      0.10000000       2.3426441       13.009702
       170.00000      0.30000000       2.3419243       13.015148
       170.00000       1.0000000       2.3416716       13.017055
       170.00000       3.0000000       2.3416002       13.017600
       170.00000       10.000000       2.3415743       13.017791
       170.00000       30.000000       2.3415678       13.017846
       170.00000       100.00000       2.3413926       13.017865
       170.00000       300.00000       2.3413372       13.017870
       170.00000       1000.0000       2.3413170       13.017872
       170.00000       3000.0000       2.3413121       13.017873
       170.00000       10000.000       2.3413095       13.017873
       170.00000       30000.000       2.3413096       13.017873
       170.00000       100000.00       2.3412035       13.017873
       180.00000    0.0010000000       2.3456230       13.160106
       180.00000    0.0030000000       2.3456224       13.160106
       180.00000     0.010000000       2.3456230       13.160106
       180.00000     0.030000000       2.3456224       13.160106
       180.00000      0.10000000       2.3456230       13.160106
       180.00000      0.30000000       2.3442718       13.170442
       180.00000       1.0000000       2.3423767       13.184978
       180.00000       3.0000000       2.3418344       13.189138
       180.00000       10.000000       2.3416485       13.190595
       180.00000       30.000000       2.3415944       13.191011
       180.00000       100.00000       2.3415754       13.191156
       180.00000       300.00000       2.3414846       13.191198
       180.00000       1000.0000       2.3413641       13.191213
       180.00000       3000.0000       2.3413296       13.191217
       180.00000       10000.000       2.3413176       13.191218
       180.00000       30000.000       2.3413141       13.191219
       180.00000       100000.00       2.3413129       13.191219
       190.00000    0.0010000000       2.3456230       13.328210
       190.00000    0.0030000000       2.3456224       13.328210
       190.00000     0.010000000       2.3456230       13.328210
       190.00000     0.030000000       2.3456224       13.328210
       190.00000      0.10000000       2.3456230       13.328210
       190.00000      0.30000000       2.3456224       13.328211
       190.00000       1.0000000       2.3456230       13.328211
       190.00000       3.0000000       2.3432142       13.346956
       190.00000       10.000000       2.3420614       13.355935
       190.00000       30.000000       2.3417320       13.358503
       190.00000       100.00000       2.3416167       13.359402
       190.00000       300.00000       2.3415838       13.359659
       190.00000       1000.0000       2.3415722       13.359749
       190.00000       3000.0000       2.3414000       13.359776
       190.00000       10000.000       2.3413387       13.359784
       190.00000       30000.000       2.3413212       13.359786
       190.00000       100000.00       2.3413150       13.359787
       200.00000    0.0010000000       2.3456224       13.482019
       200.00000    0.0030000000       2.3456230       13.482019
       200.00000     0.010000000       2.3456224       13.482019
       200.00000     0.030000000       2.3456230       13.482019
       200.00000      0.10000000       2.3456224       13.482019
       200.00000      0.30000000       2.3456230       13.482020
       200.00000       1.0000000       2.3456224       13.482020
       200.00000       3.0000000       2.3456262       13.482021
       200.00000       10.000000       2.3440748       13.494230
       200.00000       30.000000       2.3424034       13.507420
       200.00000       100.00000       2.3418175       13.512041
       200.00000       300.00000       2.3416509       13.513363
       200.00000       1000.0000       2.3415918       13.513826
       200.00000       3000.0000       2.3415757       13.513967
       200.00000       10000.000       2.3414254       13.514005
       200.00000       30000.000       2.3413503       13.514015
       200.00000       100000.00       2.3413232       13.514019
       210.00000    0.0010000000       2.3456262       13.614522
       210.00000    0.0030000000       2.3456224       13.614523
       210.00000     0.010000000       2.3456224       13.614523
       210.00000     0.030000000       2.3456224       13.614523
       210.00000      0.10000000       2.3456224       13.614523
       210.00000      0.30000000       2.3456224       13.614523
       210.00000       1.0000000       2.3456224       13.614524
       210.00000       3.0000000       2.3456256       13.614525
       210.00000       10.000000       2.3456262       13.614527
       210.00000       30.000000       2.3452023       13.617911
       210.00000       100.00000       2.3426582       13.638187
       210.00000       300.00000       2.3419303       13.643996
       210.00000       1000.0000       2.3416764       13.646036
       210.00000       3000.0000       2.3416030       13.646654
       210.00000       10000.000       2.3415782       13.646820
       210.00000       30000.000       2.3414543       13.646866
       210.00000       100000.00       2.3413552       13.646883
       220.00000    0.0010000000       2.3456261       13.728783
       220.00000    0.0030000000       2.3456262       13.728786
       220.00000     0.010000000       2.3456262       13.728786
       220.00000     0.030000000       2.3456224       13.728787
       220.00000      0.10000000       2.3456230       13.728786
       220.00000      0.30000000       2.3456224       13.728787
       220.00000       1.0000000       2.3456230       13.728787
       220.00000       3.0000000       2.3456224       13.728789
       220.00000       10.000000       2.3456262       13.728791
       220.00000       30.000000       2.3456262       13.728809
       220.00000       100.00000       2.3456263       13.728831
       220.00000       300.00000       2.3429508       13.750359
       220.00000       1000.0000       2.3419824       13.758189
       220.00000       3000.0000       2.3417057       13.760560
       220.00000       10000.000       2.3416088       13.761199
       220.00000       30000.000       2.3415811       13.761379
       220.00000       100000.00       2.3414552       13.761442
       230.00000    0.0010000000       2.3456251       13.830225
       230.00000    0.0030000000       2.3456261       13.830247
       230.00000     0.010000000       2.3456256       13.830249
       230.00000     0.030000000       2.3456262       13.830250
       230.00000      0.10000000       2.3456224       13.830250
       230.00000      0.30000000       2.3456230       13.830251
       230.00000       1.0000000       2.3456224       13.830251
       230.00000       3.0000000       2.3456262       13.830252
       230.00000       10.000000       2.3456256       13.830255
       230.00000       30.000000       2.3456262       13.830273
       230.00000       100.00000       2.3456256       13.830296
       230.00000       300.00000       2.3456263       13.830390
       230.00000       1000.0000       2.3429726       13.852011
       230.00000       3000.0000       2.3420360       13.860102
       230.00000       10000.000       2.3417073       13.862290
       230.00000       30000.000       2.3416142       13.862905
       230.00000       100000.00       2.3415807       13.863120
       240.00000    0.0010000000       2.3456265       13.920874
       240.00000    0.0030000000       2.3456251       13.921020
       240.00000     0.010000000       2.3456255       13.921037
       240.00000     0.030000000       2.3456255       13.921038
       240.00000      0.10000000       2.3456256       13.921038
       240.00000      0.30000000       2.3456256       13.921039
       240.00000       1.0000000       2.3456224       13.921039
       240.00000       3.0000000       2.3456256       13.921041
       240.00000       10.000000       2.3456256       13.921043
       240.00000       30.000000       2.3456256       13.921062
       240.00000       100.00000       2.3456256       13.921084
       240.00000       300.00000       2.3456256       13.921180
       240.00000       1000.0000       2.3456257       13.921716
       240.00000       3000.0000       2.3430008       13.944650
       240.00000       10000.000       2.3419969       13.951402
       240.00000       30000.000       2.3417101       13.953302
       240.00000       100000.00       2.3416097       13.953966
       250.00000    0.0010000000       2.3456123       13.999214
       250.00000    0.0030000000       2.3456274       13.999847
       250.00000     0.010000000       2.3456285       13.999949
       250.00000     0.030000000       2.3456261       13.999959
       250.00000      0.10000000       2.3456256       13.999960
       250.00000      0.30000000       2.3456262       13.999960
       250.00000       1.0000000       2.3456256       13.999960
       250.00000       3.0000000       2.3456262       13.999962
       250.00000       10.000000       2.3456256       13.999965
       250.00000       30.000000       2.3456262       13.999983
       250.00000       100.00000       2.3456257       14.000004
       250.00000       300.00000       2.3456262       14.000101
       250.00000       1000.0000       2.3456256       14.000639
       250.00000       3000.0000       2.3455793       14.006355
       250.00000       10000.000       2.3427705       14.025357
       250.00000       30000.000       2.3419686       14.030711
       250.00000       100000.00       2.3416871       14.032586
       260.00000    0.0010000000       2.3455907       14.064580
       260.00000    0.0030000000       2.3456206       14.065998
       260.00000     0.010000000       2.3456284       14.066442
       260.00000     0.030000000       2.3456293       14.066491
       260.00000      0.10000000       2.3456262       14.066497
       260.00000      0.30000000       2.3456255       14.066498
       260.00000       1.0000000       2.3456262       14.066498
       260.00000       3.0000000       2.3456255       14.066500
       260.00000       10.000000       2.3456262       14.066502
       260.00000       30.000000       2.3456255       14.066521
       260.00000       100.00000       2.3456262       14.066544
       260.00000       300.00000       2.3456256       14.066640
       260.00000       1000.0000       2.3456263       14.067176
       260.00000       3000.0000       2.3456256       14.072578
       260.00000       10000.000       2.3446790       14.079230
       260.00000       30000.000       2.3426041       14.093141
       260.00000       100000.00       2.3418785       14.098017
       260.00000       300000.00       2.3416704       14.099411
       270.00000    0.0010000000       2.3455611       14.120423
       270.00000    0.0030000000       2.3456002       14.121996
       270.00000     0.010000000       2.3456251       14.123176
       270.00000     0.030000000       2.3456288       14.123386
       270.00000      0.10000000       2.3456293       14.123412
       270.00000      0.30000000       2.3456262       14.123415
       270.00000       1.0000000       2.3456262       14.123416
       270.00000       3.0000000       2.3456262       14.123418
       270.00000       10.000000       2.3456262       14.123420
       270.00000       30.000000       2.3456262       14.123439
       270.00000       100.00000       2.3456262       14.123461
       270.00000       300.00000       2.3456262       14.123557
       270.00000       1000.0000       2.3456262       14.124095
       270.00000       3000.0000       2.3456263       14.129495
       270.00000       10000.000       2.3456262       14.129806
       270.00000       30000.000       2.3440666       14.140309
       270.00000       100000.00       2.3423172       14.152110
       270.00000       300000.00       2.3418173       14.155487
       275.00000    0.0010000000       2.3455164       14.146090
       275.00000    0.0030000000       2.3455884       14.147396
       275.00000     0.010000000       2.3456213       14.148933
       275.00000     0.030000000       2.3456283       14.149325
       275.00000      0.10000000       2.3456292       14.149380
       275.00000      0.30000000       2.3456293       14.149385
       275.00000       1.0000000       2.3456262       14.149387
       275.00000       3.0000000       2.3456262       14.149389
       275.00000       10.000000       2.3456262       14.149391
       275.00000       30.000000       2.3456262       14.149409
       275.00000       100.00000       2.3456262       14.149432
       275.00000       300.00000       2.3456262       14.149528
       275.00000       1000.0000       2.3456262       14.150065
       275.00000       3000.0000       2.3456262       14.155467
       275.00000       10000.000       2.3456262       14.155777
       275.00000       30000.000       2.3453250       14.157806
       275.00000       100000.00       2.3426948       14.175577
       275.00000       300000.00       2.3419431       14.180667
       280.00000    0.0010000000       2.3454855       14.170782
       280.00000    0.0030000000       2.3455746       14.171672
       280.00000     0.010000000       2.3456147       14.173406
       280.00000     0.030000000       2.3456273       14.174069
       280.00000      0.10000000       2.3456285       14.174177
       280.00000      0.30000000       2.3456293       14.174188
       280.00000       1.0000000       2.3456256       14.174190
       280.00000       3.0000000       2.3456262       14.174192
       280.00000       10.000000       2.3456255       14.174194
       280.00000       30.000000       2.3456262       14.174212
       280.00000       100.00000       2.3456255       14.174235
       280.00000       300.00000       2.3456262       14.174331
       280.00000       1000.0000       2.3456256       14.174868
       280.00000       3000.0000       2.3456262       14.180269
       280.00000       10000.000       2.3456257       14.180579
       280.00000       30000.000       2.3456263       14.180575
       280.00000       100000.00       2.3431476       14.197347
       280.00000       300000.00       2.3420943       14.204499
       290.00000    0.0010000000       2.3454001       14.216657
       290.00000    0.0030000000       2.3455120       14.216652
       290.00000     0.010000000       2.3455925       14.218128
       290.00000     0.030000000       2.3456222       14.219441
       290.00000      0.10000000       2.3456280       14.219805
       290.00000      0.30000000       2.3456293       14.219844
       290.00000       1.0000000       2.3456287       14.219849
       290.00000       3.0000000       2.3456262       14.219852
       290.00000       10.000000       2.3456255       14.219854
       290.00000       30.000000       2.3456262       14.219872
       290.00000       100.00000       2.3456255       14.219895
       290.00000       300.00000       2.3456263       14.219990
       290.00000       1000.0000       2.3456255       14.220528
       290.00000       3000.0000       2.3456263       14.225928
       290.00000       10000.000       2.3456257       14.226239
       290.00000       30000.000       2.3456262       14.226237
       290.00000       100000.00       2.3445682       14.233393
       290.00000       300000.00       2.3425679       14.247019
       300.00000    0.0010000000       2.3454954       14.254513
       300.00000    0.0030000000       2.3455039       14.254979
       300.00000     0.010000000       2.3455286       14.256241
       300.00000     0.030000000       2.3455804       14.257940
       300.00000      0.10000000       2.3455961       14.258845
       300.00000      0.30000000       2.3455983       14.258975
       300.00000       1.0000000       2.3455986       14.258991
       300.00000       3.0000000       2.3455986       14.258995
       300.00000       10.000000       2.3455986       14.258997
       300.00000       30.000000       2.3455986       14.259016
       300.00000       100.00000       2.3455986       14.259038
       300.00000       300.00000       2.3455986       14.259134
       300.00000       1000.0000       2.3455986       14.259671
       300.00000       3000.0000       2.3455986       14.265071
       300.00000       10000.000       2.3455986       14.265381
       300.00000       30000.000       2.3455986       14.265378
       300.00000       100000.00       2.3455986       14.265332
       300.00000       300000.00       2.3433611       14.280591
       310.00000    0.0010000000       2.3454941       14.286143
       310.00000    0.0030000000       2.3454986       14.286413
       310.00000     0.010000000       2.3455159       14.287235
       310.00000     0.030000000       2.3455619       14.288776
       310.00000      0.10000000       2.3455911       14.290317
       310.00000      0.30000000       2.3455976       14.290689
       310.00000       1.0000000       2.3455985       14.290741
       310.00000       3.0000000       2.3455986       14.290747
       310.00000       10.000000       2.3455986       14.290750
       310.00000       30.000000       2.3455985       14.290768
       310.00000       100.00000       2.3455986       14.290791
       310.00000       300.00000       2.3455985       14.290887
       310.00000       1000.0000       2.3455985       14.291424
       310.00000       3000.0000       2.3455985       14.296824
       310.00000       10000.000       2.3455985       14.297134
       310.00000       30000.000       2.3455985       14.297130
       310.00000       100000.00       2.3455985       14.297085
       310.00000       300000.00       2.3447266       14.302976
       320.00000    0.0010000000       2.3454931       14.312297
       320.00000    0.0030000000       2.3454957       14.312456
       320.00000     0.010000000       2.3455044       14.312969
       320.00000     0.030000000       2.3455272       14.314120
       320.00000      0.10000000       2.3455814       14.315973
       320.00000      0.30000000       2.3455958       14.316804
       320.00000       1.0000000       2.3455983       14.316953
       320.00000       3.0000000       2.3455986       14.316969
       320.00000       10.000000       2.3455986       14.316973
       320.00000       30.000000       2.3455985       14.316992
       320.00000       100.00000       2.3455986       14.317015
       320.00000       300.00000       2.3455985       14.317110
       320.00000       1000.0000       2.3455986       14.317648
       320.00000       3000.0000       2.3455985       14.323047
       320.00000       10000.000       2.3455986       14.323357
       320.00000       30000.000       2.3455985       14.323354
       320.00000       100000.00       2.3455986       14.323308
       320.00000       300000.00       2.3455985       14.323196
       330.00000    0.0010000000       2.3454925       14.335400
       330.00000    0.0030000000       2.3454941       14.335495
       330.00000     0.010000000       2.3454994       14.335812
       330.00000     0.030000000       2.3455160       14.336598
       330.00000      0.10000000       2.3455650       14.338320
       330.00000      0.30000000       2.3455912       14.339689
       330.00000       1.0000000       2.3455978       14.340069
       330.00000       3.0000000       2.3455985       14.340111
       330.00000       10.000000       2.3455985       14.340118
       330.00000       30.000000       2.3455986       14.340136
       330.00000       100.00000       2.3455986       14.340159
       330.00000       300.00000       2.3455985       14.340255
       330.00000       1000.0000       2.3455986       14.340792
       330.00000       3000.0000       2.3455985       14.346192
       330.00000       10000.000       2.3455986       14.346502
       330.00000       30000.000       2.3455985       14.346499
       330.00000       100000.00       2.3455986       14.346453
       330.00000       300000.00       2.3455985       14.346340
       340.00000    0.0010000000       2.3454922       14.356234
       340.00000    0.0030000000       2.3454931       14.356292
       340.00000     0.010000000       2.3454965       14.356490
       340.00000     0.030000000       2.3455052       14.357008
       340.00000      0.10000000       2.3455315       14.358373
       340.00000      0.30000000       2.3455828       14.360062
       340.00000       1.0000000       2.3455965       14.360854
       340.00000       3.0000000       2.3455983       14.360962
       340.00000       10.000000       2.3455985       14.360977
       340.00000       30.000000       2.3455985       14.360997
       340.00000       100.00000       2.3455986       14.361020
       340.00000       300.00000       2.3455985       14.361115
       340.00000       1000.0000       2.3455986       14.361652
       340.00000       3000.0000       2.3455985       14.367052
       340.00000       10000.000       2.3455986       14.367362
       340.00000       30000.000       2.3455985       14.367359
       340.00000       100000.00       2.3455986       14.367313
       340.00000       300000.00       2.3455985       14.367201
       350.00000    0.0010000000       2.3454920       14.373932
       350.00000    0.0030000000       2.3454926       14.373968
       350.00000     0.010000000       2.3454947       14.374093
       350.00000     0.030000000       2.3455005       14.374432
       350.00000      0.10000000       2.3455204       14.375425
       350.00000      0.30000000       2.3455684       14.377089
       350.00000       1.0000000       2.3455937       14.378401
       350.00000       3.0000000       2.3455986       14.378655
       350.00000       10.000000       2.3455985       14.378690
       350.00000       30.000000       2.3455992       14.378711
       350.00000       100.00000       2.3455986       14.378734
       350.00000       300.00000       2.3455992       14.378830
       350.00000       1000.0000       2.3455986       14.379367
       350.00000       3000.0000       2.3455992       14.384767
       350.00000       10000.000       2.3455986       14.385077
       350.00000       30000.000       2.3455992       14.385074
       350.00000       100000.00       2.3455986       14.385028
       350.00000       300000.00       2.3455992       14.384915
       375.00000    0.0010000000       2.3454912       14.403895
       375.00000    0.0030000000       2.3454920       14.403907
       375.00000     0.010000000       2.3454921       14.403950
       375.00000     0.030000000       2.3454947       14.404071
       375.00000      0.10000000       2.3455008       14.404470
       375.00000      0.30000000       2.3455208       14.405421
       375.00000       1.0000000       2.3455713       14.407261
       375.00000       3.0000000       2.3455938       14.408395
       375.00000       10.000000       2.3455981       14.408650
       375.00000       30.000000       2.3455985       14.408694
       375.00000       100.00000       2.3455986       14.408719
       375.00000       300.00000       2.3455986       14.408813
       375.00000       1000.0000       2.3455986       14.409341
       375.00000       3000.0000       2.3455986       14.414632
       375.00000       10000.000       2.3455986       14.414960
       375.00000       30000.000       2.3455986       14.415066
       375.00000       100000.00       2.3455986       14.415025
       375.00000       300000.00       2.3455986       14.414909
       400.00000    0.0010000000       2.3454912       14.423959
       400.00000    0.0030000000       2.3454913       14.423963
       400.00000     0.010000000       2.3454916       14.423980
       400.00000     0.030000000       2.3454924       14.424027
       400.00000      0.10000000       2.3454951       14.424189
       400.00000      0.30000000       2.3455024       14.424619
       400.00000       1.0000000       2.3455257       14.425817
       400.00000       3.0000000       2.3455746       14.427541
       400.00000       10.000000       2.3455951       14.428571
       400.00000       30.000000       2.3455977       14.428744
       400.00000       100.00000       2.3455981       14.428782
       400.00000       300.00000       2.3455981       14.428858
       400.00000       1000.0000       2.3455981       14.429262
       400.00000       3000.0000       2.3455981       14.433142
       400.00000       10000.000       2.3455981       14.433698
       400.00000       30000.000       2.3455981       14.435230
       400.00000       100000.00       2.3455981       14.435242
       400.00000       300000.00       2.3455981       14.435095
       425.00000    0.0010000000       2.3454913       14.436776
       425.00000    0.0030000000       2.3454913       14.436778
       425.00000     0.010000000       2.3454914       14.436786
       425.00000     0.030000000       2.3454917       14.436806
       425.00000      0.10000000       2.3454929       14.436876
       425.00000      0.30000000       2.3454961       14.437070
       425.00000       1.0000000       2.3455064       14.437688
       425.00000       3.0000000       2.3455319       14.439000
       425.00000       10.000000       2.3455854       14.440812
       425.00000       30.000000       2.3455962       14.441470
       425.00000       100.00000       2.3455979       14.441587
       425.00000       300.00000       2.3455981       14.441653
       425.00000       1000.0000       2.3455981       14.441938
       425.00000       3000.0000       2.3455981       14.444496
       425.00000       10000.000       2.3455981       14.445276
       425.00000       30000.000       2.3455981       14.448138
       425.00000       100000.00       2.3455981       14.448204
       425.00000       300000.00       2.3455981       14.448023
       450.00000    0.0010000000       2.3454912       14.444185
       450.00000    0.0030000000       2.3454907       14.444186
       450.00000     0.010000000       2.3454913       14.444190
       450.00000     0.030000000       2.3454908       14.444199
       450.00000      0.10000000       2.3454920       14.444232
       450.00000      0.30000000       2.3454929       14.444325
       450.00000       1.0000000       2.3454987       14.444634
       450.00000       3.0000000       2.3455150       14.445404
       450.00000       10.000000       2.3455637       14.447118
       450.00000       30.000000       2.3455905       14.448536
       450.00000       100.00000       2.3455972       14.448951
       450.00000       300.00000       2.3455981       14.449034
       450.00000       1000.0000       2.3455981       14.449208
       450.00000       3000.0000       2.3455981       14.450522
       450.00000       10000.000       2.3455981       14.451520
       450.00000       30000.000       2.3455981       14.455629
       450.00000       100000.00       2.3455981       14.455748
       450.00000       300000.00       2.3455981       14.455534
       475.00000    0.0010000000       2.3454898       14.448890
       475.00000    0.0030000000       2.3454912       14.448883
       475.00000     0.010000000       2.3454914       14.448883
       475.00000     0.030000000       2.3454914       14.448889
       475.00000      0.10000000       2.3454916       14.448905
       475.00000      0.30000000       2.3454924       14.448952
       475.00000       1.0000000       2.3454951       14.449112
       475.00000       3.0000000       2.3455022       14.449539
       475.00000       10.000000       2.3455255       14.450728
       475.00000       30.000000       2.3455744       14.452458
       475.00000       100.00000       2.3455950       14.453507
       475.00000       300.00000       2.3455977       14.453697
       475.00000       1000.0000       2.3455980       14.453826
       475.00000       3000.0000       2.3455981       14.454508
       475.00000       10000.000       2.3455981       14.455503
       475.00000       30000.000       2.3455981       14.459672
       475.00000       100000.00       2.3455981       14.460758
       475.00000       300000.00       2.3455981       14.460527
       500.00000    0.0010000000       2.3454669       14.454600
       500.00000    0.0030000000       2.3454888       14.454492
       500.00000     0.010000000       2.3454911       14.454480
       500.00000     0.030000000       2.3454913       14.454481
       500.00000      0.10000000       2.3454914       14.454490
       500.00000      0.30000000       2.3454918       14.454515
       500.00000       1.0000000       2.3454933       14.454602
       500.00000       3.0000000       2.3454973       14.454840
       500.00000       10.000000       2.3455098       14.455580
       500.00000       30.000000       2.3455575       14.457047
       500.00000       100.00000       2.3455889       14.458734
       500.00000       300.00000       2.3455975       14.459225
       500.00000       1000.0000       2.3455980       14.459354
       500.00000       3000.0000       2.3455987       14.459546
       500.00000       10000.000       2.3455981       14.460494
       500.00000       30000.000       2.3455987       14.464506
       500.00000       100000.00       2.3455981       14.466739
       500.00000       300000.00       2.3455987       14.466444
       575.00000    0.0010000000       2.3448520       14.487768
       575.00000    0.0030000000       2.3450170       14.487111
       575.00000     0.010000000       2.3453315       14.485838
       575.00000     0.030000000       2.3454680       14.485307
       575.00000      0.10000000       2.3454893       14.485218
       575.00000      0.30000000       2.3454912       14.485214
       575.00000       1.0000000       2.3454916       14.485232
       575.00000       3.0000000       2.3454925       14.485282
       575.00000       10.000000       2.3454954       14.485457
       575.00000       30.000000       2.3455031       14.485922
       575.00000       100.00000       2.3455276       14.487187
       575.00000       300.00000       2.3455797       14.488920
       575.00000       1000.0000       2.3455955       14.489895
       575.00000       3000.0000       2.3455978       14.490121
       575.00000       10000.000       2.3455981       14.490524
       575.00000       30000.000       2.3455981       14.492028
       575.00000       100000.00       2.3455981       14.498637
       575.00000       300000.00       2.3455981       14.503648
       650.00000    0.0010000000       2.3448028       14.517567
       650.00000    0.0030000000       2.3448005       14.517560
       650.00000     0.010000000       2.3448375       14.517490
       650.00000     0.030000000       2.3449344       14.517103
       650.00000      0.10000000       2.3452453       14.516041
       650.00000      0.30000000       2.3454513       14.515385
       650.00000       1.0000000       2.3454879       14.515249
       650.00000       3.0000000       2.3454907       14.515251
       650.00000       10.000000       2.3454924       14.515302
       650.00000       30.000000       2.3454942       14.515447
       650.00000       100.00000       2.3455027       14.515918
       650.00000       300.00000       2.3455235       14.517006
       650.00000       1000.0000       2.3455787       14.518898
       650.00000       3000.0000       2.3455947       14.519898
       650.00000       10000.000       2.3455978       14.520256
       650.00000       30000.000       2.3455980       14.520888
       650.00000       100000.00       2.3455981       14.525704
       650.00000       300000.00       2.3455981       14.555211
       725.00000    0.0010000000       2.3448391       14.570310
       725.00000    0.0030000000       2.3448390       14.570311
       725.00000     0.010000000       2.3448393       14.570310
       725.00000     0.030000000       2.3448415       14.570301
       725.00000      0.10000000       2.3448579       14.570216
       725.00000      0.30000000       2.3449946       14.569800
       725.00000       1.0000000       2.3453099       14.568873
       725.00000       3.0000000       2.3454634       14.568428
       725.00000       10.000000       2.3454895       14.568363
       725.00000       30.000000       2.3454924       14.568410
       725.00000       100.00000       2.3454956       14.568594
       725.00000       300.00000       2.3455038       14.569084
       725.00000       1000.0000       2.3455289       14.570404
       725.00000       3000.0000       2.3455815       14.572156
       725.00000       10000.000       2.3455957       14.573154
       725.00000       30000.000       2.3455984       14.573595
       725.00000       100000.00       2.3455981       14.575968
       725.00000       300000.00       2.3455988       14.596250
       800.00000    0.0010000000       2.3448392       14.657236
       800.00000    0.0030000000       2.3448389       14.657238
       800.00000     0.010000000       2.3448391       14.657237
       800.00000     0.030000000       2.3448392       14.657236
       800.00000      0.10000000       2.3448400       14.657234
       800.00000      0.30000000       2.3448502       14.657212
       800.00000       1.0000000       2.3449337       14.657034
       800.00000       3.0000000       2.3451676       14.656445
       800.00000       10.000000       2.3454309       14.655776
       800.00000       30.000000       2.3454867       14.655633
       800.00000       100.00000       2.3454935       14.655693
       800.00000       300.00000       2.3454973       14.655920
       800.00000       1000.0000       2.3455089       14.656639
       800.00000       3000.0000       2.3455560       14.658096
       800.00000       10000.000       2.3455881       14.659908
       800.00000       30000.000       2.3455970       14.660629
       800.00000       100000.00       2.3455987       14.661672
       800.00000       300000.00       2.3455996       14.665851
       900.00000    0.0010000000       2.3448397       14.776909
       900.00000    0.0030000000       2.3448401       14.776910
       900.00000     0.010000000       2.3448393       14.776910
       900.00000     0.030000000       2.3448398       14.776910
       900.00000      0.10000000       2.3448394       14.776908
       900.00000      0.30000000       2.3448400       14.776909
       900.00000       1.0000000       2.3448445       14.776904
       900.00000       3.0000000       2.3448807       14.776866
       900.00000       10.000000       2.3450002       14.776618
       900.00000       30.000000       2.3452917       14.776088
       900.00000       100.00000       2.3455030       14.775755
       900.00000       300.00000       2.3455155       14.775792
       900.00000       1000.0000       2.3455072       14.776108
       900.00000       3000.0000       2.3455192       14.776912
       900.00000       10000.000       2.3455675       14.778708
       900.00000       30000.000       2.3455958       14.780240
       900.00000       100000.00       2.3456056       14.781149
       900.00000       300000.00       2.3456073       14.782917
       1000.0000    0.0010000000       2.3448452       14.926423
       1000.0000    0.0030000000       2.3448459       14.926423
       1000.0000     0.010000000       2.3448470       14.926425
       1000.0000     0.030000000       2.3448431       14.926429
       1000.0000      0.10000000       2.3448423       14.926436
       1000.0000      0.30000000       2.3448416       14.926441
       1000.0000       1.0000000       2.3448408       14.926448
       1000.0000       3.0000000       2.3448413       14.926449
       1000.0000       10.000000       2.3448544       14.926437
       1000.0000       30.000000       2.3449399       14.926335
       1000.0000       100.00000       2.3452212       14.925978
       1000.0000       300.00000       2.3454753       14.925693
       1000.0000       1000.0000       2.3455360       14.925760
       1000.0000       3000.0000       2.3455515       14.926179
       1000.0000       10000.000       2.3455620       14.927405
       1000.0000       30000.000       2.3455961       14.929257
       1000.0000       100000.00       2.3456074       14.930681
       1000.0000       300000.00       2.3456082       14.931857
       1100.0000    0.0010000000       2.3449271       15.095708
       1100.0000    0.0030000000       2.3448659       15.095821
       1100.0000     0.010000000       2.3448471       15.095863
       1100.0000     0.030000000       2.3448450       15.095875
       1100.0000      0.10000000       2.3448456       15.095879
       1100.0000      0.30000000       2.3448465       15.095879
       1100.0000       1.0000000       2.3448469       15.095880
       1100.0000       3.0000000       2.3448472       15.095880
       1100.0000       10.000000       2.3448482       15.095881
       1100.0000       30.000000       2.3448559       15.095876
       1100.0000       100.00000       2.3449418       15.095820
       1100.0000       300.00000       2.3451947       15.095620
       1100.0000       1000.0000       2.3454766       15.095457
       1100.0000       3000.0000       2.3455416       15.095648
       1100.0000       10000.000       2.3455645       15.096431
       1100.0000       30000.000       2.3456096       15.098013
       1100.0000       100000.00       2.3456409       15.099981
       1100.0000       300000.00       2.3456238       15.101121
       1200.0000    0.0010000000       2.3469686       15.279355
       1200.0000    0.0030000000       2.3466254       15.281219
       1200.0000     0.010000000       2.3456705       15.283161
       1200.0000     0.030000000       2.3451216       15.284474
       1200.0000      0.10000000       2.3449200       15.285007
       1200.0000      0.30000000       2.3448684       15.285170
       1200.0000       1.0000000       2.3448498       15.285231
       1200.0000       3.0000000       2.3448474       15.285245
       1200.0000       10.000000       2.3448475       15.285251
       1200.0000       30.000000       2.3448491       15.285253
       1200.0000       100.00000       2.3448606       15.285253
       1200.0000       300.00000       2.3449508       15.285233
       1200.0000       1000.0000       2.3452421       15.285148
       1200.0000       3000.0000       2.3454889       15.285152
       1200.0000       10000.000       2.3455492       15.285678
       1200.0000       30000.000       2.3455763       15.286872
       1200.0000       100000.00       2.3456313       15.289005
       1200.0000       300000.00       2.3456467       15.290441
       1300.0000    0.0010000000       2.3459485       15.478671
       1300.0000    0.0030000000       2.3464691       15.478647
       1300.0000     0.010000000       2.3467953       15.478629
       1300.0000     0.030000000       2.3469846       15.478618
       1300.0000      0.10000000       2.3467380       15.478614
       1300.0000      0.30000000       2.3457759       15.481657
       1300.0000       1.0000000       2.3453063       15.483125
       1300.0000       3.0000000       2.3450004       15.484053
       1300.0000       10.000000       2.3448898       15.484412
       1300.0000       30.000000       2.3448590       15.484520
       1300.0000       100.00000       2.3448520       15.484564
       1300.0000       300.00000       2.3448674       15.484587
       1300.0000       1000.0000       2.3450045       15.484638
       1300.0000       3000.0000       2.3452968       15.484666
       1300.0000       10000.000       2.3455208       15.485138
       1300.0000       30000.000       2.3455639       15.486023
       1300.0000       100000.00       2.3456169       15.488002
       1300.0000       300000.00       2.3456429       15.489802
       1400.0000    0.0010000000       2.3418628       15.707751
       1400.0000    0.0030000000       2.3440897       15.707778
       1400.0000     0.010000000       2.3455003       15.707772
       1400.0000     0.030000000       2.3462100       15.707763
       1400.0000      0.10000000       2.3466600       15.707753
       1400.0000      0.30000000       2.3468996       15.707748
       1400.0000       1.0000000       2.3469393       15.707745
       1400.0000       3.0000000       2.3464560       15.707740
       1400.0000       10.000000       2.3456775       15.710870
       1400.0000       30.000000       2.3453685       15.712079
       1400.0000       100.00000       2.3450105       15.713212
       1400.0000       300.00000       2.3449053       15.713591
       1400.0000       1000.0000       2.3449248       15.713796
       1400.0000       3000.0000       2.3450993       15.714075
       1400.0000       10000.000       2.3454160       15.714633
       1400.0000       30000.000       2.3455432       15.715398
       1400.0000       100000.00       2.3455857       15.717117
       1400.0000       300000.00       2.3456381       15.719158
       1500.0000    0.0010000000       2.3282805       15.956380
       1500.0000    0.0030000000       2.3361919       15.956613
       1500.0000     0.010000000       2.3411303       15.956729
       1500.0000     0.030000000       2.3436754       15.956767
       1500.0000      0.10000000       2.3452728       15.956776
       1500.0000      0.30000000       2.3460861       15.956776
       1500.0000       1.0000000       2.3466039       15.956776
       1500.0000       3.0000000       2.3468712       15.956774
       1500.0000       10.000000       2.3469091       15.956774
       1500.0000       30.000000       2.3464452       15.956775
       1500.0000       100.00000       2.3460107       15.958283
       1500.0000       300.00000       2.3455333       15.960504
       1500.0000       1000.0000       2.3452040       15.961803
       1500.0000       3000.0000       2.3450567       15.962841
       1500.0000       10000.000       2.3452694       15.963925
       1500.0000       30000.000       2.3455030       15.964970
       1500.0000       100000.00       2.3455739       15.966530
       1500.0000       300000.00       2.3456306       15.968649
       1600.0000    0.0010000000       2.2901351       16.164295
       1600.0000    0.0030000000       2.3138097       16.165093
       1600.0000     0.010000000       2.3287212       16.165564
       1600.0000     0.030000000       2.3364472       16.165786
       1600.0000      0.10000000       2.3412940       16.165895
       1600.0000      0.30000000       2.3437879       16.165938
       1600.0000       1.0000000       2.3453335       16.165953
       1600.0000       3.0000000       2.3461405       16.165961
       1600.0000       10.000000       2.3466275       16.165965
       1600.0000       30.000000       2.3468864       16.165968
       1600.0000       100.00000       2.3467040       16.165971
       1600.0000       300.00000       2.3463822       16.165978
       1600.0000       1000.0000       2.3462298       16.166404
       1600.0000       3000.0000       2.3456299       16.169619
       1600.0000       10000.000       2.3454598       16.172090
       1600.0000       30000.000       2.3454833       16.174562
       1600.0000       100000.00       2.3455768       16.176489
       1600.0000       300000.00       2.3456304       16.178623
       1700.0000    0.0010000000       2.1998475       16.370039
       1700.0000    0.0030000000       2.2593721       16.372363
       1700.0000     0.010000000       2.2980753       16.373734
       1700.0000     0.030000000       2.3185148       16.374407
       1700.0000      0.10000000       2.3313396       16.374803
       1700.0000      0.30000000       2.3379978       16.374980
       1700.0000       1.0000000       2.3421408       16.375073
       1700.0000       3.0000000       2.3442925       16.375109
       1700.0000       10.000000       2.3456174       16.375130
       1700.0000       30.000000       2.3463060       16.375140
       1700.0000       100.00000       2.3467292       16.375149
       1700.0000       300.00000       2.3469364       16.375156
       1700.0000       1000.0000       2.3464842       16.375180
       1700.0000       3000.0000       2.3463298       16.375292
       1700.0000       10000.000       2.3462238       16.377012
       1700.0000       30000.000       2.3459149       16.382269
       1700.0000       100000.00       2.3457938       16.386125
       1700.0000       300000.00       2.3456957       16.388728
       1800.0000    0.0010000000       2.0249845       16.560536
       1800.0000    0.0030000000       2.1465747       16.566932
       1800.0000     0.010000000       2.2319664       16.570535
       1800.0000     0.030000000       2.2789822       16.572277
       1800.0000      0.10000000       2.3092156       16.573305
       1800.0000      0.30000000       2.3250700       16.573808
       1800.0000       1.0000000       2.3349942       16.574096
       1800.0000       3.0000000       2.3401455       16.574224
       1800.0000       10.000000       2.3433283       16.574295
       1800.0000       30.000000       2.3449872       16.574327
       1800.0000       100.00000       2.3460092       16.574347
       1800.0000       300.00000       2.3465205       16.574360
       1800.0000       1000.0000       2.3468379       16.574384
       1800.0000       3000.0000       2.3466260       16.574464
       1800.0000       10000.000       2.3464088       16.575031
       1800.0000       30000.000       2.3465534       16.577298
       1800.0000       100000.00       2.3462821       16.584435
       1800.0000       300000.00       2.3461277       16.588105
       1900.0000    0.0010000000       1.7682954       16.728400
       1900.0000    0.0030000000       1.9547083       16.745355
       1900.0000     0.010000000       2.1089685       16.754428
       1900.0000     0.030000000       2.2021060       16.758607
       1900.0000      0.10000000       2.2650080       16.761022
       1900.0000      0.30000000       2.2988841       16.762205
       1900.0000       1.0000000       2.3204236       16.762901
       1900.0000       3.0000000       2.3316337       16.763236
       1900.0000       10.000000       2.3386447       16.763422
       1900.0000       30.000000       2.3422640       16.763513
       1900.0000       100.00000       2.3445034       16.763563
       1900.0000       300.00000       2.3456588       16.763592
       1900.0000       1000.0000       2.3463750       16.763618
       1900.0000       3000.0000       2.3467518       16.763682
       1900.0000       10000.000       2.3466617       16.764109
       1900.0000       30000.000       2.3465193       16.766217
       1900.0000       100000.00       2.3467973       16.771598
       1900.0000       300000.00       2.3467378       16.776395
       2000.0000    0.0010000000       1.5167999       16.857627
       2000.0000    0.0030000000       1.7065001       16.900518
       2000.0000     0.010000000       1.9185122       16.922257
       2000.0000     0.030000000       2.0716872       16.931896
       2000.0000      0.10000000       2.1857756       16.937246
       2000.0000      0.30000000       2.2506794       16.939795
       2000.0000       1.0000000       2.2931326       16.941293
       2000.0000       3.0000000       2.3155985       16.942027
       2000.0000       10.000000       2.3297602       16.942457
       2000.0000       30.000000       2.3370909       16.942659
       2000.0000       100.00000       2.3416710       16.942778
       2000.0000       300.00000       2.3440208       16.942838
       2000.0000       1000.0000       2.3454777       16.942882
       2000.0000       3000.0000       2.3462233       16.942943
       2000.0000       10000.000       2.3466947       16.943265
       2000.0000       30000.000       2.3467428       16.945069
       2000.0000       100000.00       2.3467511       16.951485
       2000.0000       300000.00       2.3469115       16.957335
       2150.0000    0.0010000000       1.3295892       16.770711
       2150.0000    0.0030000000       1.4119771       17.042209
       2150.0000     0.010000000       1.5808673       17.134750
       2150.0000     0.030000000       1.7790645       17.165923
       2150.0000      0.10000000       1.9792709       17.182192
       2150.0000      0.30000000       2.1151117       17.189572
       2150.0000       1.0000000       2.2128158       17.193759
       2150.0000       3.0000000       2.2673352       17.195777
       2150.0000       10.000000       2.3026448       17.196971
       2150.0000       30.000000       2.3212247       17.197553
       2150.0000       100.00000       2.3328869       17.197895
       2150.0000       300.00000       2.3389299       17.198062
       2150.0000       1000.0000       2.3426870       17.198167
       2150.0000       3000.0000       2.3446098       17.198248
       2150.0000       10000.000       2.3458052       17.198491
       2150.0000       30000.000       2.3464642       17.199833
       2150.0000       100000.00       2.3470568       17.206739
       2150.0000       300000.00       2.3469258       17.216863
       2300.0000    0.0010000000       1.2869884       15.405332
       2300.0000    0.0030000000       1.3078201       16.691545
       2300.0000     0.010000000       1.3699111       17.195075
       2300.0000     0.030000000       1.4920105       17.338916
       2300.0000      0.10000000       1.6951651       17.389791
       2300.0000      0.30000000       1.8912220       17.409332
       2300.0000       1.0000000       2.0644426       17.419956
       2300.0000       3.0000000       2.1730046       17.424912
       2300.0000       10.000000       2.2478339       17.427782
       2300.0000       30.000000       2.2886069       17.429183
       2300.0000       100.00000       2.3146789       17.430015
       2300.0000       300.00000       2.3283049       17.430421
       2300.0000       1000.0000       2.3368128       17.430667
       2300.0000       3000.0000       2.3412214       17.430810
       2300.0000       10000.000       2.3439353       17.431034
       2300.0000       30000.000       2.3453545       17.432037
       2300.0000       100000.00       2.3463530       17.438486
       2300.0000       300000.00       2.3470852       17.452707
       2450.0000    0.0010000000       1.2783788       11.418656
       2450.0000    0.0030000000       1.2836169       14.864053
       2450.0000     0.010000000       1.3009033       16.702797
       2450.0000     0.030000000       1.3447407       17.321782
       2450.0000      0.10000000       1.4569361       17.544843
       2450.0000      0.30000000       1.6293892       17.606745
       2450.0000       1.0000000       1.8474307       17.632465
       2450.0000       3.0000000       2.0183206       17.643661
       2450.0000       10.000000       2.1515238       17.649967
       2450.0000       30.000000       2.2292669       17.652987
       2450.0000       100.00000       2.2808394       17.654769
       2450.0000       300.00000       2.3083504       17.655644
       2450.0000       1000.0000       2.3257444       17.656167
       2450.0000       3000.0000       2.3347682       17.656442
       2450.0000       10000.000       2.3403968       17.656708
       2450.0000       30000.000       2.3432928       17.657506
       2450.0000       100000.00       2.3451594       17.663096
       2450.0000       300000.00       2.3463181       17.680116
       2600.0000    0.0010000000       1.2762182       6.4356478
       2600.0000    0.0030000000       1.2777642       10.781242
       2600.0000     0.010000000       1.2828500       14.819146
       2600.0000     0.030000000       1.2965629       16.701338
       2600.0000      0.10000000       1.3394082       17.490305
       2600.0000      0.30000000       1.4328055       17.726876
       2600.0000       1.0000000       1.6132402       17.807331
       2600.0000       3.0000000       1.8127768       17.832716
       2600.0000       10.000000       2.0058953       17.845654
       2600.0000       30.000000       2.1335716       17.851673
       2600.0000       100.00000       2.2241133       17.855166
       2600.0000       300.00000       2.2742553       17.856869
       2600.0000       1000.0000       2.3065903       17.857886
       2600.0000       3000.0000       2.3235636       17.858397
       2600.0000       10000.000       2.3341940       17.858780
       2600.0000       30000.000       2.3396889       17.859479
       2600.0000       100000.00       2.3431323       17.864201
       2600.0000       300000.00       2.3450719       17.882483
       2800.0000    0.0010000000       1.2753983       2.8854553
       2800.0000    0.0030000000       1.2758254       5.2147530
       2800.0000     0.010000000       1.2770292       9.6802389
       2800.0000     0.030000000       1.2802601       13.856386
       2800.0000      0.10000000       1.2910525       16.544115
       2800.0000      0.30000000       1.3194154       17.542789
       2800.0000       1.0000000       1.3994705       17.922270
       2800.0000       3.0000000       1.5430473       18.029923
       2800.0000       10.000000       1.7566189       18.067710
       2800.0000       30.000000       1.9449811       18.081811
       2800.0000       100.00000       2.1023256       18.089556
       2800.0000       300.00000       2.1978364       18.093261
       2800.0000       1000.0000       2.2625331       18.095446
       2800.0000       3000.0000       2.2974440       18.096524
       2800.0000       10000.000       2.3196446       18.097218
       2800.0000       30000.000       2.3312053       18.097928
       2800.0000       100000.00       2.3384202       18.101728
       2800.0000       300000.00       2.3422161       18.119873
       3000.0000    0.0010000000       1.2748854       1.8227642
       3000.0000    0.0030000000       1.2751621       2.6811186
       3000.0000     0.010000000       1.2756329       5.0324996
       3000.0000     0.030000000       1.2765986       8.9693306
       3000.0000      0.10000000       1.2796434       13.698996
       3000.0000      0.30000000       1.2879750       16.420525
       3000.0000       1.0000000       1.3150346       17.694851
       3000.0000       3.0000000       1.3795612       18.100409
       3000.0000       10.000000       1.5254508       18.243652
       3000.0000       30.000000       1.7168282       18.283662
       3000.0000       100.00000       1.9275562       18.300453
       3000.0000       300.00000       2.0783253       18.307822
       3000.0000       1000.0000       2.1899704       18.312062
       3000.0000       3000.0000       2.2532828       18.314129
       3000.0000       10000.000       2.2946566       18.315384
       3000.0000       30000.000       2.3165167       18.316271
       3000.0000       100000.00       2.3302550       18.319482
       3000.0000       300000.00       2.3374050       18.336390
       3250.0000    0.0010000000       1.2739194       1.5254270
       3250.0000    0.0030000000       1.2743901       1.7733789
       3250.0000     0.010000000       1.2748147       2.5567630
       3250.0000     0.030000000       1.2752554       4.3930849
       3250.0000      0.10000000       1.2761658       8.3667119
       3250.0000      0.30000000       1.2783419       12.844657
       3250.0000       1.0000000       1.2854645       16.294759
       3250.0000       3.0000000       1.3046298       17.734588
       3250.0000       10.000000       1.3622984       18.314036
       3250.0000       30.000000       1.4782022       18.485871
       3250.0000       100.00000       1.6772199       18.544482
       3250.0000       300.00000       1.8748021       18.562605
       3250.0000       1000.0000       2.0525366       18.571565
       3250.0000       3000.0000       2.1651141       18.575743
       3250.0000       10000.000       2.2430992       18.578206
       3250.0000       30000.000       2.2857296       18.579603
       3250.0000       100000.00       2.3129905       18.582521
       3250.0000       300000.00       2.3272417       18.597583
       3500.0000    0.0010000000       1.2727391       1.6462668
       3500.0000    0.0030000000       1.2730904       1.7395112
       3500.0000     0.010000000       1.2736753       2.0268868
       3500.0000     0.030000000       1.2742651       2.7310404
       3500.0000      0.10000000       1.2749244       4.6874553
       3500.0000      0.30000000       1.2758145       8.2415144
       3500.0000       1.0000000       1.2781369       13.115553
       3500.0000       3.0000000       1.2842109       16.327272
       3500.0000       10.000000       1.3040974       17.978721
       3500.0000       30.000000       1.3536537       18.534256
       3500.0000       100.00000       1.4759935       18.738207
       3500.0000       300.00000       1.6551732       18.795346
       3500.0000       1000.0000       1.8721237       18.816154
       3500.0000       3000.0000       2.0372375       18.824168
       3500.0000       10000.000       2.1637502       18.828628
       3500.0000       30000.000       2.2368937       18.830936
       3500.0000       100000.00       2.2851627       18.834031
       3500.0000       300000.00       2.3107865       18.847595
       3750.0000    0.0010000000       1.2724940       2.4273626
       3750.0000    0.0030000000       1.2725509       2.4606493
       3750.0000     0.010000000       1.2727077       2.5731878
       3750.0000     0.030000000       1.2730375       2.8684163
       3750.0000      0.10000000       1.2736642       3.7366260
       3750.0000      0.30000000       1.2744372       5.6033162
       3750.0000       1.0000000       1.2756682       9.4397145
       3750.0000       3.0000000       1.2780603       13.671528
       3750.0000       10.000000       1.2854614       16.906257
       3750.0000       30.000000       1.3051070       18.264219
       3750.0000       100.00000       1.3639273       18.818937
       3750.0000       300.00000       1.4814365       18.986245
       3750.0000       1000.0000       1.6815156       19.043777
       3750.0000       3000.0000       1.8787728       19.060743
       3750.0000       10000.000       2.0553867       19.068591
       3750.0000       30000.000       2.1669351       19.072308
       3750.0000       100000.00       2.2441099       19.075995
       3750.0000       300000.00       2.2862146       19.088596
       4000.0000    0.0010000000       1.2724243       4.7156584
       4000.0000    0.0030000000       1.2724591       4.7256729
       4000.0000     0.010000000       1.2724960       4.7610502
       4000.0000     0.030000000       1.2725665       4.8597247
       4000.0000      0.10000000       1.2727639       5.1857258
       4000.0000      0.30000000       1.2731837       5.9911207
       4000.0000       1.0000000       1.2740553       8.0229133
       4000.0000       3.0000000       1.2754591       11.219614
       4000.0000       10.000000       1.2788322       15.115062
       4000.0000       30.000000       1.2871930       17.506725
       4000.0000       100.00000       1.3138480       18.698009
       4000.0000       300.00000       1.3774573       19.095934
       4000.0000       1000.0000       1.5219948       19.242145
       4000.0000       3000.0000       1.7127704       19.283061
       4000.0000       10000.000       1.9240056       19.298046
       4000.0000       30000.000       2.0756743       19.303949
       4000.0000       100000.00       2.1881826       19.308612
       4000.0000       300000.00       2.2520153       19.320724
