T(K)  p(mbar)  mu(amu)  mean cp(kJ/kg/K)
       75.000000    0.0010000000       3.2010743       8.8102412
       75.000000    0.0030000000       3.2010722       8.8102472
       75.000000     0.010000000       3.2010742       8.8102412
       75.000000     0.030000000       3.2010722       8.8102472
       75.000000      0.10000000       3.2010742       8.8102412
       75.000000      0.30000000       3.2010722       8.8102472
       75.000000       1.0000000       3.2010742       8.8102412
       75.000000       3.0000000       3.2010722       8.8102472
       75.000000       10.000000       3.2010742       8.8102412
       75.000000       30.000000       3.2010722       8.8102472
       75.000000       100.00000       3.2010742       8.8102412
       75.000000       300.00000       2.8973831       10.064721
       75.000000       1000.0000       2.5747072       11.905176
       75.000000       3000.0000       2.4795847       12.593983
       75.000000       10000.000       2.4459740       12.858040
       100.00000    0.0010000000       3.2176659       8.5216047
       100.00000    0.0030000000       3.2066096       8.5215990
       100.00000     0.010000000       3.2027333       8.5216047
       100.00000     0.030000000       3.2016276       8.5215990
       100.00000      0.10000000       3.2012383       8.5216047
       100.00000      0.30000000       3.2011292       8.5215990
       100.00000       1.0000000       3.2010888       8.5216047
       100.00000       3.0000000       3.2010794       8.5215990
       100.00000       10.000000       3.2010738       8.5216047
       100.00000       30.000000       3.2010744       8.5215990
       100.00000       100.00000       3.2010723       8.5216047
       100.00000       300.00000       3.2010739       8.5215990
       100.00000       1000.0000       3.2010722       8.5216047
       100.00000       3000.0000       3.2010738       8.5215990
       100.00000       10000.000       2.9288775       9.5755249
       100.00000       30000.000       2.6014384       11.298120
       110.00000    0.0010000000       3.4278478       8.4894270
       110.00000    0.0030000000       3.3531956       8.4894270
       110.00000     0.010000000       3.2470648       8.4894270
       110.00000     0.030000000       3.2164384       8.4894270
       110.00000      0.10000000       3.2056871       8.4894270
       110.00000      0.30000000       3.2026122       8.4894270
       110.00000       1.0000000       3.2015356       8.4894270
       110.00000       3.0000000       3.2012280       8.4894270
       110.00000       10.000000       3.2011203       8.4894270
       110.00000       30.000000       3.2010896       8.4894270
       110.00000       100.00000       3.2010788       8.4894270
       110.00000       300.00000       3.2010757       8.4894270
       110.00000       1000.0000       3.2010747       8.4894270
       110.00000       3000.0000       3.2010744       8.4894270
       110.00000       10000.000       3.2010742       8.4894270
       110.00000       30000.000       2.8675994       9.8118079
       110.00000       100000.00       2.5653454       11.476256
       120.00000    0.0010000000       3.4278588       8.4959155
       120.00000    0.0030000000       3.4278490       8.4959213
       120.00000     0.010000000       3.4278488       8.4959156
       120.00000     0.030000000       3.4278456       8.4959213
       120.00000      0.10000000       3.2743295       8.4959156
       120.00000      0.30000000       3.2255771       8.4959213
       120.00000       1.0000000       3.2084348       8.4959156
       120.00000       3.0000000       3.2035266       8.4959213
       120.00000       10.000000       3.2018106       8.4959156
       120.00000       30.000000       3.2013176       8.4959213
       120.00000       100.00000       3.2011478       8.4959156
       120.00000       300.00000       3.2010967       8.4959213
       120.00000       1000.0000       3.2010816       8.4959156
       120.00000       3000.0000       3.2010746       8.4959213
       120.00000       10000.000       3.2010749       8.4959156
       120.00000       30000.000       3.2010724       8.4959213
       120.00000       100000.00       2.7264068       10.523447
       130.00000    0.0010000000       3.4282394       8.5351056
       130.00000    0.0030000000       3.4279782       8.5351093
       130.00000     0.010000000       3.4278868       8.5351106
       130.00000     0.030000000       3.4278607       8.5351109
       130.00000      0.10000000       3.4278516       8.5351111
       130.00000      0.30000000       3.4278490       8.5351111
       130.00000       1.0000000       3.2774028       8.5351111
       130.00000       3.0000000       3.2266116       8.5351111
       130.00000       10.000000       3.2087452       8.5351111
       130.00000       30.000000       3.2036322       8.5351111
       130.00000       100.00000       3.2018417       8.5351111
       130.00000       300.00000       3.2013300       8.5351111
       130.00000       1000.0000       3.2011510       8.5351111
       130.00000       3000.0000       3.2010998       8.5351111
       130.00000       10000.000       3.2010819       8.5351111
       130.00000       30000.000       3.2010768       8.5351111
       130.00000       100000.00       3.0008472       9.2798314
       140.00000    0.0010000000       3.4361362       8.6008942
       140.00000    0.0030000000       3.4306107       8.6010045
       140.00000     0.010000000       3.4286767       8.6010431
       140.00000     0.030000000       3.4281238       8.6010541
       140.00000      0.10000000       3.4279306       8.6010580
       140.00000      0.30000000       3.4278750       8.6010591
       140.00000       1.0000000       3.4278559       8.6010595
       140.00000       3.0000000       3.3892422       8.6010596
       140.00000       10.000000       3.2580692       8.6010596
       140.00000       30.000000       3.2201240       8.6010596
       140.00000       100.00000       3.2067949       8.6010596
       140.00000       300.00000       3.2029812       8.6010596
       140.00000       1000.0000       3.2016465       8.6010596
       140.00000       3000.0000       3.2012646       8.6010596
       140.00000       10000.000       3.2011314       8.6010596
       140.00000       30000.000       3.2010929       8.6010596
       140.00000       100000.00       3.2010799       8.6010596
       150.00000    0.0010000000       3.5147938       8.6998720
       150.00000    0.0030000000       3.4626924       8.6964518
       150.00000     0.010000000       3.4384014       8.6902053
       150.00000     0.030000000       3.4315804       8.6880888
       150.00000      0.10000000       3.4290161       8.6877756
       150.00000      0.30000000       3.4282348       8.6878025
       150.00000       1.0000000       3.4279645       8.6878042
       150.00000       3.0000000       3.4278842       8.6878120
       150.00000       10.000000       3.4278593       8.6878070
       150.00000       30.000000       3.3090412       8.6878130
       150.00000       100.00000       3.2336435       8.6878073
       150.00000       300.00000       3.2119455       8.6878131
       150.00000       1000.0000       3.2043380       8.6878073
       150.00000       3000.0000       3.2021603       8.6878131
       150.00000       10000.000       3.2014007       8.6878073
       150.00000       30000.000       3.2011810       8.6878131
       150.00000       100000.00       3.2011068       8.6878073
       160.00000    0.0010000000       3.5236737       8.7671325
       160.00000    0.0030000000       3.5159556       8.7950159
       160.00000     0.010000000       3.5133086       8.8046999
       160.00000     0.030000000       3.4593165       8.8072458
       160.00000      0.10000000       3.4321271       8.8074172
       160.00000      0.30000000       3.4251559       8.8055129
       160.00000       1.0000000       3.4246697       8.8000464
       160.00000       3.0000000       3.4266522       8.7932546
       160.00000       10.000000       3.4277755       8.7898761
       160.00000       30.000000       3.4278725       8.7894341
       160.00000       100.00000       3.3492668       8.7894058
       160.00000       300.00000       3.2508281       8.7894003
       160.00000       1000.0000       3.2160359       8.7894062
       160.00000       3000.0000       3.2060654       8.7894004
       160.00000       10000.000       3.2025700       8.7894062
       160.00000       30000.000       3.2015732       8.7894004
       160.00000       100000.00       3.2012220       8.7894062
       170.00000    0.0010000000       3.6233797       8.5283418
       170.00000    0.0030000000       3.5493846       8.7842862
       170.00000     0.010000000       3.5233029       8.8785960
       170.00000     0.030000000       3.5158352       8.9060165
       170.00000      0.10000000       3.5107217       8.9156649
       170.00000      0.30000000       3.4502288       8.9183316
       170.00000       1.0000000       3.4290558       8.9191268
       170.00000       3.0000000       3.4231854       8.9188817
       170.00000       10.000000       3.4217137       8.9173783
       170.00000       30.000000       3.4226734       8.9134935
       170.00000       100.00000       3.4254854       8.9059763
       170.00000       300.00000       3.3895352       8.9011481
       170.00000       1000.0000       3.2582549       8.9000152
       170.00000       3000.0000       3.2202015       8.8998849
       170.00000       10000.000       3.2068159       8.8998909
       170.00000       30000.000       3.2029893       8.8998850
       170.00000       100000.00       3.2016468       8.8998910
       180.00000    0.0010000000       4.3094638       6.8382355
       180.00000    0.0030000000       3.7881770       8.1128800
       180.00000     0.010000000       3.5962211       8.7295358
       180.00000     0.030000000       3.5404251       8.9288151
       180.00000      0.10000000       3.5207932       9.0013375
       180.00000      0.30000000       3.5151782       9.0223327
       180.00000       1.0000000       3.4761189       9.0296685
       180.00000       3.0000000       3.4388175       9.0317311
       180.00000       10.000000       3.4258055       9.0322958
       180.00000       30.000000       3.4222240       9.0321102
       180.00000       100.00000       3.4214570       9.0308251
       180.00000       300.00000       3.4224230       9.0274482
       180.00000       1000.0000       3.3858510       9.0202710
       180.00000       3000.0000       3.2636756       9.0144450
       180.00000       10000.000       3.2202285       9.0127169
       180.00000       30000.000       3.2076592       9.0125423
       180.00000       100000.00       3.2032313       9.0125424
       190.00000    0.0010000000       4.8006921       6.0507532
       190.00000    0.0030000000       4.8006921       6.0508134
       190.00000     0.010000000       4.0116227       7.5950001
       190.00000     0.030000000       3.6846456       8.5376624
       190.00000      0.10000000       3.5665765       8.9456754
       190.00000      0.30000000       3.5324812       9.0716228
       190.00000       1.0000000       3.5205151       9.1167697
       190.00000       3.0000000       3.5170902       9.1297745
       190.00000       10.000000       3.4515229       9.1342450
       190.00000       30.000000       3.4325266       9.1354645
       190.00000       100.00000       3.4260340       9.1354756
       190.00000       300.00000       3.4245578       9.1344958
       190.00000       1000.0000       3.4252367       9.1311185
       190.00000       3000.0000       3.3829252       9.1245886
       190.00000       10000.000       3.2585635       9.1168763
       190.00000       30000.000       3.2226139       9.1144630
       190.00000       100000.00       3.2098080       9.1141455
       200.00000    0.0010000000       4.8024654       6.1054926
       200.00000    0.0030000000       4.8027051       6.1061576
       200.00000     0.010000000       4.8027102       6.1062615
       200.00000     0.030000000       4.3374280       6.9294778
       200.00000      0.10000000       3.7729882       8.3485755
       200.00000      0.30000000       3.6030672       8.9136530
       200.00000       1.0000000       3.5426485       9.1354860
       200.00000       3.0000000       3.5252882       9.2014768
       200.00000       10.000000       3.5191986       9.2248574
       200.00000       30.000000       3.4653125       9.2314308
       200.00000       100.00000       3.4366199       9.2334587
       200.00000       300.00000       3.4287278       9.2331854
       200.00000       1000.0000       3.4269475       9.2305544
       200.00000       3000.0000       3.4284687       9.2245701
       200.00000       10000.000       3.3482427       9.2157344
       200.00000       30000.000       3.2538154       9.2119075
       200.00000       100000.00       3.2202259       9.2111910
       210.00000    0.0010000000       4.7996811       6.1483662
       210.00000    0.0030000000       4.8024421       6.1557309
       210.00000     0.010000000       4.8027931       6.1566406
       210.00000     0.030000000       4.8028059       6.1567400
       210.00000      0.10000000       4.5694365       6.5447056
       210.00000      0.30000000       3.8854179       8.0895865
       210.00000       1.0000000       3.6292702       8.9043717
       210.00000       3.0000000       3.5543706       9.1780434
       210.00000       10.000000       3.5279890       9.2788909
       210.00000       30.000000       3.5204634       9.3081471
       210.00000       100.00000       3.4707765       9.3181472
       210.00000       300.00000       3.4401213       9.3202413
       210.00000       1000.0000       3.4302555       9.3187020
       210.00000       3000.0000       3.4293177       9.3133118
       210.00000       10000.000       3.4316901       9.3043535
       210.00000       30000.000       3.3010862       9.2998771
       210.00000       100000.00       3.2345676       9.2989646
       220.00000    0.0010000000       4.7844729       6.1515754
       220.00000    0.0030000000       4.7994266       6.1915427
       220.00000     0.010000000       4.8025034       6.1998720
       220.00000     0.030000000       4.8027890       6.2006929
       220.00000      0.10000000       4.8028037       6.2008154
       220.00000      0.30000000       4.8028161       6.2008614
       220.00000       1.0000000       3.9360739       8.0099761
       220.00000       3.0000000       3.6591931       8.8713683
       220.00000       10.000000       3.5597070       9.2330313
       220.00000       30.000000       3.5310607       9.3432963
       220.00000       100.00000       3.5211155       9.3824117
       220.00000       300.00000       3.4762833       9.3929614
       220.00000       1000.0000       3.4409976       9.3945796
       220.00000       3000.0000       3.4326432       9.3905226
       220.00000       10000.000       3.4324887       9.3816580
       220.00000       30000.000       3.3826942       9.3766392
       220.00000       100000.00       3.2594054       9.3755686
       230.00000    0.0010000000       4.7593728       6.1284127
       230.00000    0.0030000000       4.7854155       6.1932955
       230.00000     0.010000000       4.8002287       6.2332266
       230.00000     0.030000000       4.8025057       6.2394592
       230.00000      0.10000000       4.8027905       6.2402089
       230.00000      0.30000000       4.8027939       6.2403531
       230.00000       1.0000000       4.8028159       6.2403874
       230.00000       3.0000000       3.9885054       7.9219358
       230.00000       10.000000       3.6615036       8.9272731
       230.00000       30.000000       3.5652912       9.2791562
       230.00000       100.00000       3.5313848       9.4104660
       230.00000       300.00000       3.5219284       9.4482516
       230.00000       1000.0000       3.4720028       9.4596597
       230.00000       3000.0000       3.4427880       9.4589428
       230.00000       10000.000       3.4352912       9.4508382
       230.00000       30000.000       3.4343311       9.4453807
       230.00000       100000.00       3.3003746       9.4441205
       240.00000    0.0010000000       4.7352914       6.1360869
       240.00000    0.0030000000       4.7619801       6.1707760
       240.00000     0.010000000       4.7899462       6.2408570
       240.00000     0.030000000       4.8007905       6.2703592
       240.00000      0.10000000       4.8026280       6.2754200
       240.00000      0.30000000       4.8027878       6.2759492
       240.00000       1.0000000       4.8028073       6.2760557
       240.00000       3.0000000       4.8028414       6.2763052
       240.00000       10.000000       3.9509783       8.0750524
       240.00000       30.000000       3.6644049       8.9752506
       240.00000       100.00000       3.5613864       9.3550406
       240.00000       300.00000       3.5319060       9.4706465
       240.00000       1000.0000       3.5222757       9.5103828
       240.00000       3000.0000       3.4696939       9.5188065
       240.00000       10000.000       3.4431694       9.5128051
       240.00000       30000.000       3.4369414       9.5074012
       240.00000       100000.00       3.3647646       9.5060734
       250.00000    0.0010000000       4.6913303       6.2039340
       250.00000    0.0030000000       4.7383109       6.1722110
       250.00000     0.010000000       4.7693517       6.2198132
       250.00000     0.030000000       4.7931598       6.2810374
       250.00000      0.10000000       4.8017227       6.3042572
       250.00000      0.30000000       4.8027035       6.3070958
       250.00000       1.0000000       4.8027921       6.3075188
       250.00000       3.0000000       4.8028472       6.3077816
       250.00000       10.000000       4.6698407       6.5301302
       250.00000       30.000000       3.9226000       8.2014764
       250.00000       100.00000       3.6409630       9.1106851
       250.00000       300.00000       3.5586163       9.4204400
       250.00000       1000.0000       3.5301912       9.5341579
       250.00000       3000.0000       3.5235825       9.5665029
       250.00000       10000.000       3.4625097       9.5661527
       250.00000       30000.000       3.4433779       9.5616834
       250.00000       100000.00       3.4364894       9.5605957
       260.00000    0.0010000000       4.6482291       6.2839706
       260.00000    0.0030000000       4.6983467       6.2263458
       260.00000     0.010000000       4.7468745       6.2085820
       260.00000     0.030000000       4.7758830       6.2632874
       260.00000      0.10000000       4.7975362       6.3199678
       260.00000      0.30000000       4.8021746       6.3326583
       260.00000       1.0000000       4.8027584       6.3344471
       260.00000       3.0000000       4.8028323       6.3348510
       260.00000       10.000000       4.8028437       6.3352397
       260.00000       30.000000       4.5214640       6.8321110
       260.00000       100.00000       3.8335520       8.5082699
       260.00000       300.00000       3.6241002       9.2188445
       260.00000       1000.0000       3.5499184       9.5047789
       260.00000       3000.0000       3.5299739       9.5950234
       260.00000       10000.000       3.5062272       9.6084593
       260.00000       30000.000       3.4579553       9.6073193
       260.00000       100000.00       3.4408854       9.6072104
       260.00000       300000.00       3.3406861       9.6075334
       270.00000    0.0010000000       4.6349601       6.3223864
       270.00000    0.0030000000       4.6543112       6.3017186
       270.00000     0.010000000       4.7144919       6.2390385
       270.00000     0.030000000       4.7546457       6.2447338
       270.00000      0.10000000       4.7858249       6.3123003
       270.00000      0.30000000       4.7998611       6.3498363
       270.00000       1.0000000       4.8025358       6.3573159
       270.00000       3.0000000       4.8027690       6.3583359
       270.00000       10.000000       4.8028353       6.3587392
       270.00000       30.000000       4.8028972       6.3615137
       270.00000       100.00000       4.2572753       7.4137681
       270.00000       300.00000       3.7724626       8.7427431
       270.00000       1000.0000       3.5951543       9.3744012
       270.00000       3000.0000       3.5449597       9.5924948
       270.00000       10000.000       3.5300341       9.6371053
       270.00000       30000.000       3.4888066       9.6442239
       270.00000       100000.00       3.4501929       9.6467836
       270.00000       300000.00       3.4097694       9.6479426
       275.00000    0.0010000000       4.6331873       6.3343574
       275.00000    0.0030000000       4.6429051       6.3258114
       275.00000     0.010000000       4.6916796       6.2719365
       275.00000     0.030000000       4.7426156       6.2455449
       275.00000      0.10000000       4.7770979       6.3014526
       275.00000      0.30000000       4.7970976       6.3530736
       275.00000       1.0000000       4.8022237       6.3671901
       275.00000       3.0000000       4.8027533       6.3689432
       275.00000       10.000000       4.8028433       6.3694586
       275.00000       30.000000       4.8028829       6.3722686
       275.00000       100.00000       4.6022481       6.7216248
       275.00000       300.00000       3.8977835       8.3696798
       275.00000       1000.0000       3.6338820       9.2512249
       275.00000       3000.0000       3.5579041       9.5739359
       275.00000       10000.000       3.5338103       9.6448809
       275.00000       30000.000       3.5144149       9.6593357
       275.00000       100000.00       3.4579350       9.6642991
       275.00000       300000.00       3.4415721       9.6662147
       280.00000    0.0010000000       4.6324783       6.3446489
       280.00000    0.0030000000       4.6371534       6.3420143
       280.00000     0.010000000       4.6695370       6.3072307
       280.00000     0.030000000       4.7273916       6.2572319
       280.00000      0.10000000       4.7674223       6.2905040
       280.00000      0.30000000       4.7926418       6.3513855
       280.00000       1.0000000       4.8016166       6.3757552
       280.00000       3.0000000       4.8026900       6.3789564
       280.00000       10.000000       4.8028299       6.3796468
       280.00000       30.000000       4.8028847       6.3824743
       280.00000       100.00000       4.8029545       6.3858743
       280.00000       300.00000       4.0453883       7.9707719
       280.00000       1000.0000       3.6801432       9.1051737
       280.00000       3000.0000       3.5734434       9.5474577
       280.00000       10000.000       3.5383848       9.6494893
       280.00000       30000.000       3.5305363       9.6728246
       280.00000       100000.00       3.4686088       9.6807238
       280.00000       300000.00       3.4451408       9.6835063
       290.00000    0.0010000000       4.6323388       6.3627323
       290.00000    0.0030000000       4.6331698       6.3638447
       290.00000     0.010000000       4.6431962       6.3563868
       290.00000     0.030000000       4.6862796       6.3111942
       290.00000      0.10000000       4.7453319       6.2825939
       290.00000      0.30000000       4.7784463       6.3351239
       290.00000       1.0000000       4.7985641       6.3864632
       290.00000       3.0000000       4.8023257       6.3969558
       290.00000       10.000000       4.8028132       6.3986291
       290.00000       30.000000       4.8028845       6.4015641
       290.00000       100.00000       4.8029610       6.4049785
       290.00000       300.00000       4.4884793       6.9826287
       290.00000       1000.0000       3.8232314       8.6685105
       290.00000       3000.0000       3.6220535       9.4454540
       290.00000       10000.000       3.5528386       9.6412879
       290.00000       30000.000       3.5352832       9.6922306
       290.00000       100000.00       3.5031331       9.7097121
       290.00000       300000.00       3.4566870       9.7152660
       300.00000    0.0010000000       4.6651309       6.3292786
       300.00000    0.0030000000       4.6654610       6.3300525
       300.00000     0.010000000       4.6664859       6.3329114
       300.00000     0.030000000       4.6693532       6.3408061
       300.00000      0.10000000       4.6783728       6.3659097
       300.00000      0.30000000       4.6971879       6.4193472
       300.00000       1.0000000       4.7222497       6.4930955
       300.00000       3.0000000       4.7310565       6.5196760
       300.00000       10.000000       4.7324408       6.5242435
       300.00000       30.000000       4.7325545       6.5274635
       300.00000       100.00000       4.7325803       6.5309572
       300.00000       300.00000       4.7325771       6.5455758
       300.00000       1000.0000       4.0094736       8.1313202
       300.00000       3000.0000       3.6578883       9.3682547
       300.00000       10000.000       3.5306335       9.7201284
       300.00000       30000.000       3.4938575       9.8262692
       300.00000       100000.00       3.4809425       9.8643540
       300.00000       300000.00       3.4772481       9.8753373
       310.00000    0.0010000000       4.6650994       6.3451216
       310.00000    0.0030000000       4.6652442       6.3456030
       310.00000     0.010000000       4.6658282       6.3471698
       310.00000     0.030000000       4.6674318       6.3516309
       310.00000      0.10000000       4.6727542       6.3664005
       310.00000      0.30000000       4.6855368       6.4023900
       310.00000       1.0000000       4.7109559       6.4759834
       310.00000       3.0000000       4.7280151       6.5271568
       310.00000       10.000000       4.7321202       6.5400013
       310.00000       30.000000       4.7325080       6.5441273
       310.00000       100.00000       4.7325650       6.5477248
       310.00000       300.00000       4.7325769       6.5623395
       310.00000       1000.0000       4.3851483       7.2815115
       310.00000       3000.0000       3.7918471       9.0642359
       310.00000       10000.000       3.5718042       9.6328525
       310.00000       30000.000       3.5076754       9.8143851
       310.00000       100000.00       3.4850990       9.8807574
       310.00000       300000.00       3.4786324       9.9000302
       320.00000    0.0010000000       4.6650522       6.3600566
       320.00000    0.0030000000       4.6651526       6.3603076
       320.00000     0.010000000       4.6654777       6.3612143
       320.00000     0.030000000       4.6663966       6.3638059
       320.00000      0.10000000       4.6695577       6.3725208
       320.00000      0.30000000       4.6776873       6.3953822
       320.00000       1.0000000       4.6981881       6.4541288
       320.00000       3.0000000       4.7213627       6.5228324
       320.00000       10.000000       4.7311773       6.5528764
       320.00000       30.000000       4.7324227       6.5594635
       320.00000       100.00000       4.7325510       6.5634099
       320.00000       300.00000       4.7325812       6.5780388
       320.00000       1000.0000       4.7325771       6.6600378
       320.00000       3000.0000       4.0023371       8.6320901
       320.00000       10000.000       3.6375913       9.4818399
       320.00000       30000.000       3.5298710       9.7766831
       320.00000       100000.00       3.4917838       9.8877305
       320.00000       300000.00       3.4808662       9.9202941
       330.00000    0.0010000000       4.6650229       6.3740992
       330.00000    0.0030000000       4.6650988       6.3742275
       330.00000     0.010000000       4.6653021       6.3747462
       330.00000     0.030000000       4.6658299       6.3763090
       330.00000      0.10000000       4.6677148       6.3815715
       330.00000      0.30000000       4.6728354       6.3957945
       330.00000       1.0000000       4.6874958       6.4374853
       330.00000       3.0000000       4.7111204       6.5067137
       330.00000       10.000000       4.7288149       6.5604316
       330.00000       30.000000       4.7321161       6.5732776
       330.00000       100.00000       4.7325449       6.5780297
       330.00000       300.00000       4.7325649       6.5927857
       330.00000       1000.0000       4.7325778       6.6747781
       330.00000       3000.0000       4.3186657       8.0841699
       330.00000       10000.000       3.7390905       9.2500006
       330.00000       30000.000       3.5643712       9.7034550
       330.00000       100000.00       3.5022068       9.8818981
       330.00000       300000.00       3.4843471       9.9350659
       340.00000    0.0010000000       4.6650230       6.3872075
       340.00000    0.0030000000       4.6650808       6.3872691
       340.00000     0.010000000       4.6651726       6.3876260
       340.00000     0.030000000       4.6654813       6.3886015
       340.00000      0.10000000       4.6666906       6.3917519
       340.00000      0.30000000       4.6698564       6.4007473
       340.00000       1.0000000       4.6797686       6.4288581
       340.00000       3.0000000       4.6997263       6.4866312
       340.00000       10.000000       4.7238923       6.5591684
       340.00000       30.000000       4.7313411       6.5846994
       340.00000       100.00000       4.7324428       6.5916198
       340.00000       300.00000       4.7325592       6.6065334
       340.00000       1000.0000       4.7325796       6.6885360
       340.00000       3000.0000       4.7325775       7.5127173
       340.00000       10000.000       3.8903329       8.9260138
       340.00000       30000.000       3.6163957       9.5833390
       340.00000       100000.00       3.5179873       9.8586713
       340.00000       300000.00       3.4896244       9.9426493
       350.00000    0.0010000000       4.6650191       6.3992720
       350.00000    0.0030000000       4.6650293       6.3993535
       350.00000     0.010000000       4.6651182       6.3995351
       350.00000     0.030000000       4.6653092       6.4001404
       350.00000      0.10000000       4.6660457       6.4021422
       350.00000      0.30000000       4.6680593       6.4078713
       350.00000       1.0000000       4.6746881       6.4264159
       350.00000       3.0000000       4.6897381       6.4699817
       350.00000       10.000000       4.7159591       6.5475343
       350.00000       30.000000       4.7295672       6.5918817
       350.00000       100.00000       4.7322902       6.6036898
       350.00000       300.00000       4.7325474       6.6190999
       350.00000       1000.0000       4.7325725       6.7012034
       350.00000       3000.0000       4.7325776       7.5253728
       350.00000       10000.000       4.1081672       8.5106549
       350.00000       30000.000       3.6926304       9.4048408
       350.00000       100000.00       3.5412564       9.8122026
       350.00000       300000.00       3.4974193       9.9406777
       375.00000    0.0010000000       4.6649177       6.4258422
       375.00000    0.0030000000       4.6649800       6.4258074
       375.00000     0.010000000       4.6650270       6.4258516
       375.00000     0.030000000       4.6651185       6.4260205
       375.00000      0.10000000       4.6653681       6.4267074
       375.00000      0.30000000       4.6660466       6.4287413
       375.00000       1.0000000       4.6684411       6.4355159
       375.00000       3.0000000       4.6747861       6.4537508
       375.00000       10.000000       4.6920999       6.5041229
       375.00000       30.000000       4.7162302       6.5786118
       375.00000       100.00000       4.7301586       6.6248180
       375.00000       300.00000       4.7322818       6.6458183
       375.00000       1000.0000       4.7325543       6.7271628
       375.00000       3000.0000       4.7325723       7.5349155
       375.00000       10000.000       4.7325774       7.5849683
       375.00000       30000.000       4.0465194       8.6628166
       375.00000       100000.00       3.6515845       9.5524701
       375.00000       300000.00       3.5346051       9.8761194
       400.00000    0.0010000000       4.6593477       6.4625342
       400.00000    0.0030000000       4.6643041       6.4558615
       400.00000     0.010000000       4.6648809       6.4551291
       400.00000     0.030000000       4.6649368       6.4551775
       400.00000      0.10000000       4.6650609       6.4554034
       400.00000      0.30000000       4.6653244       6.4562100
       400.00000       1.0000000       4.6662690       6.4588764
       400.00000       3.0000000       4.6688631       6.4664884
       400.00000       10.000000       4.6771438       6.4904769
       400.00000       30.000000       4.6949284       6.5445310
       400.00000       100.00000       4.7206139       6.6247756
       400.00000       300.00000       4.7306248       6.6673430
       400.00000       1000.0000       4.7323278       6.7342360
       400.00000       3000.0000       4.7324721       7.3269581
       400.00000       10000.000       4.7324885       7.4119243
       400.00000       30000.000       4.6413114       7.7617536
       400.00000       100000.00       3.8459722       9.1252592
       400.00000       300000.00       3.6010604       9.7299533
       425.00000    0.0010000000       2.2641292       6.6791716
       425.00000    0.0030000000       4.6530277       6.4979082
       425.00000     0.010000000       4.6637565       6.4837166
       425.00000     0.030000000       4.6647945       6.4823988
       425.00000      0.10000000       4.6649483       6.4823734
       425.00000      0.30000000       4.6651025       6.4826516
       425.00000       1.0000000       4.6655103       6.4838193
       425.00000       3.0000000       4.6666158       6.4872529
       425.00000       10.000000       4.6704306       6.4983609
       425.00000       30.000000       4.6800663       6.5278703
       425.00000       100.00000       4.7026998       6.5969237
       425.00000       300.00000       4.7241911       6.6715519
       425.00000       1000.0000       4.7315412       6.7380210
       425.00000       3000.0000       4.7323613       7.1310608
       425.00000       10000.000       4.7324721       7.2505082
       425.00000       30000.000       4.7324873       7.6873789
       425.00000       100000.00       4.1985278       8.4764688
       425.00000       300000.00       3.7247145       9.4460974
       450.00000    0.0010000000       2.0974707       7.2450637
       450.00000    0.0030000000       2.2380940       6.7797823
       450.00000     0.010000000       4.6494022       6.5278275
       450.00000     0.030000000       4.6629523       6.5103092
       450.00000      0.10000000       4.6647589       6.5080573
       450.00000      0.30000000       4.6649766       6.5080095
       450.00000       1.0000000       4.6651740       6.5085403
       450.00000       3.0000000       4.6657305       6.5101333
       450.00000       10.000000       4.6675399       6.5155549
       450.00000       30.000000       4.6724693       6.5308708
       450.00000       100.00000       4.6867503       6.5742003
       450.00000       300.00000       4.7102405       6.6510096
       450.00000       1000.0000       4.7285123       6.7337969
       450.00000       3000.0000       4.7319930       6.9453159
       450.00000       10000.000       4.7324574       7.0992279
       450.00000       30000.000       4.7324728       7.7266385
       450.00000       100000.00       4.7324815       7.7447556
       450.00000       300000.00       3.9231832       9.0286463
       475.00000    0.0010000000       2.0722762       7.3301980
       475.00000    0.0030000000       2.1031344       7.2347260
       475.00000     0.010000000       2.2626113       6.7241833
       475.00000     0.030000000       4.6457048       6.5577286
       475.00000      0.10000000       4.6629172       6.5360557
       475.00000      0.30000000       4.6647263       6.5339085
       475.00000       1.0000000       4.6650237       6.5339337
       475.00000       3.0000000       4.6653233       6.5347368
       475.00000       10.000000       4.6662362       6.5375191
       475.00000       30.000000       4.6688408       6.5456642
       475.00000       100.00000       4.6769980       6.5706132
       475.00000       300.00000       4.6946477       6.6273202
       475.00000       1000.0000       4.7204097       6.7233233
       475.00000       3000.0000       4.7306119       6.8593947
       475.00000       10000.000       4.7323408       7.0169100
       475.00000       30000.000       4.7324727       7.6539695
       475.00000       100000.00       4.7324848       7.8197839
       475.00000       300000.00       4.2137017       8.5336067
       500.00000    0.0010000000       2.0873683       7.2589671
       500.00000    0.0030000000       2.0809941       7.3039760
       500.00000     0.010000000       2.1233308       7.1767232
       500.00000     0.030000000       2.2880748       6.6694584
       500.00000      0.10000000       4.6484339       6.5798053
       500.00000      0.30000000       4.6628597       6.5622347
       500.00000       1.0000000       4.6648045       6.5600752
       500.00000       3.0000000       4.6651024       6.5603479
       500.00000       10.000000       4.6656229       6.5618264
       500.00000       30.000000       4.6670340       6.5663568
       500.00000       100.00000       4.6716675       6.5806233
       500.00000       300.00000       4.6830885       6.6170164
       500.00000       1000.0000       4.7075926       6.7007246
       500.00000       3000.0000       4.7266068       6.7890479
       500.00000       10000.000       4.7318517       6.9506622
       500.00000       30000.000       4.7324034       7.5648632
       500.00000       100000.00       4.7324761       7.9060999
       500.00000       300000.00       4.6051918       8.0204862
       575.00000    0.0010000000       4.2530657       7.0851386
       575.00000    0.0030000000       4.2537643       7.0844574
       575.00000     0.010000000       4.2609588       7.0774441
       575.00000     0.030000000       2.1178741       7.1602997
       575.00000      0.10000000       2.1346343       7.1535899
       575.00000      0.30000000       2.2545891       6.8183711
       575.00000       1.0000000       4.6260331       6.6865189
       575.00000       3.0000000       4.6591751       6.6506003
       575.00000       10.000000       4.6645417       6.6452145
       575.00000       30.000000       4.6652878       6.6458463
       575.00000       100.00000       4.6663696       6.6490621
       575.00000       300.00000       4.6691765       6.6586088
       575.00000       1000.0000       4.6780260       6.6895515
       575.00000       3000.0000       4.6965995       6.7598010
       575.00000       10000.000       4.7218540       6.8989585
       575.00000       30000.000       4.7309155       7.1581862
       575.00000       100000.00       4.7323275       8.1721177
       575.00000       300000.00       4.7324733       8.9377091
       650.00000    0.0010000000       4.2530003       7.0990302
       650.00000    0.0030000000       4.2529822       7.0990652
       650.00000     0.010000000       4.2530174       7.0990327
       650.00000     0.030000000       4.2533549       7.0987241
       650.00000      0.10000000       4.2567965       7.0958159
       650.00000      0.30000000       4.2802365       7.0758003
       650.00000       1.0000000       4.3743026       6.9935111
       650.00000       3.0000000       4.5095963       6.8708292
       650.00000       10.000000       4.6263456       6.7629818
       650.00000       30.000000       4.6595182       6.7327093
       650.00000       100.00000       4.6648066       6.7291690
       650.00000       300.00000       4.6661154       6.7318715
       650.00000       1000.0000       4.6689928       6.7426637
       650.00000       3000.0000       4.6764141       6.7718189
       650.00000       10000.000       4.6957024       6.8579740
       650.00000       30000.000       4.7194337       7.0282395
       650.00000       100000.00       4.7307551       7.8009664
       650.00000       300000.00       4.7322801       12.310675
       725.00000    0.0010000000       4.2530595       7.1263373
       725.00000    0.0030000000       4.2530185       7.1263365
       725.00000     0.010000000       4.2530033       7.1263406
       725.00000     0.030000000       4.2529836       7.1263704
       725.00000      0.10000000       4.2530437       7.1263177
       725.00000      0.30000000       4.2534755       7.1259974
       725.00000       1.0000000       4.2581934       7.1225719
       725.00000       3.0000000       4.2891041       7.1000179
       725.00000       10.000000       4.4042656       7.0148943
       725.00000       30.000000       4.5513577       6.9039897
       725.00000       100.00000       4.6448933       6.8330482
       725.00000       300.00000       4.6628631       6.8208375
       725.00000       1000.0000       4.6662159       6.8238145
       725.00000       3000.0000       4.6693527       6.8368197
       725.00000       10000.000       4.6786252       6.8810753
       725.00000       30000.000       4.6977413       6.9894010
       725.00000       100000.00       4.7226531       7.4300462
       725.00000       300000.00       4.7310346       10.553719
       800.00000    0.0010000000       4.2573736       7.1719500
       800.00000    0.0030000000       4.2544852       7.1721827
       800.00000     0.010000000       4.2534570       7.1721737
       800.00000     0.030000000       4.2531724       7.1721335
       800.00000      0.10000000       4.2530367       7.1721807
       800.00000      0.30000000       4.2530142       7.1721830
       800.00000       1.0000000       4.2531360       7.1721278
       800.00000       3.0000000       4.2544463       7.1713338
       800.00000       10.000000       4.2677704       7.1631835
       800.00000       30.000000       4.3334797       7.1226814
       800.00000       100.00000       4.4917166       7.0249011
       800.00000       300.00000       4.6177970       6.9469938
       800.00000       1000.0000       4.6600535       6.9232720
       800.00000       3000.0000       4.6662804       6.9270962
       800.00000       10000.000       4.6712522       6.9508886
       800.00000       30000.000       4.6822217       7.0150454
       800.00000       100000.00       4.7062760       7.2393331
       800.00000       300000.00       4.7260322       7.9436243
       900.00000    0.0010000000       4.2622793       7.2383804
       900.00000    0.0030000000       4.2642397       7.2382008
       900.00000     0.010000000       4.2650089       7.2380675
       900.00000     0.030000000       4.2652213       7.2380296
       900.00000      0.10000000       4.2571143       7.2385922
       900.00000      0.30000000       4.2544392       7.2387135
       900.00000       1.0000000       4.2534623       7.2387258
       900.00000       3.0000000       4.2531626       7.2387868
       900.00000       10.000000       4.2533790       7.2386918
       900.00000       30.000000       4.2564118       7.2372449
       900.00000       100.00000       4.2839789       7.2243728
       900.00000       300.00000       4.3858980       7.1767875
       900.00000       1000.0000       4.5589690       7.0971003
       900.00000       3000.0000       4.6458427       7.0603166
       900.00000       10000.000       4.6656254       7.0644575
       900.00000       30000.000       4.6723704       7.0979353
       900.00000       100000.00       4.6870745       7.2224150
       900.00000       300000.00       4.7106495       7.5633961
       1000.0000    0.0010000000       4.2445552       7.3224752
       1000.0000    0.0030000000       4.2556820       7.3209860
       1000.0000     0.010000000       4.2618925       7.3202172
       1000.0000     0.030000000       4.2641297       7.3198946
       1000.0000      0.10000000       4.2649581       7.3197981
       1000.0000      0.30000000       4.2651627       7.3198312
       1000.0000       1.0000000       4.2652014       7.3198565
       1000.0000       3.0000000       4.2579179       7.3203828
       1000.0000       10.000000       4.2545559       7.3205279
       1000.0000       30.000000       4.2536924       7.3205177
       1000.0000       100.00000       4.2550334       7.3199994
       1000.0000       300.00000       4.2684685       7.3154888
       1000.0000       1000.0000       4.3497749       7.2881306
       1000.0000       3000.0000       4.5070705       7.2366325
       1000.0000       10000.000       4.6350223       7.2010427
       1000.0000       30000.000       4.6647278       7.2124000
       1000.0000       100000.00       4.6764161       7.2860656
       1000.0000       300000.00       4.6942057       7.4943894
       1100.0000    0.0010000000       4.2174963       7.4159043
       1100.0000    0.0030000000       4.2325530       7.4138327
       1100.0000     0.010000000       4.2482261       7.4117260
       1100.0000     0.030000000       4.2577316       7.4105153
       1100.0000      0.10000000       4.2626786       7.4098471
       1100.0000      0.30000000       4.2643838       7.4096004
       1100.0000       1.0000000       4.2649911       7.4095801
       1100.0000       3.0000000       4.2651624       7.4095517
       1100.0000       10.000000       4.2651511       7.4096099
       1100.0000       30.000000       4.2618368       7.4100469
       1100.0000       100.00000       4.2559150       7.4103298
       1100.0000       300.00000       4.2553756       7.4101786
       1100.0000       1000.0000       4.2678783       7.4074704
       1100.0000       3000.0000       4.3354044       7.3927677
       1100.0000       10000.000       4.5050379       7.3583154
       1100.0000       30000.000       4.6293032       7.3438091
       1100.0000       100000.00       4.6676066       7.3849171
       1100.0000       300000.00       4.6826966       7.5190102
       1200.0000    0.0010000000       4.2022485       7.5173561
       1200.0000    0.0030000000       4.2111706       7.5157443
       1200.0000     0.010000000       4.2260859       7.5134044
       1200.0000     0.030000000       4.2411759       7.5112667
       1200.0000      0.10000000       4.2541881       7.5095565
       1200.0000      0.30000000       4.2607398       7.5086499
       1200.0000       1.0000000       4.2637513       7.5082353
       1200.0000       3.0000000       4.2646937       7.5081981
       1200.0000       10.000000       4.2650397       7.5081841
       1200.0000       30.000000       4.2650905       7.5082385
       1200.0000       100.00000       4.2649823       7.5084094
       1200.0000       300.00000       4.2628563       7.5088817
       1200.0000       1000.0000       4.2580528       7.5090381
       1200.0000       3000.0000       4.2705613       7.5053958
       1200.0000       10000.000       4.3555641       7.5000510
       1200.0000       30000.000       4.5171991       7.4888460
       1200.0000       100000.00       4.6416743       7.5079239
       1200.0000       300000.00       4.6731100       7.5984504
       1300.0000    0.0010000000       4.2454558       7.6225251
       1300.0000    0.0030000000       4.2152367       7.6197312
       1300.0000     0.010000000       4.2131738       7.6176548
       1300.0000     0.030000000       4.2228614       7.6158034
       1300.0000      0.10000000       4.2383112       7.6135100
       1300.0000      0.30000000       4.2510162       7.6117612
       1300.0000       1.0000000       4.2594617       7.6107070
       1300.0000       3.0000000       4.2629360       7.6102815
       1300.0000       10.000000       4.2643919       7.6101512
       1300.0000       30.000000       4.2648383       7.6101883
       1300.0000       100.00000       4.2649835       7.6102008
       1300.0000       300.00000       4.2649114       7.6104028
       1300.0000       1000.0000       4.2650031       7.6104904
       1300.0000       3000.0000       4.2633612       7.6039844
       1300.0000       10000.000       4.2846308       7.6143054
       1300.0000       30000.000       4.3857675       7.6217971
       1300.0000       100000.00       4.5658202       7.6483062
       1300.0000       300000.00       4.6547610       7.7176700
       1400.0000    0.0010000000       4.4829649       7.7172196
       1400.0000    0.0030000000       4.4580670       7.7379910
       1400.0000     0.010000000       4.2763825       7.7334136
       1400.0000     0.030000000       4.2323471       7.7310138
       1400.0000      0.10000000       4.2281236       7.7287828
       1400.0000      0.30000000       4.2379324       7.7270274
       1400.0000       1.0000000       4.2506019       7.7254075
       1400.0000       3.0000000       4.2584308       7.7244301
       1400.0000       10.000000       4.2625700       7.7240002
       1400.0000       30.000000       4.2640489       7.7240134
       1400.0000       100.00000       4.2647053       7.7239723
       1400.0000       300.00000       4.2648379       7.7241353
       1400.0000       1000.0000       4.2647831       7.7245007
       1400.0000       3000.0000       4.2651821       7.7244030
       1400.0000       10000.000       4.2715675       7.7287448
       1400.0000       30000.000       4.3082515       7.7430488
       1400.0000       100000.00       4.4555861       7.7929083
       1400.0000       300000.00       4.6080751       7.8757093
       1500.0000    0.0010000000       4.7479783       7.5731596
       1500.0000    0.0030000000       4.6334016       7.7184747
       1500.0000     0.010000000       4.5433482       7.7991451
       1500.0000     0.030000000       4.4789200       7.8433923
       1500.0000      0.10000000       4.2907868       7.8481019
       1500.0000      0.30000000       4.2474516       7.8483350
       1500.0000       1.0000000       4.2443547       7.8469906
       1500.0000       3.0000000       4.2517430       7.8460015
       1500.0000       10.000000       4.2587580       7.8454724
       1500.0000       30.000000       4.2621944       7.8453738
       1500.0000       100.00000       4.2638948       7.8453735
       1500.0000       300.00000       4.2644814       7.8455569
       1500.0000       1000.0000       4.2646614       7.8458739
       1500.0000       3000.0000       4.2647701       7.8464231
       1500.0000       10000.000       4.2664425       7.8489153
       1500.0000       30000.000       4.2814532       7.8609530
       1500.0000       100000.00       4.3656634       7.9221173
       1500.0000       300000.00       4.5285594       8.0448908
       1600.0000    0.0010000000       4.7486166       7.5263050
       1600.0000    0.0030000000       4.7993998       7.5664012
       1600.0000     0.010000000       4.8205922       7.6008975
       1600.0000     0.030000000       4.6636665       7.7902743
       1600.0000      0.10000000       4.5999771       7.8685034
       1600.0000      0.30000000       4.4409351       7.9275919
       1600.0000       1.0000000       4.2915501       7.9430916
       1600.0000       3.0000000       4.2595054       7.9469987
       1600.0000       10.000000       4.2568559       7.9475515
       1600.0000       30.000000       4.2599393       7.9475506
       1600.0000       100.00000       4.2625547       7.9478580
       1600.0000       300.00000       4.2638215       7.9481895
       1600.0000       1000.0000       4.2644050       7.9486537
       1600.0000       3000.0000       4.2646174       7.9491935
       1600.0000       10000.000       4.2651883       7.9509632
       1600.0000       30000.000       4.2704493       7.9592322
       1600.0000       100000.00       4.3145679       8.0145254
       1600.0000       300000.00       4.4438369       8.1747093
       1700.0000    0.0010000000       4.5657239       7.4383556
       1700.0000    0.0030000000       4.6871826       7.5612575
       1700.0000     0.010000000       4.7680398       7.6335517
       1700.0000     0.030000000       4.8136071       7.6665597
       1700.0000      0.10000000       4.8304405       7.6990436
       1700.0000      0.30000000       4.6743468       7.8882350
       1700.0000       1.0000000       4.6257957       7.9590838
       1700.0000       3.0000000       4.3845418       8.0179181
       1700.0000       10.000000       4.2873161       8.0396208
       1700.0000       30.000000       4.2663923       8.0459590
       1700.0000       100.00000       4.2628241       8.0481262
       1700.0000       300.00000       4.2632844       8.0488578
       1700.0000       1000.0000       4.2641832       8.0492866
       1700.0000       3000.0000       4.2645887       8.0500237
       1700.0000       10000.000       4.2649783       8.0515450
       1700.0000       30000.000       4.2671211       8.0572047
       1700.0000       100000.00       4.2875175       8.0989622
       1700.0000       300000.00       4.3769251       8.2694792
       1800.0000    0.0010000000       4.2034465       7.1042587
       1800.0000    0.0030000000       4.4561837       7.4089721
       1800.0000     0.010000000       4.6318671       7.5953787
       1800.0000     0.030000000       4.7295847       7.6877953
       1800.0000      0.10000000       4.7953598       7.7408301
       1800.0000      0.30000000       4.8337482       7.7642345
       1800.0000       1.0000000       4.7879839       7.8525114
       1800.0000       3.0000000       4.6696797       8.0039397
       1800.0000       10.000000       4.5102473       8.0615626
       1800.0000       30.000000       4.3369968       8.1145175
       1800.0000       100.00000       4.2808371       8.1355415
       1800.0000       300.00000       4.2677276       8.1419653
       1800.0000       1000.0000       4.2647074       8.1443890
       1800.0000       3000.0000       4.2646514       8.1451742
       1800.0000       10000.000       4.2651098       8.1463256
       1800.0000       30000.000       4.2662319       8.1505015
       1800.0000       100000.00       4.2757440       8.1805884
       1800.0000       300000.00       4.3297697       8.3360570
       1900.0000    0.0010000000       3.6231255       6.3645336
       1900.0000    0.0030000000       4.0473982       6.9951163
       1900.0000     0.010000000       4.3760992       7.4068945
       1900.0000     0.030000000       4.5700670       7.6183354
       1900.0000      0.10000000       4.7014271       7.7460009
       1900.0000      0.30000000       4.7746898       7.8078380
       1900.0000       1.0000000       4.8258759       7.8418731
       1900.0000       3.0000000       4.8578538       7.8560753
       1900.0000       10.000000       4.7298505       8.0250028
       1900.0000       30.000000       4.5951623       8.1156321
       1900.0000       100.00000       4.3713734       8.1861424
       1900.0000       300.00000       4.2956574       8.2185266
       1900.0000       1000.0000       4.2715805       8.2309050
       1900.0000       3000.0000       4.2660863       8.2347857
       1900.0000       10000.000       4.2651163       8.2366026
       1900.0000       30000.000       4.2656160       8.2399394
       1900.0000       100000.00       4.2702623       8.2618091
       1900.0000       300000.00       4.3010207       8.3904942
       2000.0000    0.0010000000       2.9311436       5.1479097
       2000.0000    0.0030000000       3.4529543       6.2113115
       2000.0000     0.010000000       3.9590131       6.9754211
       2000.0000     0.030000000       4.2938036       7.3994467
       2000.0000      0.10000000       4.5350568       7.6651413
       2000.0000      0.30000000       4.6718240       7.7989136
       2000.0000       1.0000000       4.7640704       7.8778447
       2000.0000       3.0000000       4.8173795       7.9145590
       2000.0000       10.000000       4.8572886       7.9337496
       2000.0000       30.000000       4.8168337       8.0117976
       2000.0000       100.00000       4.6162605       8.1745819
       2000.0000       300.00000       4.3880120       8.2601360
       2000.0000       1000.0000       4.2975723       8.3021785
       2000.0000       3000.0000       4.2734706       8.3156484
       2000.0000       10000.000       4.2664268       8.3211897
       2000.0000       30000.000       4.2654368       8.3247267
       2000.0000       100000.00       4.2676116       8.3413182
       2000.0000       300000.00       4.2848488       8.4429997
       2150.0000    0.0010000000       2.4267777       2.6778138
       2150.0000    0.0030000000       2.6201283       4.1529131
       2150.0000     0.010000000       3.0858122       5.7196674
       2150.0000     0.030000000       3.6115524       6.6440549
       2150.0000      0.10000000       4.0827633       7.2811436
       2150.0000      0.30000000       4.3811063       7.6254904
       2150.0000       1.0000000       4.5907233       7.8391816
       2150.0000       3.0000000       4.7088591       7.9458378
       2150.0000       10.000000       4.7899420       8.0077629
       2150.0000       30.000000       4.8384745       8.0362190
       2150.0000       100.00000       4.8753688       8.0514329
       2150.0000       300.00000       4.8021491       8.1618162
       2150.0000       1000.0000       4.4561823       8.3333957
       2150.0000       3000.0000       4.3253808       8.4035023
       2150.0000       10000.000       4.2802389       8.4320025
       2150.0000       30000.000       4.2687442       8.4423212
       2150.0000       100000.00       4.2664604       8.4563616
       2150.0000       300000.00       4.2732937       8.5272256
       2300.0000    0.0010000000       2.3427325       1.6258965
       2300.0000    0.0030000000       2.3817226       2.1819780
       2300.0000     0.010000000       2.5112312       3.5283285
       2300.0000     0.030000000       2.8176463       5.1580113
       2300.0000      0.10000000       3.3720504       6.4414099
       2300.0000      0.30000000       3.8652432       7.1478794
       2300.0000       1.0000000       4.2633144       7.6168710
       2300.0000       3.0000000       4.5023106       7.8630025
       2300.0000       10.000000       4.6664159       8.0133559
       2300.0000       30.000000       4.7595306       8.0870773
       2300.0000       100.00000       4.8254566       8.1292252
       2300.0000       300.00000       4.8656099       8.1488866
       2300.0000       1000.0000       4.8942835       8.1607096
       2300.0000       3000.0000       4.5729689       8.3599779
       2300.0000       10000.000       4.3581589       8.4863117
       2300.0000       30000.000       4.2935532       8.5315409
       2300.0000       100000.00       4.2722404       8.5563614
       2300.0000       300000.00       4.2701055       8.6112985
       2450.0000    0.0010000000       2.3266697       1.3897818
       2450.0000    0.0030000000       2.3363106       1.5402361
       2450.0000     0.010000000       2.3680152       2.0185300
       2450.0000     0.030000000       2.4538830       3.0646332
       2450.0000      0.10000000       2.7128441       4.8679530
       2450.0000      0.30000000       3.1724796       6.2432627
       2450.0000       1.0000000       3.7415907       7.1279780
       2450.0000       3.0000000       4.1496044       7.6078667
       2450.0000       10.000000       4.4508589       7.9151130
       2450.0000       30.000000       4.6244133       8.0721172
       2450.0000       100.00000       4.7432705       8.1660602
       2450.0000       300.00000       4.8123682       8.2114234
       2450.0000       1000.0000       4.8616928       8.2379530
       2450.0000       3000.0000       4.8896972       8.2519735
       2450.0000       10000.000       4.6293523       8.4029429
       2450.0000       30000.000       4.3954819       8.5541965
       2450.0000       100000.00       4.3024885       8.6281847
       2450.0000       300000.00       4.2773715       8.6874431
       2600.0000    0.0010000000       2.3199274       1.3388504
       2600.0000    0.0030000000       2.3247914       1.3819282
       2600.0000     0.010000000       2.3346305       1.5286264
       2600.0000     0.030000000       2.3595921       1.9155655
       2600.0000      0.10000000       2.4413924       2.9751535
       2600.0000      0.30000000       2.6456254       4.6220579
       2600.0000       1.0000000       3.1098309       6.2585527
       2600.0000       3.0000000       3.6364988       7.1259852
       2600.0000       10.000000       4.1099647       7.6759331
       2600.0000       30.000000       4.4052669       7.9678175
       2600.0000       100.00000       4.6114375       8.1487124
       2600.0000       300.00000       4.7288872       8.2388890
       2600.0000       1000.0000       4.8105666       8.2923608
       2600.0000       3000.0000       4.8577396       8.3192012
       2600.0000       10000.000       4.8883952       8.3375104
       2600.0000       30000.000       4.6580024       8.4491323
       2600.0000       100000.00       4.4047263       8.6349470
       2600.0000       300000.00       4.3112554       8.7367309
       2800.0000    0.0010000000       2.2866381       1.3279976
       2800.0000    0.0030000000       2.3081364       1.3377057
       2800.0000     0.010000000       2.3197725       1.3714856
       2800.0000     0.030000000       2.3286112       1.4662400
       2800.0000      0.10000000       2.3489704       1.7787489
       2800.0000      0.30000000       2.4013719       2.5331455
       2800.0000       1.0000000       2.5637920       4.1758755
       2800.0000       3.0000000       2.9063262       5.8862403
       2800.0000       10.000000       3.4677610       7.0649868
       2800.0000       30.000000       3.9472816       7.6466395
       2800.0000       100.00000       4.3247317       8.0140548
       2800.0000       300.00000       4.5476974       8.2043528
       2800.0000       1000.0000       4.7011395       8.3204811
       2800.0000       3000.0000       4.7887349       8.3785389
       2800.0000       10000.000       4.8481125       8.4149739
       2800.0000       30000.000       4.8789086       8.4367466
       2800.0000       100000.00       4.7225292       8.4802524
       2800.0000       300000.00       4.4688723       8.7043190
       3000.0000    0.0010000000       2.2005144       1.3296414
       3000.0000    0.0030000000       2.2434873       1.3322660
       3000.0000     0.010000000       2.2855749       1.3415117
       3000.0000     0.030000000       2.3087476       1.3678181
       3000.0000      0.10000000       2.3240376       1.4583646
       3000.0000      0.30000000       2.3420683       1.7047920
       3000.0000       1.0000000       2.3922280       2.4455785
       3000.0000       3.0000000       2.5183989       3.8680092
       3000.0000       10.000000       2.8496661       5.8251091
       3000.0000       30.000000       3.3425658       7.0315052
       3000.0000       100.00000       3.8871125       7.7217585
       3000.0000       300.00000       4.2579071       8.0712153
       3000.0000       1000.0000       4.5249086       8.2892982
       3000.0000       3000.0000       4.6778999       8.4002946
       3000.0000       10000.000       4.7821651       8.4687072
       3000.0000       30000.000       4.8393451       8.5058843
       3000.0000       100000.00       4.8730395       8.5365366
       3000.0000       300000.00       4.7456229       8.5564902
       3250.0000    0.0010000000       2.1171924       1.3349072
       3250.0000    0.0030000000       2.1512575       1.3354588
       3250.0000     0.010000000       2.1899471       1.3376770
       3250.0000     0.030000000       2.2333138       1.3441620
       3250.0000      0.10000000       2.2793936       1.3668423
       3250.0000      0.30000000       2.3081845       1.4308465
       3250.0000       1.0000000       2.3327954       1.6460802
       3250.0000       3.0000000       2.3710477       2.1951024
       3250.0000       10.000000       2.4810286       3.5747200
       3250.0000       30.000000       2.7276535       5.4225699
       3250.0000       100.00000       3.2181646       6.9921212
       3250.0000       300.00000       3.7321835       7.7277820
       3250.0000       1000.0000       4.1817460       8.1518073
       3250.0000       3000.0000       4.4583282       8.3678949
       3250.0000       10000.000       4.6504393       8.5017136
       3250.0000       30000.000       4.7582721       8.5715705
       3250.0000       100000.00       4.8278940       8.6208915
       3250.0000       300000.00       4.8604009       8.6639227
       3500.0000    0.0010000000       2.0022674       1.3389440
       3500.0000    0.0030000000       2.0643183       1.3390180
       3500.0000     0.010000000       2.1139761       1.3395738
       3500.0000     0.030000000       2.1504249       1.3414555
       3500.0000      0.10000000       2.1923144       1.3482705
       3500.0000      0.30000000       2.2382745       1.3677561
       3500.0000       1.0000000       2.2859527       1.4350917
       3500.0000       3.0000000       2.3198623       1.6206140
       3500.0000       10.000000       2.3661143       2.2008921
       3500.0000       30.000000       2.4615068       3.4298851
       3500.0000       100.00000       2.7159282       5.4750151
       3500.0000       300.00000       3.1453808       7.0028728
       3500.0000       1000.0000       3.7064418       7.8615198
       3500.0000       3000.0000       4.1300234       8.2513449
       3500.0000       10000.000       4.4477356       8.4861700
       3500.0000       30000.000       4.6314812       8.6073186
       3500.0000       100000.00       4.7544372       8.6871737
       3500.0000       300000.00       4.8184701       8.7433119
       3750.0000    0.0010000000       1.7620454       1.3425150
       3750.0000    0.0030000000       1.9033086       1.3425580
       3750.0000     0.010000000       2.0085397       1.3427402
       3750.0000     0.030000000       2.0719462       1.3433607
       3750.0000      0.10000000       2.1215901       1.3457310
       3750.0000      0.30000000       2.1601548       1.3526426
       3750.0000       1.0000000       2.2077925       1.3767355
       3750.0000       3.0000000       2.2576887       1.4445263
       3750.0000       10.000000       2.3086723       1.6718197
       3750.0000       30.000000       2.3611177       2.2492173
       3750.0000       100.00000       2.4777983       3.6908232
       3750.0000       300.00000       2.7218373       5.6179426
       3750.0000       1000.0000       3.1981281       7.2672121
       3750.0000       3000.0000       3.7070723       8.0143336
       3750.0000       10000.000       4.1639103       8.4134077
       3750.0000       30000.000       4.4486125       8.6093827
       3750.0000       100000.00       4.6458862       8.7337549
       3750.0000       300000.00       4.7536000       8.8107369
       4000.0000    0.0010000000       1.4359657       1.3460518
       4000.0000    0.0030000000       1.5972980       1.3460828
       4000.0000     0.010000000       1.7911859       1.3461825
       4000.0000     0.030000000       1.9314741       1.3464578
       4000.0000      0.10000000       2.0318690       1.3474302
       4000.0000      0.30000000       2.0910047       1.3502447
       4000.0000       1.0000000       2.1393069       1.3600717
       4000.0000       3.0000000       2.1824405       1.3878088
       4000.0000       10.000000       2.2389933       1.4827062
       4000.0000       30.000000       2.2954394       1.7401437
       4000.0000       100.00000       2.3700099       2.5138732
       4000.0000       300.00000       2.4993082       4.0136256
       4000.0000       1000.0000       2.8054191       6.1600099
       4000.0000       3000.0000       3.2640618       7.5410739
       4000.0000       10000.000       3.8102501       8.2590914
       4000.0000       30000.000       4.2052653       8.5717515
       4000.0000       100000.00       4.4965280       8.7584559
       4000.0000       300000.00       4.6618581       8.8646796
