Li Na K Rb Cs
  5.1628E-38  5.1628E-38  5.1628E-38  5.1628E-38  5.1628E-38
  5.1628E-38  5.1628E-38  5.1628E-38  5.1628E-38  5.1628E-38
  5.1628E-38  5.1628E-38  5.1628E-38  5.1628E-38  5.1628E-38
  5.1628E-38  5.1628E-38  5.1628E-38  5.1628E-38  5.1628E-38
  5.1628E-38  5.1628E-38  5.1628E-38  5.1628E-38  5.1628E-38
  5.1628E-38  5.1628E-38  5.1628E-38  5.1628E-38  5.1628E-38
  5.1628E-38  5.1628E-38  5.1628E-38  5.1628E-38  5.1628E-38
  5.1628E-38  5.1628E-38  5.1628E-38  5.1628E-38  5.1628E-38
  5.1628E-38  5.1628E-38  5.1628E-38  5.1628E-38  5.1628E-38
  5.1628E-38  5.1628E-38  5.1628E-38  5.1628E-38  5.1628E-38
  5.1628E-38  5.1628E-38  5.1628E-38  5.1628E-38  5.1628E-38
  5.2849E-38  5.2849E-38  5.2849E-38  5.2849E-38  5.2849E-38
  5.4146E-38  5.4146E-38  5.4146E-38  5.4146E-38  5.4146E-38
  5.4529E-38  5.4529E-38  5.4529E-38  5.4529E-38  5.4529E-38
  5.4664E-38  5.4664E-38  5.4664E-38  5.4664E-38  5.4664E-38
  5.1566E-38  5.1566E-38  5.1566E-38  5.1566E-38  5.1566E-38
  5.1607E-38  5.1607E-38  5.1607E-38  5.1607E-38  5.1607E-38
  5.1622E-38  5.1622E-38  5.1622E-38  5.1622E-38  5.1622E-38
  5.1626E-38  5.1626E-38  5.1626E-38  5.1626E-38  5.1626E-38
  5.1627E-38  5.1627E-38  5.1627E-38  5.1627E-38  5.1627E-38
  5.1628E-38  5.1628E-38  5.1628E-38  5.1628E-38  5.1628E-38
  5.1628E-38  5.1628E-38  5.1628E-38  5.1628E-38  5.1628E-38
  5.1628E-38  5.1628E-38  5.1628E-38  5.1628E-38  5.1628E-38
  5.1628E-38  5.1628E-38  5.1628E-38  5.1628E-38  5.1628E-38
  5.1628E-38  5.1628E-38  5.1628E-38  5.1628E-38  5.1628E-38
  5.1628E-38  5.1628E-38  5.1628E-38  5.1628E-38  5.1628E-38
  5.1628E-38  5.1628E-38  5.1628E-38  5.1628E-38  5.1628E-38
  5.1628E-38  5.1628E-38  5.1628E-38  5.1628E-38  5.1628E-38
  5.1628E-38  5.1628E-38  5.1628E-38  5.1628E-38  5.1628E-38
  5.2722E-38  5.2722E-38  5.2722E-38  5.2722E-38  5.2722E-38
  5.4039E-38  5.4039E-38  5.4039E-38  5.4039E-38  5.4039E-38
  5.0781E-38  5.0781E-38  5.0781E-38  5.0781E-38  5.0781E-38
  5.1060E-38  5.1060E-38  5.1060E-38  5.1060E-38  5.1060E-38
  5.1456E-38  5.1456E-38  5.1456E-38  5.1456E-38  5.1456E-38
  5.1571E-38  5.1571E-38  5.1571E-38  5.1571E-38  5.1571E-38
  5.1611E-38  5.1611E-38  5.1611E-38  5.1611E-38  5.1611E-38
  5.1622E-38  5.1622E-38  5.1622E-38  5.1622E-38  5.1622E-38
  5.1626E-38  5.1626E-38  5.1626E-38  5.1626E-38  5.1626E-38
  5.1627E-38  5.1627E-38  5.1627E-38  5.1627E-38  5.1627E-38
  5.1628E-38  5.1628E-38  5.1628E-38  5.1628E-38  5.1628E-38
  5.1628E-38  5.1628E-38  5.1628E-38  5.1628E-38  5.1628E-38
  5.1628E-38  5.1628E-38  5.1628E-38  5.1628E-38  5.1628E-38
  5.1628E-38  5.1628E-38  5.1628E-38  5.1628E-38  5.1628E-38
  5.1628E-38  5.1628E-38  5.1628E-38  5.1628E-38  5.1628E-38
  5.1628E-38  5.1628E-38  5.1628E-38  5.1628E-38  5.1628E-38
  5.1628E-38  5.1628E-38  5.1628E-38  5.1628E-38  5.1628E-38
  5.2969E-38  5.2969E-38  5.2969E-38  5.2969E-38  5.2969E-38
  5.4184E-38  5.4184E-38  5.4184E-38  5.4184E-38  5.4184E-38
  5.0781E-38  5.0781E-38  5.0781E-38  5.0781E-38  5.0781E-38
  5.0781E-38  5.0781E-38  5.0781E-38  5.0781E-38  5.0781E-38
  5.0781E-38  5.0781E-38  5.0781E-38  5.0781E-38  5.0781E-38
  5.0781E-38  5.0781E-38  5.0781E-38  5.0781E-38  5.0781E-38
  5.1354E-38  5.1354E-38  5.1354E-38  5.1354E-38  5.1354E-38
  5.1536E-38  5.1536E-38  5.1536E-38  5.1536E-38  5.1536E-38
  5.1600E-38  5.1600E-38  5.1600E-38  5.1600E-38  5.1600E-38
  5.1619E-38  5.1619E-38  5.1619E-38  5.1619E-38  5.1619E-38
  5.1625E-38  5.1625E-38  5.1625E-38  5.1625E-38  5.1625E-38
  5.1627E-38  5.1627E-38  5.1627E-38  5.1627E-38  5.1627E-38
  5.1628E-38  5.1628E-38  5.1628E-38  5.1628E-38  5.1628E-38
  5.1628E-38  5.1628E-38  5.1628E-38  5.1628E-38  5.1628E-38
  5.1628E-38  5.1628E-38  5.1628E-38  5.1628E-38  5.1628E-38
  5.1628E-38  5.1628E-38  5.1628E-38  5.1628E-38  5.1628E-38
  5.1628E-38  5.1628E-38  5.1628E-38  5.1628E-38  5.1628E-38
  5.1628E-38  5.1628E-38  5.1628E-38  5.1628E-38  5.1628E-38
  5.3536E-38  5.3536E-38  5.3536E-38  5.3536E-38  5.3536E-38
  5.0781E-38  5.0781E-38  5.0781E-38  5.0781E-38  5.0781E-38
  5.0781E-38  5.0781E-38  5.0781E-38  5.0781E-38  5.0781E-38
  5.0781E-38  5.0781E-38  5.0781E-38  5.0781E-38  5.0781E-38
  5.0781E-38  5.0781E-38  5.0781E-38  5.0781E-38  5.0781E-38
  5.0781E-38  5.0781E-38  5.0781E-38  5.0781E-38  5.0781E-38
  5.0781E-38  5.0781E-38  5.0781E-38  5.0781E-38  5.0781E-38
  5.1343E-38  5.1343E-38  5.1343E-38  5.1343E-38  5.1343E-38
  5.1533E-38  5.1533E-38  5.1533E-38  5.1533E-38  5.1533E-38
  5.1599E-38  5.1599E-38  5.1599E-38  5.1599E-38  5.1599E-38
  5.1618E-38  5.1618E-38  5.1618E-38  5.1618E-38  5.1618E-38
  5.1625E-38  5.1625E-38  5.1625E-38  5.1625E-38  5.1625E-38
  5.1627E-38  5.1627E-38  5.1627E-38  5.1627E-38  5.1627E-38
  5.1628E-38  5.1628E-38  5.1628E-38  5.1628E-38  5.1628E-38
  5.1628E-38  5.1628E-38  5.1628E-38  5.1628E-38  5.1628E-38
  5.1628E-38  5.1628E-38  5.1628E-38  5.1628E-38  5.1628E-38
  5.1628E-38  5.1628E-38  5.1628E-38  5.1628E-38  5.1628E-38
  5.2433E-38  5.2433E-38  5.2433E-38  5.2433E-38  5.2433E-38
  5.0768E-38  5.0768E-38  5.0768E-38  5.0768E-38  5.0768E-38
  5.0777E-38  5.0777E-38  5.0777E-38  5.0777E-38  5.0777E-38
  5.0780E-38  5.0780E-38  5.0780E-38  5.0780E-38  5.0780E-38
  5.0781E-38  5.0781E-38  5.0781E-38  5.0781E-38  5.0781E-38
  5.0781E-38  5.0781E-38  5.0781E-38  5.0781E-38  5.0781E-38
  5.0781E-38  5.0781E-38  5.0781E-38  5.0781E-38  5.0781E-38
  5.0781E-38  5.0781E-38  5.0781E-38  5.0781E-38  5.0781E-38
  5.0926E-38  5.0926E-38  5.0926E-38  5.0926E-38  5.0926E-38
  5.1415E-38  5.1415E-38  5.1415E-38  5.1415E-38  5.1415E-38
  5.1557E-38  5.1557E-38  5.1557E-38  5.1557E-38  5.1557E-38
  5.1607E-38  5.1607E-38  5.1607E-38  5.1607E-38  5.1607E-38
  5.1621E-38  5.1621E-38  5.1621E-38  5.1621E-38  5.1621E-38
  5.1626E-38  5.1626E-38  5.1626E-38  5.1626E-38  5.1626E-38
  5.1627E-38  5.1627E-38  5.1627E-38  5.1627E-38  5.1627E-38
  5.1628E-38  5.1628E-38  5.1628E-38  5.1628E-38  5.1628E-38
  5.1628E-38  5.1628E-38  5.1628E-38  5.1628E-38  5.1628E-38
  5.1628E-38  5.1628E-38  5.1628E-38  5.1628E-38  5.1628E-38
  5.0514E-38  5.0514E-38  5.0514E-38  5.0514E-38  5.0514E-38
  5.0646E-38  5.0646E-38  5.0646E-38  5.0646E-38  5.0646E-38
  5.0742E-38  5.0742E-38  5.0742E-38  5.0742E-38  5.0742E-38
  5.0772E-38  5.0772E-38  5.0772E-38  5.0772E-38  5.0772E-38
  5.0779E-38  5.0779E-38  5.0779E-38  5.0779E-38  5.0779E-38
  5.0781E-38  5.0781E-38  5.0781E-38  5.0781E-38  5.0781E-38
  5.0781E-38  5.0781E-38  5.0781E-38  5.0781E-38  5.0781E-38
  5.0781E-38  5.0781E-38  5.0781E-38  5.0781E-38  5.0781E-38
  5.0781E-38  5.0781E-38  5.0781E-38  5.0781E-38  5.0781E-38
  5.1225E-38  5.1225E-38  5.1225E-38  5.1225E-38  5.1225E-38
  5.1506E-38  5.1506E-38  5.1506E-38  5.1506E-38  5.1506E-38
  5.1587E-38  5.1587E-38  5.1587E-38  5.1587E-38  5.1587E-38
  5.1616E-38  5.1616E-38  5.1616E-38  5.1616E-38  5.1616E-38
  5.1624E-38  5.1624E-38  5.1624E-38  5.1624E-38  5.1624E-38
  5.1627E-38  5.1627E-38  5.1627E-38  5.1627E-38  5.1627E-38
  5.1627E-38  5.1627E-38  5.1627E-38  5.1627E-38  5.1627E-38
  5.1628E-38  5.1628E-38  5.1628E-38  5.1628E-38  5.1628E-38
  5.0447E-38  5.0447E-38  5.0447E-38  5.0447E-38  5.0447E-38
  5.0474E-38  5.0474E-38  5.0474E-38  5.0474E-38  5.0474E-38
  5.0484E-38  5.0484E-38  5.0484E-38  5.0484E-38  5.0484E-38
  5.0577E-38  5.0577E-38  5.0577E-38  5.0577E-38  5.0577E-38
  5.0629E-38  5.0629E-38  5.0629E-38  5.0629E-38  5.0629E-38
  5.0657E-38  5.0657E-38  5.0657E-38  5.0657E-38  5.0657E-38
  5.0702E-38  5.0702E-38  5.0702E-38  5.0702E-38  5.0702E-38
  5.0753E-38  5.0753E-38  5.0753E-38  5.0753E-38  5.0753E-38
  5.0778E-38  5.0778E-38  5.0778E-38  5.0778E-38  5.0778E-38
  5.0781E-38  5.0781E-38  5.0781E-38  5.0781E-38  5.0781E-38
  5.1075E-38  5.1075E-38  5.1075E-38  5.1075E-38  5.1075E-38
  5.1442E-38  5.1442E-38  5.1442E-38  5.1442E-38  5.1442E-38
  5.1572E-38  5.1572E-38  5.1572E-38  5.1572E-38  5.1572E-38
  5.1609E-38  5.1609E-38  5.1609E-38  5.1609E-38  5.1609E-38
  5.1622E-38  5.1622E-38  5.1622E-38  5.1622E-38  5.1622E-38
  5.1626E-38  5.1626E-38  5.1626E-38  5.1626E-38  5.1626E-38
  5.1627E-38  5.1627E-38  5.1627E-38  5.1627E-38  5.1627E-38
  5.0100E-38  5.0100E-38  5.0100E-38  5.0100E-38  5.0100E-38
  5.0358E-38  5.0358E-38  5.0358E-38  5.0358E-38  5.0358E-38
  5.0448E-38  5.0448E-38  5.0448E-38  5.0448E-38  5.0448E-38
  5.0475E-38  5.0475E-38  5.0475E-38  5.0475E-38  5.0475E-38
  5.0488E-38  5.0488E-38  5.0488E-38  5.0488E-38  5.0488E-38
  5.0590E-38  5.0590E-38  5.0590E-38  5.0590E-38  5.0590E-38
  5.0626E-38  5.0626E-38  5.0626E-38  5.0626E-38  5.0626E-38
  5.0640E-38  5.0640E-38  5.0640E-38  5.0640E-38  5.0640E-38
  5.0655E-38  5.0655E-38  5.0655E-38  5.0655E-38  5.0655E-38
  5.0684E-38  5.0684E-38  5.0684E-38  5.0684E-38  5.0684E-38
  5.0737E-38  5.0737E-38  5.0737E-38  5.0737E-38  5.0737E-38
  5.0914E-38  5.0914E-38  5.0914E-38  5.0914E-38  5.0914E-38
  5.1413E-38  5.1413E-38  5.1413E-38  5.1413E-38  5.1413E-38
  5.1557E-38  5.1557E-38  5.1557E-38  5.1557E-38  5.1557E-38
  5.1606E-38  5.1606E-38  5.1606E-38  5.1606E-38  5.1606E-38
  5.1621E-38  5.1621E-38  5.1621E-38  5.1621E-38  5.1621E-38
  5.1626E-38  5.1626E-38  5.1626E-38  5.1626E-38  5.1626E-38
  4.7721E-38  4.7721E-38  4.7721E-38  4.7721E-38  4.7721E-38
  4.9536E-38  4.9536E-38  4.9536E-38  4.9536E-38  4.9536E-38
  5.0205E-38  5.0205E-38  5.0205E-38  5.0205E-38  5.0205E-38
  5.0399E-38  5.0399E-38  5.0399E-38  5.0399E-38  5.0399E-38
  5.0467E-38  5.0467E-38  5.0467E-38  5.0467E-38  5.0467E-38
  5.0487E-38  5.0487E-38  5.0487E-38  5.0487E-38  5.0487E-38
  5.0556E-38  5.0556E-38  5.0556E-38  5.0556E-38  5.0556E-38
  5.0618E-38  5.0618E-38  5.0618E-38  5.0618E-38  5.0618E-38
  5.0641E-38  5.0641E-38  5.0641E-38  5.0641E-38  5.0641E-38
  5.0650E-38  5.0650E-38  5.0650E-38  5.0650E-38  5.0650E-38
  5.0662E-38  5.0662E-38  5.0662E-38  5.0662E-38  5.0662E-38
  5.0687E-38  5.0687E-38  5.0687E-38  5.0687E-38  5.0687E-38
  5.0884E-38  5.0884E-38  5.0884E-38  5.0884E-38  5.0884E-38
  5.1390E-38  5.1390E-38  5.1390E-38  5.1390E-38  5.1390E-38
  5.1567E-38  5.1567E-38  5.1567E-38  5.1567E-38  5.1567E-38
  5.1616E-38  5.1616E-38  5.1616E-38  5.1616E-38  5.1616E-38
  5.1632E-38  5.1632E-38  5.1632E-38  5.1632E-38  5.1632E-38
  4.6113E-38  4.6113E-38  4.6113E-38  4.6113E-38  4.6113E-38
  4.6113E-38  4.6113E-38  4.6113E-38  4.6113E-38  4.6113E-38
  4.8867E-38  4.8867E-38  4.8867E-38  4.8867E-38  4.8867E-38
  5.0007E-38  5.0007E-38  5.0007E-38  5.0007E-38  5.0007E-38
  5.0420E-38  5.0420E-38  5.0420E-38  5.0420E-38  5.0420E-38
  5.0538E-38  5.0538E-38  5.0538E-38  5.0538E-38  5.0538E-38
  5.0580E-38  5.0580E-38  5.0580E-38  5.0580E-38  5.0580E-38
  5.0592E-38  5.0592E-38  5.0592E-38  5.0592E-38  5.0592E-38
  5.0704E-38  5.0704E-38  5.0704E-38  5.0704E-38  5.0704E-38
  5.0736E-38  5.0736E-38  5.0736E-38  5.0736E-38  5.0736E-38
  5.0751E-38  5.0751E-38  5.0751E-38  5.0751E-38  5.0751E-38
  5.0763E-38  5.0763E-38  5.0763E-38  5.0763E-38  5.0763E-38
  5.0789E-38  5.0789E-38  5.0789E-38  5.0789E-38  5.0789E-38
  5.1005E-38  5.1005E-38  5.1005E-38  5.1005E-38  5.1005E-38
  5.1540E-38  5.1540E-38  5.1540E-38  5.1540E-38  5.1540E-38
  5.1696E-38  5.1696E-38  5.1696E-38  5.1696E-38  5.1696E-38
  5.1746E-38  5.1746E-38  5.1746E-38  5.1746E-38  5.1746E-38
  4.6147E-38  4.6147E-38  4.6147E-38  4.6147E-38  4.6147E-38
  4.6147E-38  4.6147E-38  4.6147E-38  4.6147E-38  4.6147E-38
  4.6147E-38  4.6147E-38  4.6147E-38  4.6147E-38  4.6147E-38
  4.7772E-38  4.7772E-38  4.7772E-38  4.7772E-38  4.7772E-38
  4.9743E-38  4.9743E-38  4.9743E-38  4.9743E-38  4.9743E-38
  5.0337E-38  5.0337E-38  5.0337E-38  5.0337E-38  5.0337E-38
  5.0548E-38  5.0548E-38  5.0548E-38  5.0548E-38  5.0548E-38
  5.0609E-38  5.0609E-38  5.0609E-38  5.0609E-38  5.0609E-38
  5.0630E-38  5.0630E-38  5.0630E-38  5.0630E-38  5.0630E-38
  5.0723E-38  5.0723E-38  5.0723E-38  5.0723E-38  5.0723E-38
  5.0775E-38  5.0775E-38  5.0775E-38  5.0775E-38  5.0775E-38
  5.0796E-38  5.0796E-38  5.0796E-38  5.0796E-38  5.0796E-38
  5.0823E-38  5.0823E-38  5.0823E-38  5.0823E-38  5.0823E-38
  5.0871E-38  5.0871E-38  5.0871E-38  5.0871E-38  5.0871E-38
  5.1252E-38  5.1252E-38  5.1252E-38  5.1252E-38  5.1252E-38
  5.1641E-38  5.1641E-38  5.1641E-38  5.1641E-38  5.1641E-38
  5.1774E-38  5.1774E-38  5.1774E-38  5.1774E-38  5.1774E-38
  4.6147E-38  4.6147E-38  4.6147E-38  4.6147E-38  4.6147E-38
  4.6148E-38  4.6148E-38  4.6148E-38  4.6148E-38  4.6148E-38
  4.6148E-38  4.6148E-38  4.6148E-38  4.6148E-38  4.6148E-38
  4.6148E-38  4.6148E-38  4.6148E-38  4.6148E-38  4.6148E-38
  4.6963E-38  4.6963E-38  4.6963E-38  4.6963E-38  4.6963E-38
  4.9352E-38  4.9352E-38  4.9352E-38  4.9352E-38  4.9352E-38
  5.0247E-38  5.0247E-38  5.0247E-38  5.0247E-38  5.0247E-38
  5.0508E-38  5.0508E-38  5.0508E-38  5.0508E-38  5.0508E-38
  5.0601E-38  5.0601E-38  5.0601E-38  5.0601E-38  5.0601E-38
  5.0628E-38  5.0628E-38  5.0628E-38  5.0628E-38  5.0628E-38
  5.0718E-38  5.0718E-38  5.0718E-38  5.0718E-38  5.0718E-38
  5.0777E-38  5.0777E-38  5.0777E-38  5.0777E-38  5.0777E-38
  5.0816E-38  5.0816E-38  5.0816E-38  5.0816E-38  5.0816E-38
  5.0864E-38  5.0864E-38  5.0864E-38  5.0864E-38  5.0864E-38
  5.0935E-38  5.0935E-38  5.0935E-38  5.0935E-38  5.0935E-38
  5.1466E-38  5.1466E-38  5.1466E-38  5.1466E-38  5.1466E-38
  5.1723E-38  5.1723E-38  5.1723E-38  5.1723E-38  5.1723E-38
  4.6144E-38  4.6144E-38  4.6144E-38  4.6144E-38  4.6144E-38
  4.6148E-38  4.6148E-38  4.6148E-38  4.6148E-38  4.6148E-38
  4.6148E-38  4.6148E-38  4.6148E-38  4.6148E-38  4.6148E-38
  4.6148E-38  4.6148E-38  4.6148E-38  4.6148E-38  4.6148E-38
  4.6148E-38  4.6148E-38  4.6148E-38  4.6148E-38  4.6148E-38
  4.6148E-38  4.6148E-38  4.6148E-38  4.6148E-38  4.6148E-38
  4.9175E-38  4.9175E-38  4.9175E-38  4.9175E-38  4.9175E-38
  5.0142E-38  5.0142E-38  5.0142E-38  5.0142E-38  5.0142E-38
  5.0491E-38  5.0491E-38  5.0491E-38  5.0491E-38  5.0491E-38
  5.0591E-38  5.0591E-38  5.0591E-38  5.0591E-38  5.0591E-38
  5.0629E-38  5.0629E-38  5.0629E-38  5.0629E-38  5.0629E-38
  5.0714E-38  5.0714E-38  5.0714E-38  5.0714E-38  5.0714E-38
  5.0794E-38  5.0794E-38  5.0794E-38  5.0794E-38  5.0794E-38
  5.0852E-38  5.0852E-38  5.0852E-38  5.0852E-38  5.0852E-38
  5.0928E-38  5.0928E-38  5.0928E-38  5.0928E-38  5.0928E-38
  5.1158E-38  5.1158E-38  5.1158E-38  5.1158E-38  5.1158E-38
  5.1630E-38  5.1630E-38  5.1630E-38  5.1630E-38  5.1630E-38
  4.6138E-38  4.6138E-38  4.6138E-38  4.6138E-38  4.6138E-38
  4.6144E-38  4.6144E-38  4.6144E-38  4.6144E-38  4.6144E-38
  4.6148E-38  4.6148E-38  4.6148E-38  4.6148E-38  4.6148E-38
  4.6148E-38  4.6148E-38  4.6148E-38  4.6148E-38  4.6148E-38
  4.6148E-38  4.6148E-38  4.6148E-38  4.6148E-38  4.6148E-38
  4.6148E-38  4.6148E-38  4.6148E-38  4.6148E-38  4.6148E-38
  4.6148E-38  4.6148E-38  4.6148E-38  4.6148E-38  4.6148E-38
  4.8993E-38  4.8993E-38  4.8993E-38  4.8993E-38  4.8993E-38
  5.0135E-38  5.0135E-38  5.0135E-38  5.0135E-38  5.0135E-38
  5.0471E-38  5.0471E-38  5.0471E-38  5.0471E-38  5.0471E-38
  5.0592E-38  5.0592E-38  5.0592E-38  5.0592E-38  5.0592E-38
  5.0631E-38  5.0631E-38  5.0631E-38  5.0631E-38  5.0631E-38
  5.0738E-38  5.0738E-38  5.0738E-38  5.0738E-38  5.0738E-38
  5.0829E-38  5.0829E-38  5.0829E-38  5.0829E-38  5.0829E-38
  5.0917E-38  5.0917E-38  5.0917E-38  5.0917E-38  5.0917E-38
  5.0965E-38  5.0965E-38  5.0965E-38  5.0965E-38  5.0965E-38
  5.1477E-38  5.1477E-38  5.1477E-38  5.1477E-38  5.1477E-38
  4.6131E-38  4.6131E-38  4.6131E-38  4.6131E-38  4.6131E-38
  4.6139E-38  4.6139E-38  4.6139E-38  4.6139E-38  4.6139E-38
  4.6146E-38  4.6146E-38  4.6146E-38  4.6146E-38  4.6146E-38
  4.6148E-38  4.6148E-38  4.6148E-38  4.6148E-38  4.6148E-38
  4.6148E-38  4.6148E-38  4.6148E-38  4.6148E-38  4.6148E-38
  4.6148E-38  4.6148E-38  4.6148E-38  4.6148E-38  4.6148E-38
  4.6148E-38  4.6148E-38  4.6148E-38  4.6148E-38  4.6148E-38
  4.6148E-38  4.6148E-38  4.6148E-38  4.6148E-38  4.6148E-38
  4.9124E-38  4.9124E-38  4.9124E-38  4.9124E-38  4.9124E-38
  5.0125E-38  5.0125E-38  5.0125E-38  5.0125E-38  5.0125E-38
  5.0487E-38  5.0487E-38  5.0487E-38  5.0487E-38  5.0487E-38
  5.0595E-38  5.0595E-38  5.0595E-38  5.0595E-38  5.0595E-38
  5.0647E-38  5.0647E-38  5.0647E-38  5.0647E-38  5.0647E-38
  5.0777E-38  5.0777E-38  5.0777E-38  5.0777E-38  5.0777E-38
  5.0896E-38  5.0896E-38  5.0896E-38  5.0896E-38  5.0896E-38
  5.0958E-38  5.0958E-38  5.0958E-38  5.0958E-38  5.0958E-38
  5.1237E-38  5.1237E-38  5.1237E-38  5.1237E-38  5.1237E-38
  4.6109E-38  4.6109E-38  4.6109E-38  4.6109E-38  4.6109E-38
  4.6132E-38  4.6132E-38  4.6132E-38  4.6132E-38  4.6132E-38
  4.6141E-38  4.6141E-38  4.6141E-38  4.6141E-38  4.6141E-38
  4.6146E-38  4.6146E-38  4.6146E-38  4.6146E-38  4.6146E-38
  4.6148E-38  4.6148E-38  4.6148E-38  4.6148E-38  4.6148E-38
  4.6148E-38  4.6148E-38  4.6148E-38  4.6148E-38  4.6148E-38
  4.6148E-38  4.6148E-38  4.6148E-38  4.6148E-38  4.6148E-38
  4.6149E-38  4.6149E-38  4.6149E-38  4.6149E-38  4.6149E-38
  4.6613E-38  4.6613E-38  4.6613E-38  4.6613E-38  4.6613E-38
  4.9224E-38  4.9224E-38  4.9224E-38  4.9224E-38  4.9224E-38
  5.0209E-38  5.0209E-38  5.0209E-38  5.0209E-38  5.0209E-38
  5.0501E-38  5.0501E-38  5.0501E-38  5.0501E-38  5.0501E-38
  5.0616E-38  5.0616E-38  5.0616E-38  5.0616E-38  5.0616E-38
  5.0678E-38  5.0678E-38  5.0678E-38  5.0678E-38  5.0678E-38
  5.0855E-38  5.0855E-38  5.0855E-38  5.0855E-38  5.0855E-38
  5.0944E-38  5.0944E-38  5.0944E-38  5.0944E-38  5.0944E-38
  5.0971E-38  5.0971E-38  5.0971E-38  5.0971E-38  5.0971E-38
  4.6090E-38  4.6090E-38  4.6090E-38  4.6090E-38  4.6090E-38
  4.6114E-38  4.6114E-38  4.6114E-38  4.6114E-38  4.6114E-38
  4.6135E-38  4.6135E-38  4.6135E-38  4.6135E-38  4.6135E-38
  4.6143E-38  4.6143E-38  4.6143E-38  4.6143E-38  4.6143E-38
  4.6148E-38  4.6148E-38  4.6148E-38  4.6148E-38  4.6148E-38
  4.6148E-38  4.6148E-38  4.6148E-38  4.6148E-38  4.6148E-38
  4.6148E-38  4.6148E-38  4.6148E-38  4.6148E-38  4.6148E-38
  4.6148E-38  4.6148E-38  4.6148E-38  4.6148E-38  4.6148E-38
  4.6148E-38  4.6148E-38  4.6148E-38  4.6148E-38  4.6148E-38
  4.7132E-38  4.7132E-38  4.7132E-38  4.7132E-38  4.7132E-38
  4.9536E-38  4.9536E-38  4.9536E-38  4.9536E-38  4.9536E-38
  5.0271E-38  5.0271E-38  5.0271E-38  5.0271E-38  5.0271E-38
  5.0546E-38  5.0546E-38  5.0546E-38  5.0546E-38  5.0546E-38
  5.0650E-38  5.0650E-38  5.0650E-38  5.0650E-38  5.0650E-38
  5.0773E-38  5.0773E-38  5.0773E-38  5.0773E-38  5.0773E-38
  5.0915E-38  5.0915E-38  5.0915E-38  5.0915E-38  5.0915E-38
  5.0963E-38  5.0963E-38  5.0963E-38  5.0963E-38  5.0963E-38
  5.1331E-38  5.1331E-38  5.1331E-38  5.1331E-38  5.1331E-38
  4.6090E-38  4.6090E-38  4.6090E-38  4.6090E-38  4.6090E-38
  4.6093E-38  4.6093E-38  4.6093E-38  4.6093E-38  4.6093E-38
  4.6122E-38  4.6122E-38  4.6122E-38  4.6122E-38  4.6122E-38
  4.6138E-38  4.6138E-38  4.6138E-38  4.6138E-38  4.6138E-38
  4.6146E-38  4.6146E-38  4.6146E-38  4.6146E-38  4.6146E-38
  4.6148E-38  4.6148E-38  4.6148E-38  4.6148E-38  4.6148E-38
  4.6148E-38  4.6148E-38  4.6148E-38  4.6148E-38  4.6148E-38
  4.6148E-38  4.6148E-38  4.6148E-38  4.6148E-38  4.6148E-38
  4.6149E-38  4.6149E-38  4.6149E-38  4.6149E-38  4.6149E-38
  4.6149E-38  4.6149E-38  4.6149E-38  4.6149E-38  4.6149E-38
  4.8055E-38  4.8055E-38  4.8055E-38  4.8055E-38  4.8055E-38
  4.9753E-38  4.9753E-38  4.9753E-38  4.9753E-38  4.9753E-38
  5.0385E-38  5.0385E-38  5.0385E-38  5.0385E-38  5.0385E-38
  5.0594E-38  5.0594E-38  5.0594E-38  5.0594E-38  5.0594E-38
  5.0718E-38  5.0718E-38  5.0718E-38  5.0718E-38  5.0718E-38
  5.0857E-38  5.0857E-38  5.0857E-38  5.0857E-38  5.0857E-38
  5.0946E-38  5.0946E-38  5.0946E-38  5.0946E-38  5.0946E-38
  5.1078E-38  5.1078E-38  5.1078E-38  5.1078E-38  5.1078E-38
  4.6094E-38  4.6094E-38  4.6094E-38  4.6094E-38  4.6094E-38
  4.6090E-38  4.6090E-38  4.6090E-38  4.6090E-38  4.6090E-38
  4.6112E-38  4.6112E-38  4.6112E-38  4.6112E-38  4.6112E-38
  4.6134E-38  4.6134E-38  4.6134E-38  4.6134E-38  4.6134E-38
  4.6143E-38  4.6143E-38  4.6143E-38  4.6143E-38  4.6143E-38
  4.6148E-38  4.6148E-38  4.6148E-38  4.6148E-38  4.6148E-38
  4.6148E-38  4.6148E-38  4.6148E-38  4.6148E-38  4.6148E-38
  4.6148E-38  4.6148E-38  4.6148E-38  4.6148E-38  4.6148E-38
  4.6149E-38  4.6149E-38  4.6149E-38  4.6149E-38  4.6149E-38
  4.6149E-38  4.6149E-38  4.6149E-38  4.6149E-38  4.6149E-38
  4.6850E-38  4.6850E-38  4.6850E-38  4.6850E-38  4.6850E-38
  4.9315E-38  4.9315E-38  4.9315E-38  4.9315E-38  4.9315E-38
  5.0249E-38  5.0249E-38  5.0249E-38  5.0249E-38  5.0249E-38
  5.0546E-38  5.0546E-38  5.0546E-38  5.0546E-38  5.0546E-38
  5.0701E-38  5.0701E-38  5.0701E-38  5.0701E-38  5.0701E-38
  5.0811E-38  5.0811E-38  5.0811E-38  5.0811E-38  5.0811E-38
  5.0933E-38  5.0933E-38  5.0933E-38  5.0933E-38  5.0933E-38
  5.0964E-38  5.0964E-38  5.0964E-38  5.0964E-38  5.0964E-38
  4.6100E-38  4.6100E-38  4.6100E-38  4.6100E-38  4.6100E-38
  4.6091E-38  4.6091E-38  4.6091E-38  4.6091E-38  4.6091E-38
  4.6101E-38  4.6101E-38  4.6101E-38  4.6101E-38  4.6101E-38
  4.6128E-38  4.6128E-38  4.6128E-38  4.6128E-38  4.6128E-38
  4.6142E-38  4.6142E-38  4.6142E-38  4.6142E-38  4.6142E-38
  4.6147E-38  4.6147E-38  4.6147E-38  4.6147E-38  4.6147E-38
  4.6148E-38  4.6148E-38  4.6148E-38  4.6148E-38  4.6148E-38
  4.6149E-38  4.6149E-38  4.6149E-38  4.6149E-38  4.6149E-38
  4.6148E-38  4.6148E-38  4.6148E-38  4.6148E-38  4.6148E-38
  4.6149E-38  4.6149E-38  4.6149E-38  4.6149E-38  4.6149E-38
  4.6149E-38  4.6149E-38  4.6149E-38  4.6149E-38  4.6149E-38
  4.8799E-38  4.8799E-38  4.8799E-38  4.8799E-38  4.8799E-38
  5.0087E-38  5.0087E-38  5.0087E-38  5.0087E-38  5.0087E-38
  5.0490E-38  5.0490E-38  5.0490E-38  5.0490E-38  5.0490E-38
  5.0682E-38  5.0682E-38  5.0682E-38  5.0682E-38  5.0682E-38
  5.0779E-38  5.0779E-38  5.0779E-38  5.0779E-38  5.0779E-38
  5.0913E-38  5.0913E-38  5.0913E-38  5.0913E-38  5.0913E-38
  5.0957E-38  5.0957E-38  5.0957E-38  5.0957E-38  5.0957E-38
  4.6118E-38  4.6118E-38  4.6118E-38  4.6118E-38  4.6118E-38
  4.6100E-38  4.6100E-38  4.6100E-38  4.6100E-38  4.6100E-38
  4.6094E-38  4.6094E-38  4.6094E-38  4.6094E-38  4.6094E-38
  4.6111E-38  4.6111E-38  4.6111E-38  4.6111E-38  4.6111E-38
  4.6136E-38  4.6136E-38  4.6136E-38  4.6136E-38  4.6136E-38
  4.6145E-38  4.6145E-38  4.6145E-38  4.6145E-38  4.6145E-38
  4.6149E-38  4.6149E-38  4.6149E-38  4.6149E-38  4.6149E-38
  4.6149E-38  4.6149E-38  4.6149E-38  4.6149E-38  4.6149E-38
  4.6149E-38  4.6149E-38  4.6149E-38  4.6149E-38  4.6149E-38
  4.6149E-38  4.6149E-38  4.6149E-38  4.6149E-38  4.6149E-38
  4.6149E-38  4.6149E-38  4.6149E-38  4.6149E-38  4.6149E-38
  4.7251E-38  4.7251E-38  4.7251E-38  4.7251E-38  4.7251E-38
  4.9585E-38  4.9585E-38  4.9585E-38  4.9585E-38  4.9585E-38
  5.0316E-38  5.0316E-38  5.0316E-38  5.0316E-38  5.0316E-38
  5.0624E-38  5.0624E-38  5.0624E-38  5.0624E-38  5.0624E-38
  5.0758E-38  5.0758E-38  5.0758E-38  5.0758E-38  5.0758E-38
  5.0853E-38  5.0853E-38  5.0853E-38  5.0853E-38  5.0853E-38
  5.0937E-38  5.0937E-38  5.0937E-38  5.0937E-38  5.0937E-38
  4.5002E-38  4.5002E-38  4.5002E-38  4.5002E-38  4.5002E-38
  4.5002E-38  4.5002E-38  4.5002E-38  4.5002E-38  4.5002E-38
  4.5001E-38  4.5001E-38  4.5001E-38  4.5001E-38  4.5001E-38
  4.5002E-38  4.5002E-38  4.5002E-38  4.5002E-38  4.5002E-38
  4.5002E-38  4.5002E-38  4.5002E-38  4.5002E-38  4.5002E-38
  4.5002E-38  4.5002E-38  4.5002E-38  4.5002E-38  4.5002E-38
  4.5002E-38  4.5002E-38  4.5002E-38  4.5002E-38  4.5002E-38
  4.5002E-38  4.5002E-38  4.5002E-38  4.5002E-38  4.5002E-38
  4.5002E-38  4.5002E-38  4.5002E-38  4.5002E-38  4.5002E-38
  4.5002E-38  4.5002E-38  4.5002E-38  4.5002E-38  4.5002E-38
  4.5002E-38  4.5002E-38  4.5002E-38  4.5002E-38  4.5002E-38
  4.5002E-38  4.5002E-38  4.5002E-38  4.5002E-38  4.5002E-38
  4.7451E-38  4.7451E-38  4.7451E-38  4.7451E-38  4.7451E-38
  4.8643E-38  4.8643E-38  4.8643E-38  4.8643E-38  4.8643E-38
  4.9074E-38  4.9074E-38  4.9074E-38  4.9074E-38  4.9074E-38
  4.9198E-38  4.9198E-38  4.9198E-38  4.9198E-38  4.9198E-38
  4.9242E-38  4.9242E-38  4.9242E-38  4.9242E-38  4.9242E-38
  4.9255E-38  4.9255E-38  4.9255E-38  4.9255E-38  4.9255E-38
  4.5002E-38  4.5002E-38  4.5002E-38  4.5002E-38  4.5002E-38
  4.5002E-38  4.5002E-38  4.5002E-38  4.5002E-38  4.5002E-38
  4.5002E-38  4.5002E-38  4.5002E-38  4.5002E-38  4.5002E-38
  4.5002E-38  4.5002E-38  4.5002E-38  4.5002E-38  4.5002E-38
  4.5002E-38  4.5002E-38  4.5002E-38  4.5002E-38  4.5002E-38
  4.5002E-38  4.5002E-38  4.5002E-38  4.5002E-38  4.5002E-38
  4.5002E-38  4.5002E-38  4.5002E-38  4.5002E-38  4.5002E-38
  4.5002E-38  4.5002E-38  4.5002E-38  4.5002E-38  4.5002E-38
  4.5002E-38  4.5002E-38  4.5002E-38  4.5002E-38  4.5002E-38
  4.5002E-38  4.5002E-38  4.5002E-38  4.5002E-38  4.5002E-38
  4.5002E-38  4.5002E-38  4.5002E-38  4.5002E-38  4.5002E-38
  4.5002E-38  4.5002E-38  4.5002E-38  4.5002E-38  4.5002E-38
  4.6179E-38  4.6179E-38  4.6179E-38  4.6179E-38  4.6179E-38
  4.8189E-38  4.8189E-38  4.8189E-38  4.8189E-38  4.8189E-38
  4.8934E-38  4.8934E-38  4.8934E-38  4.8934E-38  4.8934E-38
  4.9152E-38  4.9152E-38  4.9152E-38  4.9152E-38  4.9152E-38
  4.9228E-38  4.9228E-38  4.9228E-38  4.9228E-38  4.9228E-38
  4.9250E-38  4.9250E-38  4.9250E-38  4.9250E-38  4.9250E-38
  4.5002E-38  4.5002E-38  4.5002E-38  4.5002E-38  4.5002E-38
  4.5002E-38  4.5002E-38  4.5002E-38  4.5002E-38  4.5002E-38
  4.5002E-38  4.5002E-38  4.5002E-38  4.5002E-38  4.5002E-38
  4.5002E-38  4.5002E-38  4.5002E-38  4.5002E-38  4.5002E-38
  4.5002E-38  4.5002E-38  4.5002E-38  4.5002E-38  4.5002E-38
  4.5002E-38  4.5002E-38  4.5002E-38  4.5002E-38  4.5002E-38
  4.5002E-38  4.5002E-38  4.5002E-38  4.5002E-38  4.5002E-38
  4.5002E-38  4.5002E-38  4.5002E-38  4.5002E-38  4.5002E-38
  4.5002E-38  4.5002E-38  4.5002E-38  4.5002E-38  4.5002E-38
  4.5002E-38  4.5002E-38  4.5002E-38  4.5002E-38  4.5002E-38
  4.5002E-38  4.5002E-38  4.5002E-38  4.5002E-38  4.5002E-38
  4.5002E-38  4.5002E-38  4.5002E-38  4.5002E-38  4.5002E-38
  4.5002E-38  4.5002E-38  4.5002E-38  4.5002E-38  4.5002E-38
  4.7476E-38  4.7476E-38  4.7476E-38  4.7476E-38  4.7476E-38
  4.8711E-38  4.8711E-38  4.8711E-38  4.8711E-38  4.8711E-38
  4.9076E-38  4.9076E-38  4.9076E-38  4.9076E-38  4.9076E-38
  4.9205E-38  4.9205E-38  4.9205E-38  4.9205E-38  4.9205E-38
  4.9242E-38  4.9242E-38  4.9242E-38  4.9242E-38  4.9242E-38
  4.5002E-38  4.5002E-38  4.5002E-38  4.5002E-38  4.5002E-38
  4.5002E-38  4.5002E-38  4.5002E-38  4.5002E-38  4.5002E-38
  4.5002E-38  4.5002E-38  4.5002E-38  4.5002E-38  4.5002E-38
  4.5002E-38  4.5002E-38  4.5002E-38  4.5002E-38  4.5002E-38
  4.5002E-38  4.5002E-38  4.5002E-38  4.5002E-38  4.5002E-38
  4.5002E-38  4.5002E-38  4.5002E-38  4.5002E-38  4.5002E-38
  4.5002E-38  4.5002E-38  4.5002E-38  4.5002E-38  4.5002E-38
  4.5002E-38  4.5002E-38  4.5002E-38  4.5002E-38  4.5002E-38
  4.5001E-38  4.5001E-38  4.5001E-38  4.5001E-38  4.5001E-38
  4.5002E-38  4.5002E-38  4.5002E-38  4.5002E-38  4.5002E-38
  4.5002E-38  4.5002E-38  4.5002E-38  4.5002E-38  4.5002E-38
  4.5002E-38  4.5002E-38  4.5002E-38  4.5002E-38  4.5002E-38
  4.5002E-38  4.5002E-38  4.5002E-38  4.5002E-38  4.5002E-38
  4.6404E-38  4.6404E-38  4.6404E-38  4.6404E-38  4.6404E-38
  4.8367E-38  4.8367E-38  4.8367E-38  4.8367E-38  4.8367E-38
  4.8960E-38  4.8960E-38  4.8960E-38  4.8960E-38  4.8960E-38
  4.9170E-38  4.9170E-38  4.9170E-38  4.9170E-38  4.9170E-38
  4.9231E-38  4.9231E-38  4.9231E-38  4.9231E-38  4.9231E-38
  4.5002E-38  4.5002E-38  4.5002E-38  4.5002E-38  4.5002E-38
  4.5002E-38  4.5002E-38  4.5002E-38  4.5002E-38  4.5002E-38
  4.5002E-38  4.5002E-38  4.5002E-38  4.5002E-38  4.5002E-38
  4.5002E-38  4.5002E-38  4.5002E-38  4.5002E-38  4.5002E-38
  4.5002E-38  4.5002E-38  4.5002E-38  4.5002E-38  4.5002E-38
  4.5002E-38  4.5002E-38  4.5002E-38  4.5002E-38  4.5002E-38
  4.5002E-38  4.5002E-38  4.5002E-38  4.5002E-38  4.5002E-38
  4.5002E-38  4.5002E-38  4.5002E-38  4.5002E-38  4.5002E-38
  4.5002E-38  4.5002E-38  4.5002E-38  4.5002E-38  4.5002E-38
  4.5002E-38  4.5002E-38  4.5002E-38  4.5002E-38  4.5002E-38
  4.5001E-38  4.5001E-38  4.5001E-38  4.5001E-38  4.5001E-38
  4.5002E-38  4.5002E-38  4.5002E-38  4.5002E-38  4.5002E-38
  4.5002E-38  4.5002E-38  4.5002E-38  4.5002E-38  4.5002E-38
  4.5002E-38  4.5002E-38  4.5002E-38  4.5002E-38  4.5002E-38
  4.7855E-38  4.7855E-38  4.7855E-38  4.7855E-38  4.7855E-38
  4.8783E-38  4.8783E-38  4.8783E-38  4.8783E-38  4.8783E-38
  4.9117E-38  4.9117E-38  4.9117E-38  4.9117E-38  4.9117E-38
  4.9213E-38  4.9213E-38  4.9213E-38  4.9213E-38  4.9213E-38
  4.5002E-38  4.5002E-38  4.5002E-38  4.5002E-38  4.5002E-38
  4.5002E-38  4.5002E-38  4.5002E-38  4.5002E-38  4.5002E-38
  4.5002E-38  4.5002E-38  4.5002E-38  4.5002E-38  4.5002E-38
  4.5002E-38  4.5002E-38  4.5002E-38  4.5002E-38  4.5002E-38
  4.5002E-38  4.5002E-38  4.5002E-38  4.5002E-38  4.5002E-38
  4.5002E-38  4.5002E-38  4.5002E-38  4.5002E-38  4.5002E-38
  4.5002E-38  4.5002E-38  4.5002E-38  4.5002E-38  4.5002E-38
  4.5001E-38  4.5001E-38  4.5001E-38  4.5001E-38  4.5001E-38
  4.5002E-38  4.5002E-38  4.5002E-38  4.5002E-38  4.5002E-38
  4.5001E-38  4.5001E-38  4.5001E-38  4.5001E-38  4.5001E-38
  4.5002E-38  4.5002E-38  4.5002E-38  4.5002E-38  4.5002E-38
  4.5002E-38  4.5002E-38  4.5002E-38  4.5002E-38  4.5002E-38
  4.5002E-38  4.5002E-38  4.5002E-38  4.5002E-38  4.5002E-38
  4.5002E-38  4.5002E-38  4.5002E-38  4.5002E-38  4.5002E-38
  4.7117E-38  4.7117E-38  4.7117E-38  4.7117E-38  4.7117E-38
  4.8525E-38  4.8525E-38  4.8525E-38  4.8525E-38  4.8525E-38
  4.9038E-38  4.9038E-38  4.9038E-38  4.9038E-38  4.9038E-38
  4.9186E-38  4.9186E-38  4.9186E-38  4.9186E-38  4.9186E-38
  4.5002E-38  4.5002E-38  4.5002E-38  4.5002E-38  4.5002E-38
  4.5002E-38  4.5002E-38  4.5002E-38  4.5002E-38  4.5002E-38
  4.5002E-38  4.5002E-38  4.5002E-38  4.5002E-38  4.5002E-38
  4.5002E-38  4.5002E-38  4.5002E-38  4.5002E-38  4.5002E-38
  4.5002E-38  4.5002E-38  4.5002E-38  4.5002E-38  4.5002E-38
  4.5002E-38  4.5002E-38  4.5002E-38  4.5002E-38  4.5002E-38
  4.5001E-38  4.5001E-38  4.5001E-38  4.5001E-38  4.5001E-38
  4.5002E-38  4.5002E-38  4.5002E-38  4.5002E-38  4.5002E-38
  4.5002E-38  4.5002E-38  4.5002E-38  4.5002E-38  4.5002E-38
  4.5002E-38  4.5002E-38  4.5002E-38  4.5002E-38  4.5002E-38
  4.5002E-38  4.5002E-38  4.5002E-38  4.5002E-38  4.5002E-38
  4.5002E-38  4.5002E-38  4.5002E-38  4.5002E-38  4.5002E-38
  4.5002E-38  4.5002E-38  4.5002E-38  4.5002E-38  4.5002E-38
  4.5002E-38  4.5002E-38  4.5002E-38  4.5002E-38  4.5002E-38
  4.5002E-38  4.5002E-38  4.5002E-38  4.5002E-38  4.5002E-38
  4.7326E-38  4.7326E-38  4.7326E-38  4.7326E-38  4.7326E-38
  4.8664E-38  4.8664E-38  4.8664E-38  4.8664E-38  4.8664E-38
  4.9060E-38  4.9060E-38  4.9060E-38  4.9060E-38  4.9060E-38
  4.5575E-38  1.1315E-22  5.8706E-33  6.8982E-32  2.9089E-32
  4.5576E-38  3.7663E-23  1.1144E-33  1.3095E-32  5.5220E-33
  4.5576E-38  1.1296E-23  1.8174E-34  2.1355E-33  9.0054E-34
  4.5576E-38  3.7655E-24  3.4845E-35  4.0944E-34  1.7265E-34
  4.5576E-38  1.1296E-24  5.7122E-36  6.7119E-35  2.8305E-35
  4.5576E-38  3.7652E-25  1.0978E-36  1.2901E-35  5.4400E-36
  4.5576E-38  1.1293E-25  1.8021E-37  2.1176E-36  8.9295E-37
  4.5577E-38  3.7621E-26  4.5577E-38  4.0700E-37  1.7163E-37
  4.5577E-38  1.1265E-26  4.5577E-38  4.5577E-38  4.5577E-38
  4.5580E-38  3.7392E-27  4.5580E-38  4.5580E-38  4.5580E-38
  4.5583E-38  1.1151E-27  4.5583E-38  4.5583E-38  4.5583E-38
  4.5584E-38  3.7080E-28  4.5584E-38  4.5584E-38  4.5584E-38
  4.5584E-38  1.1120E-28  4.5584E-38  4.5584E-38  4.5584E-38
  4.5584E-38  3.7065E-29  4.5585E-38  4.5585E-38  4.5585E-38
  4.5584E-38  1.1119E-29  4.5585E-38  4.5585E-38  4.5585E-38
  4.6241E-38  3.7319E-30  4.6240E-38  4.6240E-38  4.6240E-38
  5.1959E-38  1.1862E-30  5.1957E-38  5.1957E-38  5.1957E-38
  5.3719E-38  4.0222E-31  5.3718E-38  5.3718E-38  5.3718E-38
  9.4602E-38  7.9312E-21  6.7747E-30  6.7342E-29  2.9741E-29
  4.5575E-38  5.1793E-21  2.4192E-30  2.4049E-29  1.0620E-29
  4.5576E-38  1.5487E-21  3.8418E-31  3.8191E-30  1.6867E-30
  4.5576E-38  5.1605E-22  7.2765E-32  7.2336E-31  3.1945E-31
  4.5576E-38  1.5481E-22  1.1841E-32  1.1771E-31  5.1982E-32
  4.5576E-38  5.1603E-23  2.2673E-33  2.2539E-32  9.9539E-33
  4.5576E-38  1.5479E-23  3.7135E-34  3.6916E-33  1.6304E-33
  4.5576E-38  5.1583E-24  7.1324E-35  7.0903E-34  3.1312E-34
  4.5577E-38  1.5462E-24  1.1693E-35  1.1624E-34  5.1336E-35
  4.5578E-38  5.1422E-25  2.2418E-36  2.2286E-35  9.8422E-36
  4.5581E-38  1.5346E-25  3.6543E-37  3.6327E-36  1.6044E-36
  4.5583E-38  5.0893E-26  4.5583E-38  6.9390E-37  3.0645E-37
  4.5584E-38  1.5242E-26  4.5585E-38  1.1372E-37  4.5585E-38
  4.5584E-38  5.0795E-27  4.5584E-38  4.5584E-38  4.5584E-38
  4.5584E-38  1.5239E-27  4.5585E-38  4.5585E-38  4.5585E-38
  4.5584E-38  5.0794E-28  4.5585E-38  4.5585E-38  4.5585E-38
  4.9424E-38  1.5850E-28  4.9423E-38  4.9423E-38  4.9423E-38
  5.2830E-38  5.4648E-29  5.2829E-38  5.2829E-38  5.2829E-38
  2.7284E-34  6.5246E-19  8.0647E-27  6.9081E-26  3.1776E-26
  5.0006E-35  2.0987E-19  1.2844E-27  1.1003E-26  5.0611E-27
  1.5833E-35  1.2252E-19  3.6954E-28  3.1654E-27  1.4561E-27
  3.0297E-36  4.0669E-20  6.7146E-29  5.7519E-28  2.6457E-28
  4.9748E-37  1.2195E-20  1.0664E-29  9.1351E-29  4.2019E-29
  9.5729E-38  4.0645E-21  2.0166E-30  1.7275E-29  7.9460E-30
  4.5576E-38  1.2194E-21  3.2773E-31  2.8074E-30  1.2914E-30
  4.5576E-38  4.0639E-22  6.2707E-32  5.3715E-31  2.4707E-31
  4.5576E-38  1.2187E-22  1.0261E-32  8.7897E-32  4.0431E-32
  4.5577E-38  4.0575E-23  1.9679E-33  1.6858E-32  7.7538E-33
  4.5579E-38  1.2133E-23  3.2143E-34  2.7534E-33  1.2665E-33
  4.5581E-38  4.0218E-24  6.1330E-35  5.2537E-34  2.4165E-34
  4.5584E-38  1.2014E-24  1.0011E-35  8.5763E-35  3.9449E-35
  4.5585E-38  4.0013E-25  1.9242E-36  1.6483E-35  7.5815E-36
  4.5584E-38  1.2003E-25  3.1609E-37  2.7076E-36  1.2455E-36
  4.5584E-38  4.0008E-26  4.5585E-38  5.2104E-37  2.3967E-37
  4.5584E-38  1.2003E-26  4.5585E-38  4.5585E-38  4.5585E-38
  5.1403E-38  4.2445E-27  5.1402E-38  5.1402E-38  5.1402E-38
  3.3086E-31  3.2942E-17  5.8406E-24  4.3786E-23  4.7779E-24
  6.1986E-32  1.0772E-17  8.2387E-25  6.1766E-24  2.0528E-24
  9.6347E-33  3.1034E-18  1.0209E-25  7.6532E-25  3.6497E-25
  3.5913E-33  2.0206E-18  3.3201E-26  2.4890E-25  1.1870E-25
  5.8591E-34  6.0302E-19  4.9363E-27  3.7007E-26  1.7648E-26
  1.1268E-34  2.0090E-19  9.0215E-28  6.7634E-27  3.2253E-27
  1.8511E-35  6.0266E-20  1.4345E-28  1.0755E-27  5.1282E-28
  3.5622E-36  2.0088E-20  2.7132E-29  2.0340E-28  9.7000E-29
  5.8514E-37  6.0250E-21  4.4090E-30  3.3055E-29  1.5763E-29
  1.1252E-37  2.0071E-21  8.4307E-31  6.3204E-30  3.0140E-30
  4.5577E-38  6.0099E-22  1.3767E-31  1.0320E-30  4.9218E-31
  4.5579E-38  1.9951E-22  2.6288E-32  1.9709E-31  9.3985E-32
  4.5582E-38  5.9493E-23  4.2772E-33  3.2067E-32  1.5292E-32
  4.5584E-38  1.9784E-23  8.1985E-34  6.1464E-33  2.9310E-33
  4.5584E-38  5.9326E-24  1.3459E-34  1.0090E-33  4.8118E-34
  4.5584E-38  1.9775E-24  2.5896E-35  1.9414E-34  9.2581E-35
  4.5584E-38  5.9323E-25  4.2547E-36  3.1897E-35  1.5211E-35
  4.9315E-38  2.0546E-25  8.3375E-37  6.2506E-36  2.9809E-36
  1.9464E-28  1.1094E-15  2.7887E-21  1.8540E-20  1.7079E-22
  3.6834E-29  3.6552E-16  3.4967E-22  2.3248E-21  6.4926E-23
  5.8631E-30  1.0720E-16  3.8179E-23  2.5383E-22  2.4063E-23
  1.0674E-30  3.4316E-17  5.3216E-24  3.5380E-23  1.0369E-23
  3.4059E-31  2.0149E-17  1.3851E-24  9.2086E-24  4.5352E-24
  6.5158E-32  6.6874E-18  2.3479E-25  1.5610E-24  7.6876E-25
  1.0699E-32  2.0052E-18  3.5495E-26  2.3598E-25  1.1622E-25
  2.0585E-33  6.6835E-19  6.5297E-27  4.3412E-26  2.1380E-26
  3.3820E-34  2.0049E-19  1.0421E-27  6.9292E-27  3.4126E-27
  6.5055E-35  6.6807E-20  1.9748E-28  1.3129E-27  6.4660E-28
  1.0673E-35  2.0021E-20  3.2092E-29  2.1337E-28  1.0508E-28
  2.0460E-36  6.6558E-21  6.1223E-30  4.0705E-29  2.0046E-29
  3.3339E-37  1.9853E-21  9.9463E-31  6.6128E-30  3.2567E-30
  4.5584E-38  6.5884E-22  1.8989E-31  1.2625E-30  6.2176E-31
  4.5584E-38  1.9740E-22  3.1116E-32  2.0687E-31  1.0188E-31
  4.5584E-38  6.5794E-23  5.9844E-33  3.9786E-32  1.9594E-32
  4.5584E-38  1.9738E-23  9.8300E-34  6.5355E-33  3.2186E-33
  4.6501E-38  6.6423E-24  1.8998E-34  1.2630E-33  6.2205E-34
  2.6995E-21  1.2867E-11  3.9133E-14  1.8266E-15  4.0476E-18
  5.1944E-22  4.2882E-12  4.4136E-15  6.1812E-16  1.3698E-18
  8.5155E-23  1.2845E-12  4.0765E-16  1.9064E-16  4.2243E-19
  8.0787E-24  2.1214E-13  2.3243E-17  3.2970E-17  7.3061E-20
  1.2894E-24  6.2392E-14  2.1917E-18  1.0561E-17  2.3403E-20
  2.3617E-25  2.0072E-14  2.5940E-19  1.2800E-18  8.5487E-21
  7.4327E-26  1.1672E-14  5.4554E-20  2.6919E-19  6.1376E-21
  1.4114E-26  3.8529E-15  7.7829E-21  3.8405E-20  2.6456E-21
  2.3141E-27  1.1542E-15  1.0170E-21  5.0188E-21  1.1538E-21
  4.4524E-28  3.8468E-16  1.7020E-22  8.3986E-22  4.4751E-22
  7.3133E-29  1.1538E-16  2.5371E-23  1.2520E-22  6.6708E-23
  1.4061E-29  3.8437E-17  4.6234E-24  2.2814E-23  1.2156E-23
  2.3035E-30  1.1508E-17  7.3163E-25  3.6103E-24  1.9237E-24
  4.4050E-31  3.8192E-18  1.3739E-25  6.7796E-25  3.6124E-25
  7.1763E-32  1.1391E-18  2.2128E-26  1.0920E-25  5.8183E-26
  1.3769E-32  3.7888E-19  4.2207E-27  2.0827E-26  1.1097E-26
  2.2613E-33  1.1363E-19  6.9067E-28  3.4082E-27  1.8160E-27
  4.3516E-34  3.7874E-20  1.3268E-28  6.5466E-28  3.4883E-28
  4.6948E-16  9.6844E-09  1.2659E-09  1.9388E-12  6.0944E-15
  9.0615E-17  3.2281E-09  4.2305E-10  6.4789E-13  2.0365E-15
  1.4928E-17  9.6842E-10  7.7102E-11  1.9527E-13  6.1379E-16
  2.8756E-18  3.2278E-10  8.6292E-12  6.5571E-14  2.0611E-16
  4.7229E-19  9.6762E-11  7.8659E-13  1.9939E-14  6.2676E-17
  9.0206E-20  3.2085E-11  8.8463E-14  6.7646E-15  2.1263E-17
  1.4351E-20  9.4147E-12  7.9638E-15  2.0745E-15  6.5208E-18
  2.6293E-21  3.0322E-12  8.8861E-16  7.1591E-16  2.2503E-18
  4.1328E-22  8.8115E-13  8.5432E-17  2.3537E-16  7.3982E-19
  7.8518E-23  2.9099E-13  1.1080E-17  4.3454E-17  2.8991E-19
  1.2875E-23  8.7178E-14  1.2992E-18  5.0948E-18  1.1343E-19
  2.4767E-24  2.9054E-14  1.9897E-19  7.8030E-19  5.2134E-20
  4.0656E-25  8.7110E-15  2.7495E-20  1.0783E-19  2.4029E-20
  7.8046E-26  2.8988E-15  4.7701E-21  1.8708E-20  1.0584E-20
  1.2741E-26  8.6579E-16  7.2742E-22  2.8528E-21  1.6139E-21
  2.4321E-27  2.8700E-16  1.3387E-22  5.2498E-22  2.9697E-22
  3.9809E-28  8.5874E-17  2.1407E-23  8.3955E-23  4.7494E-23
  7.6574E-29  2.8615E-17  4.0683E-24  1.5955E-23  9.0257E-24
  5.9072E-13  1.8046E-06  2.9472E-07  4.5778E-10  1.9169E-12
  1.9693E-13  6.0161E-07  1.0150E-07  1.5738E-10  6.5484E-13
  5.9082E-14  1.8049E-07  3.0860E-08  4.7814E-11  1.9850E-13
  1.9694E-14  6.0164E-08  1.0344E-08  1.6023E-11  6.6476E-14
  5.9082E-15  1.8049E-08  3.1183E-09  4.8296E-12  2.0033E-14
  1.2676E-15  6.0158E-09  1.0454E-09  1.6192E-12  6.7155E-15
  2.0895E-16  1.8028E-09  1.1791E-10  4.9046E-13  2.0342E-15
  3.9888E-17  5.9671E-10  1.3133E-11  1.6509E-13  6.8471E-16
  6.3065E-18  1.7420E-10  1.1574E-12  4.9803E-14  2.0656E-16
  1.1521E-18  5.5959E-11  1.2635E-13  1.6854E-14  6.9898E-17
  1.8290E-19  1.6377E-11  1.1947E-14  5.4213E-15  2.2484E-17
  3.4971E-20  5.4330E-12  1.5066E-15  2.0589E-15  8.5389E-18
  5.7400E-21  1.6287E-12  1.6879E-16  5.5166E-16  3.1910E-18
  1.1035E-21  5.4254E-13  2.4728E-17  8.0821E-17  1.4035E-18
  1.8076E-22  1.6243E-13  3.2687E-18  1.0683E-17  6.1965E-19
  3.4562E-23  5.3906E-14  5.4844E-19  1.7926E-18  3.1317E-19
  5.6312E-24  1.6079E-14  8.1664E-20  2.6692E-19  1.5626E-19
  1.0806E-24  5.3493E-15  1.4920E-20  4.8762E-20  2.8928E-20
  2.7855E-11  1.2214E-04  8.2874E-06  1.3945E-08  1.0109E-10
  1.4642E-11  4.1042E-05  4.5095E-06  7.3439E-09  4.4862E-11
  7.2385E-12  1.2350E-05  1.9327E-06  3.0778E-09  1.7064E-11
  3.7059E-12  4.1203E-06  7.7040E-07  1.2141E-09  6.4689E-12
  1.6799E-12  1.2365E-06  2.5253E-07  3.9594E-10  2.0741E-12
  5.8683E-13  4.1220E-07  8.6968E-08  1.3611E-10  7.0913E-13
  1.7605E-13  1.2367E-07  2.6513E-08  4.1460E-11  2.1558E-13
  5.8667E-14  4.1209E-08  8.9215E-09  1.3947E-11  7.2476E-14
  1.4877E-14  1.2325E-08  2.7009E-09  4.2216E-12  2.1933E-14
  2.8259E-15  4.0461E-09  3.0610E-10  1.4106E-12  7.3285E-15
  4.4192E-16  1.1684E-09  2.6433E-11  4.2090E-13  2.1866E-15
  8.1527E-17  3.7725E-10  2.9119E-12  1.4301E-13  7.4294E-16
  1.3216E-17  1.1196E-10  2.8156E-13  4.6519E-14  2.4166E-16
  2.5399E-18  3.7260E-11  3.5607E-14  1.7672E-14  9.1805E-17
  4.1684E-19  1.1166E-11  3.9715E-15  6.5774E-15  3.4169E-17
  7.9940E-20  3.7130E-12  5.7793E-16  1.6294E-15  1.4952E-17
  1.3031E-20  1.1079E-12  7.5701E-17  2.1343E-16  6.5619E-18
  2.4909E-21  3.6759E-13  1.2668E-17  3.5713E-17  3.3078E-18
  5.6287E-10  3.3161E-04  1.3772E-05  2.4387E-08  3.0976E-10
  4.0327E-10  3.3147E-04  1.3700E-05  2.4283E-08  3.0748E-10
  2.6660E-10  3.3124E-04  1.3568E-05  2.4097E-08  3.0340E-10
  1.7897E-10  3.3090E-04  1.3365E-05  2.3808E-08  2.9718E-10
  8.9466E-11  1.1162E-04  8.5971E-06  1.4729E-08  1.3765E-10
  4.7088E-11  3.7501E-05  4.7388E-06  7.8577E-09  6.1671E-11
  2.3110E-11  1.1284E-05  2.0716E-06  3.3538E-09  2.3808E-11
  1.1670E-11  3.7646E-06  8.4574E-07  1.3522E-09  9.2050E-12
  5.1736E-12  1.1298E-06  2.8421E-07  4.5126E-10  3.0153E-12
  2.2871E-12  3.7634E-07  9.9508E-08  1.5752E-10  1.0459E-12
  7.7886E-13  1.1219E-07  3.0581E-08  4.8336E-11  3.2024E-13
  2.5348E-13  3.6511E-08  1.0174E-08  1.6075E-11  1.0643E-13
  5.2671E-14  1.0504E-08  1.0177E-09  4.8074E-12  3.1818E-14
  9.9754E-15  3.4266E-09  1.1403E-10  1.6477E-12  1.0904E-14
  1.6423E-15  1.0230E-09  1.1073E-11  5.3589E-13  3.5461E-15
  3.1671E-16  3.4045E-10  1.3879E-12  2.0185E-13  1.3355E-15
  5.1911E-17  1.0180E-10  1.5231E-13  7.4083E-14  4.9019E-16
  9.9215E-18  3.3750E-11  2.1787E-14  3.1954E-14  2.1144E-16
  2.4979E-09  3.3136E-04  1.4782E-05  2.6454E-08  4.2725E-10
  2.1546E-09  3.3109E-04  1.4695E-05  2.6296E-08  4.2230E-10
  1.7166E-09  3.3083E-04  1.4602E-05  2.6140E-08  4.1760E-10
  1.3019E-09  3.3058E-04  1.4492E-05  2.5971E-08  4.1261E-10
  8.9420E-10  3.3021E-04  1.4306E-05  2.5692E-08  4.0465E-10
  6.0252E-10  3.2965E-04  1.4028E-05  2.5279E-08  3.9315E-10
  3.7751E-10  3.2860E-04  1.3521E-05  2.4526E-08  3.7297E-10
  2.0774E-10  1.3429E-04  9.5248E-06  1.6796E-08  2.0011E-10
  1.0443E-10  4.0689E-05  5.1264E-06  8.7160E-09  8.4539E-11
  5.5231E-11  1.3605E-05  2.4987E-06  4.1427E-09  3.6318E-11
  2.6525E-11  4.0847E-06  9.8328E-07  1.6011E-09  1.3311E-11
  1.2696E-11  1.3578E-06  3.7769E-07  6.0912E-10  4.9611E-12
  4.9228E-12  3.9972E-07  1.2052E-07  1.9344E-10  1.5618E-12
  1.8780E-12  1.2835E-07  4.0517E-08  6.4905E-11  5.2260E-13
  6.8134E-13  3.7325E-08  7.0275E-09  2.0449E-11  1.6445E-13
  2.2232E-13  1.2352E-08  8.2965E-10  7.3208E-12  5.8833E-14
  3.7397E-14  3.6956E-09  8.2330E-11  2.4350E-12  1.9561E-14
  7.2464E-15  1.2268E-09  1.0467E-11  9.3367E-13  7.4990E-15
  5.5830E-09  3.3431E-04  1.6326E-05  2.9642E-08  6.1211E-10
  4.5197E-09  3.3275E-04  1.5927E-05  2.8833E-08  5.7721E-10
  3.4508E-09  3.3159E-04  1.5634E-05  2.8254E-08  5.5347E-10
  2.5501E-09  3.3088E-04  1.5443E-05  2.7891E-08  5.3929E-10
  1.7070E-09  3.3030E-04  1.5261E-05  2.7570E-08  5.2721E-10
  1.1169E-09  3.2979E-04  1.5070E-05  2.7258E-08  5.1594E-10
  6.6869E-10  3.2908E-04  1.4770E-05  2.6788E-08  4.9961E-10
  4.0647E-10  3.2806E-04  1.4338E-05  2.6122E-08  4.7745E-10
  2.3105E-10  3.2622E-04  1.3581E-05  2.4953E-08  4.4070E-10
  1.3527E-10  2.4517E-04  1.1653E-05  2.1429E-08  3.3966E-10
  7.2595E-11  7.4862E-05  6.8903E-06  1.2235E-08  1.5100E-10
  4.0863E-11  2.5085E-05  3.6481E-06  6.2871E-09  6.7743E-11
  2.0817E-11  7.5185E-06  1.5580E-06  2.6198E-09  2.6134E-11
  9.5896E-12  2.4685E-06  6.1861E-07  1.0271E-09  9.9207E-12
  3.5174E-12  7.1153E-07  2.0025E-07  3.3004E-10  3.1434E-12
  1.5829E-12  2.3020E-07  7.2530E-08  1.1866E-10  1.1241E-12
  7.6861E-13  6.8432E-08  1.2265E-08  4.2763E-11  4.0396E-13
  3.9792E-13  2.2732E-08  1.5349E-09  1.6323E-11  1.5395E-13
  2.0044E-08  3.4294E-04  1.9237E-05  3.5753E-08  1.0396E-09
  1.4962E-08  3.3972E-04  1.8317E-05  3.3825E-08  9.0585E-10
  1.1308E-08  3.3650E-04  1.7459E-05  3.2042E-08  7.9807E-10
  8.8976E-09  3.3411E-04  1.6858E-05  3.0812E-08  7.3183E-10
  6.7362E-09  3.3218E-04  1.6381E-05  2.9858E-08  6.8448E-10
  5.0157E-09  3.3091E-04  1.6054E-05  2.9231E-08  6.5528E-10
  3.4116E-09  3.2982E-04  1.5737E-05  2.8659E-08  6.3008E-10
  2.2659E-09  3.2882E-04  1.5403E-05  2.8099E-08  6.0683E-10
  1.3741E-09  3.2742E-04  1.4889E-05  2.7272E-08  5.7427E-10
  8.4179E-10  3.2546E-04  1.4176E-05  2.6136E-08  5.3233E-10
  4.8079E-10  3.2190E-04  1.2993E-05  2.4235E-08  4.6813E-10
  2.8308E-10  2.7090E-04  1.1077E-05  2.0864E-08  3.6743E-10
  1.5071E-10  8.2836E-05  6.5722E-06  1.2022E-08  1.6843E-10
  8.1050E-11  2.7689E-05  3.4628E-06  6.1658E-09  7.5886E-11
  3.3984E-11  8.1607E-06  1.3902E-06  2.4282E-09  2.7709E-11
  1.3676E-11  2.6198E-06  5.2773E-07  9.1087E-10  1.0093E-11
  5.9256E-12  7.6311E-07  1.8905E-07  3.2090E-10  3.5068E-12
  3.1430E-12  2.5252E-07  6.8482E-08  1.3267E-10  1.4404E-12
  7.6821E-08  3.4929E-04  2.1595E-05  4.0606E-08  1.4955E-09
  5.3224E-08  3.4771E-04  2.0986E-05  3.9437E-08  1.4127E-09
  3.6011E-08  3.4483E-04  2.0096E-05  3.7603E-08  1.2551E-09
  2.5921E-08  3.4161E-04  1.9196E-05  3.5721E-08  1.1040E-09
  1.8683E-08  3.3802E-04  1.8262E-05  3.3774E-08  9.6601E-10
  1.4084E-08  3.3511E-04  1.7542E-05  3.2299E-08  8.7353E-10
  1.0226E-08  3.3254E-04  1.6915E-05  3.1049E-08  8.0264E-10
  7.3768E-09  3.3067E-04  1.6441E-05  3.0147E-08  7.5557E-10
  4.8827E-09  3.2886E-04  1.5930E-05  2.9235E-08  7.1139E-10
  3.1849E-09  3.2704E-04  1.5357E-05  2.8270E-08  6.6801E-10
  1.9054E-09  3.2425E-04  1.4469E-05  2.6809E-08  6.0735E-10
  1.1578E-09  3.2024E-04  1.3289E-05  2.4865E-08  5.3429E-10
  6.5672E-10  3.1301E-04  1.1493E-05  2.1855E-08  4.3506E-10
  3.7829E-10  2.0061E-04  8.6791E-06  1.6589E-08  2.8961E-10
  1.8616E-10  6.0721E-05  4.6858E-06  8.7720E-09  1.2810E-10
  8.0106E-11  1.9849E-05  2.1124E-06  3.8974E-09  5.1616E-11
  3.0306E-11  5.7157E-06  7.7592E-07  1.4069E-09  1.7766E-11
  1.4931E-11  1.8664E-06  3.3083E-07  5.8638E-10  7.2658E-12
  1.9200E-07  3.4840E-04  2.2040E-05  4.0450E-08  1.2984E-09
  1.4887E-07  3.4811E-04  2.1961E-05  4.0961E-08  1.4872E-09
  1.0640E-07  3.4933E-04  2.1773E-05  4.0931E-08  1.5715E-09
  7.5285E-08  3.4813E-04  2.1276E-05  4.0047E-08  1.5233E-09
  5.0936E-08  3.4544E-04  2.0478E-05  3.8437E-08  1.3849E-09
  3.6007E-08  3.4223E-04  1.9617E-05  3.6654E-08  1.2340E-09
  2.5050E-08  3.3843E-04  1.8663E-05  3.4685E-08  1.0841E-09
  1.8094E-08  3.3517E-04  1.7872E-05  3.3084E-08  9.7605E-10
  1.2460E-08  3.3204E-04  1.7113E-05  3.1599E-08  8.8620E-10
  8.5627E-09  3.2946E-04  1.6457E-05  3.0382E-08  8.1943E-10
  5.4110E-09  3.2651E-04  1.5643E-05  2.8958E-08  7.4831E-10
  3.4162E-09  3.2302E-04  1.4667E-05  2.7302E-08  6.7354E-10
  1.9933E-09  3.1725E-04  1.3180E-05  2.4792E-08  5.7268E-10
  1.1912E-09  3.0880E-04  1.1360E-05  2.1683E-08  4.6445E-10
  6.5394E-10  2.9361E-04  8.8708E-06  1.7327E-08  3.3679E-10
  3.2483E-10  1.0645E-04  5.1681E-06  1.0054E-08  1.6645E-10
  1.2202E-10  3.1086E-05  2.1472E-06  4.1352E-09  6.1022E-11
  5.3188E-11  1.0019E-05  9.1735E-07  1.7331E-09  2.4447E-11
  2.7496E-07  3.4582E-04  2.1201E-05  3.5721E-08  7.7152E-10
  2.4751E-07  3.4721E-04  2.1737E-05  3.8585E-08  1.0643E-09
  2.0705E-07  3.4791E-04  2.1974E-05  4.0328E-08  1.3591E-09
  1.6500E-07  3.4792E-04  2.1945E-05  4.0937E-08  1.5440E-09
  1.2067E-07  3.4913E-04  2.1781E-05  4.0968E-08  1.6254E-09
  8.6334E-08  3.4787E-04  2.1303E-05  4.0135E-08  1.5793E-09
  5.8316E-08  3.4505E-04  2.0517E-05  3.8569E-08  1.4443E-09
  4.0587E-08  3.4164E-04  1.9653E-05  3.6799E-08  1.2940E-09
  2.7312E-08  3.3756E-04  1.8661E-05  3.4788E-08  1.1402E-09
  1.8880E-08  3.3386E-04  1.7784E-05  3.3056E-08  1.0226E-09
  1.2279E-08  3.2992E-04  1.6831E-05  3.1259E-08  9.1423E-10
  8.0137E-09  3.2608E-04  1.5870E-05  2.9534E-08  8.2154E-10
  4.8275E-09  3.2073E-04  1.4544E-05  2.7230E-08  7.1193E-10
  2.9500E-09  3.1358E-04  1.2943E-05  2.4469E-08  5.9726E-10
  1.6705E-09  3.0125E-04  1.0689E-05  2.0544E-08  4.5837E-10
  9.3702E-10  2.8254E-04  8.1408E-06  1.6019E-08  3.2499E-10
  3.9619E-10  1.2696E-04  4.3701E-06  8.7207E-09  1.5287E-10
  1.6034E-10  4.1088E-05  1.9365E-06  3.8301E-09  6.1389E-11
  3.0589E-07  3.4031E-04  1.8587E-05  2.6152E-08  3.6980E-10
  2.9390E-07  3.4360E-04  2.0187E-05  3.1839E-08  5.9104E-10
  2.7049E-07  3.4554E-04  2.1201E-05  3.6299E-08  8.9526E-10
  2.4378E-07  3.4700E-04  2.1720E-05  3.8933E-08  1.1923E-09
  2.0286E-07  3.4739E-04  2.1912E-05  4.0429E-08  1.4638E-09
  1.6200E-07  3.4830E-04  2.1913E-05  4.0999E-08  1.6192E-09
  1.1781E-07  3.4868E-04  2.1660E-05  4.0798E-08  1.6614E-09
  8.3621E-08  3.4690E-04  2.1113E-05  3.9804E-08  1.5912E-09
  5.5647E-08  3.4357E-04  2.0253E-05  3.8094E-08  1.4437E-09
  3.7841E-08  3.3970E-04  1.9315E-05  3.6209E-08  1.2889E-09
  2.4490E-08  3.3499E-04  1.8204E-05  3.4023E-08  1.1295E-09
  1.6161E-08  3.3036E-04  1.7127E-05  3.1984E-08  9.9903E-10
  9.9492E-09  3.2461E-04  1.5794E-05  2.9559E-08  8.6341E-10
  6.2045E-09  3.1782E-04  1.4298E-05  2.6914E-08  7.3498E-10
  3.5893E-09  3.0695E-04  1.2216E-05  2.3260E-08  5.8330E-10
  2.1030E-09  2.9152E-04  9.8644E-06  1.9104E-08  4.3845E-10
  1.0230E-09  2.6109E-04  6.6373E-06  1.3250E-08  2.7112E-10
  4.2558E-10  1.3621E-04  3.4206E-06  6.9270E-09  1.2629E-10
  3.0701E-07  3.2718E-04  1.3314E-05  1.4431E-08  1.5305E-10
  3.0812E-07  3.3582E-04  1.6651E-05  2.1463E-08  2.8240E-10
  3.0055E-07  3.4134E-04  1.9126E-05  2.8606E-08  4.9653E-10
  2.8459E-07  3.4415E-04  2.0505E-05  3.3694E-08  7.5704E-10
  2.5619E-07  3.4572E-04  2.1349E-05  3.7466E-08  1.0816E-09
  2.2673E-07  3.4690E-04  2.1753E-05  3.9573E-08  1.3627E-09
  1.8308E-07  3.4685E-04  2.1827E-05  4.0595E-08  1.5811E-09
  1.4299E-07  3.4845E-04  2.1789E-05  4.0936E-08  1.6811E-09
  1.0088E-07  3.4751E-04  2.1353E-05  4.0281E-08  1.6593E-09
  6.9785E-08  3.4485E-04  2.0647E-05  3.8943E-08  1.5501E-09
  4.5091E-08  3.4057E-04  1.9609E-05  3.6900E-08  1.3803E-09
  2.9675E-08  3.3570E-04  1.8481E-05  3.4701E-08  1.2148E-09
  1.8373E-08  3.2942E-04  1.7072E-05  3.2039E-08  1.0405E-09
  1.1595E-08  3.2240E-04  1.5571E-05  2.9294E-08  8.8595E-10
  6.8145E-09  3.1205E-04  1.3568E-05  2.5708E-08  7.1425E-10
  4.0822E-09  2.9820E-04  1.1332E-05  2.1734E-08  5.5420E-10
  2.1560E-09  2.7372E-04  8.3288E-06  1.6359E-08  3.7507E-10
  9.8317E-10  2.3010E-04  5.0367E-06  1.0176E-08  2.0854E-10
  2.8821E-07  3.0034E-04  6.6967E-06  5.7544E-09  5.4452E-11
  3.0141E-07  3.1894E-04  1.0888E-05  1.1046E-08  1.1880E-10
  3.0646E-07  3.3165E-04  1.5085E-05  1.8512E-08  2.4395E-10
  3.0268E-07  3.3851E-04  1.7895E-05  2.5441E-08  4.2300E-10
  2.8860E-07  3.4279E-04  1.9873E-05  3.1783E-08  6.9409E-10
  2.6541E-07  3.4485E-04  2.0922E-05  3.5919E-08  9.8813E-10
  2.3137E-07  3.4607E-04  2.1528E-05  3.8769E-08  1.3063E-09
  1.9657E-07  3.4662E-04  2.1741E-05  4.0151E-08  1.5349E-09
  1.5146E-07  3.4746E-04  2.1722E-05  4.0710E-08  1.6743E-09
  1.1278E-07  3.4750E-04  2.1439E-05  4.0423E-08  1.6894E-09
  7.5876E-08  3.4490E-04  2.0715E-05  3.9128E-08  1.5926E-09
  5.0567E-08  3.4083E-04  1.9737E-05  3.7246E-08  1.4397E-09
  3.1425E-08  3.3471E-04  1.8359E-05  3.4599E-08  1.2422E-09
  1.9920E-08  3.2755E-04  1.6838E-05  3.1742E-08  1.0573E-09
  1.1812E-08  3.1722E-04  1.4839E-05  2.8079E-08  8.5658E-10
  7.1673E-09  3.0406E-04  1.2652E-05  2.4131E-08  6.7557E-10
  3.9574E-09  2.8242E-04  9.7834E-06  1.8992E-08  4.8024E-10
  1.9815E-09  2.4761E-04  6.5549E-06  1.3077E-08  2.9666E-10
  2.5405E-07  2.5613E-04  2.4779E-06  1.9272E-09  1.8402E-11
  2.7864E-07  2.8809E-04  5.1757E-06  4.4190E-09  4.4601E-11
  2.9639E-07  3.1268E-04  9.4936E-06  9.4931E-09  1.0764E-10
  3.0337E-07  3.2692E-04  1.3548E-05  1.5998E-08  2.1432E-10
  3.0117E-07  3.3630E-04  1.7047E-05  2.3725E-08  4.0169E-10
  2.8970E-07  3.4121E-04  1.9185E-05  2.9935E-08  6.4297E-10
  2.6548E-07  3.4411E-04  2.0594E-05  3.4984E-08  9.6276E-10
  2.3227E-07  3.4530E-04  2.1268E-05  3.7927E-08  1.2562E-09
  1.9463E-07  3.4605E-04  2.1595E-05  3.9736E-08  1.5172E-09
  1.5501E-07  3.4653E-04  2.1603E-05  4.0379E-08  1.6567E-09
  1.1293E-07  3.4686E-04  2.1330E-05  4.0205E-08  1.6887E-09
  7.8828E-08  3.4445E-04  2.0658E-05  3.9049E-08  1.6082E-09
  5.0137E-08  3.3943E-04  1.9488E-05  3.6852E-08  1.4367E-09
  3.2055E-08  3.3272E-04  1.8049E-05  3.4125E-08  1.2409E-09
  1.9126E-08  3.2257E-04  1.6071E-05  3.0434E-08  1.0130E-09
  1.1694E-08  3.0974E-04  1.3893E-05  2.6438E-08  8.0636E-10
  6.6072E-09  2.8945E-04  1.1076E-05  2.1341E-08  5.8835E-10
  3.5561E-09  2.5985E-04  7.9730E-06  1.5723E-08  3.9114E-10
  2.1511E-07  2.0098E-04  9.0656E-07  7.0057E-10  7.0884E-12
  2.4428E-07  2.4211E-04  2.0460E-06  1.6451E-09  1.7016E-11
  2.7301E-07  2.8065E-04  4.6335E-06  4.0614E-09  4.4301E-11
  2.9105E-07  3.0607E-04  8.3333E-06  8.3004E-09  9.9599E-11
  3.0017E-07  3.2404E-04  1.2817E-05  1.5143E-08  2.1456E-10
  2.9876E-07  3.3393E-04  1.6227E-05  2.2221E-08  3.8504E-10
  2.8614E-07  3.4019E-04  1.8812E-05  2.9241E-08  6.4985E-10
  2.6350E-07  3.4328E-04  2.0252E-05  3.4096E-08  9.4268E-10
  2.2627E-07  3.4480E-04  2.1090E-05  3.7536E-08  1.2632E-09
  1.8742E-07  3.4519E-04  2.1395E-05  3.9240E-08  1.4965E-09
  1.4742E-07  3.4579E-04  2.1423E-05  4.0022E-08  1.6481E-09
  1.1054E-07  3.4598E-04  2.1147E-05  3.9847E-08  1.6747E-09
  7.4018E-08  3.4274E-04  2.0311E-05  3.8426E-08  1.5787E-09
  4.8448E-08  3.3711E-04  1.9075E-05  3.6136E-08  1.4088E-09
  2.9253E-08  3.2766E-04  1.7214E-05  3.2646E-08  1.1740E-09
  1.8008E-08  3.1525E-04  1.5070E-05  2.8665E-08  9.4553E-10
  1.0305E-08  2.9572E-04  1.2266E-05  2.3533E-08  7.0148E-10
  5.8105E-09  2.6891E-04  9.2482E-06  1.8071E-08  4.8789E-10
  1.6665E-07  1.2048E-04  2.5423E-07  2.0450E-10  2.2937E-12
  1.9163E-07  1.6240E-04  5.5324E-07  4.5039E-10  5.0834E-12
  2.2299E-07  2.1039E-04  1.3298E-06  1.1129E-09  1.2756E-11
  2.5265E-07  2.5236E-04  2.9010E-06  2.5547E-09  3.0270E-11
  2.7847E-07  2.8900E-04  6.0642E-06  5.9071E-09  7.5122E-11
  2.9209E-07  3.1191E-04  9.9977E-06  1.1116E-08  1.5866E-10
  2.9519E-07  3.2757E-04  1.4243E-05  1.8554E-08  3.1893E-10
  2.8698E-07  3.3598E-04  1.7236E-05  2.5467E-08  5.3829E-10
  2.6509E-07  3.4109E-04  1.9383E-05  3.1717E-08  8.4586E-10
  2.3315E-07  3.4334E-04  2.0491E-05  3.5668E-08  1.1432E-09
  1.8765E-07  3.4392E-04  2.1011E-05  3.8129E-08  1.4174E-09
  1.4821E-07  3.4344E-04  2.1048E-05  3.9046E-08  1.5739E-09
  1.1194E-07  3.4421E-04  2.0847E-05  3.9185E-08  1.6366E-09
  7.9069E-08  3.4112E-04  2.0078E-05  3.7971E-08  1.5673E-09
  4.9943E-08  3.3362E-04  1.8581E-05  3.5259E-08  1.3812E-09
  3.1375E-08  3.2247E-04  1.6622E-05  3.1623E-08  1.1511E-09
  1.8241E-08  3.0407E-04  1.3891E-05  2.6565E-08  8.7779E-10
  1.0686E-08  2.7938E-04  1.0931E-05  2.1162E-08  6.3558E-10
  1.0379E-07  4.9634E-05  7.6612E-08  6.4763E-11  7.9855E-13
  1.4231E-07  8.8114E-05  1.8035E-07  1.5313E-10  1.8965E-12
  1.7496E-07  1.3539E-04  4.3109E-07  3.6976E-10  4.6026E-12
  2.0408E-07  1.8073E-04  9.5214E-07  8.3218E-10  1.0477E-11
  2.3831E-07  2.3105E-04  2.2567E-06  2.0567E-09  2.6612E-11
  2.6543E-07  2.7060E-04  4.5910E-06  4.4916E-09  6.1128E-11
  2.8442E-07  3.0197E-04  8.4890E-06  9.3727E-09  1.4137E-10
  2.9001E-07  3.2033E-04  1.2470E-05  1.5736E-08  2.7467E-10
  2.8275E-07  3.3236E-04  1.6154E-05  2.3406E-08  5.0170E-10
  2.6344E-07  3.3847E-04  1.8482E-05  2.9554E-08  7.7448E-10
  2.2855E-07  3.4173E-04  1.9977E-05  3.4410E-08  1.0988E-09
  1.8691E-07  3.4244E-04  2.0576E-05  3.6987E-08  1.3522E-09
  1.3755E-07  3.4103E-04  2.0550E-05  3.7987E-08  1.5145E-09
  1.0693E-07  3.4085E-04  2.0302E-05  3.8065E-08  1.5700E-09
  7.4335E-08  3.3654E-04  1.9354E-05  3.6595E-08  1.4929E-09
  4.9052E-08  3.2740E-04  1.7756E-05  3.3725E-08  1.3123E-09
  2.9333E-08  3.1066E-04  1.5245E-05  2.9094E-08  1.0439E-09
  1.7612E-08  2.8746E-04  1.2371E-05  2.3812E-08  7.8191E-10
  3.6473E-08  1.3218E-05  2.1050E-08  1.8672E-11  2.5116E-13
  7.4471E-08  3.2162E-05  5.6946E-08  5.0590E-11  6.8108E-13
  1.2189E-07  6.8631E-05  1.5392E-07  1.3730E-10  1.8531E-12
  1.5773E-07  1.1131E-04  3.5154E-07  3.1603E-10  4.2897E-12
  1.9242E-07  1.6237E-04  8.4272E-07  7.7102E-10  1.0584E-11
  2.2518E-07  2.1094E-04  1.8580E-06  1.7555E-09  2.4629E-11
  2.5729E-07  2.5893E-04  4.1082E-06  4.1461E-09  6.1088E-11
  2.7679E-07  2.9187E-04  7.3986E-06  8.2205E-09  1.3157E-10
  2.8420E-07  3.1558E-04  1.1694E-05  1.4852E-08  2.7458E-10
  2.7750E-07  3.2854E-04  1.5214E-05  2.1812E-08  4.7960E-10
  2.5512E-07  3.3642E-04  1.7975E-05  2.8695E-08  7.7577E-10
  2.2175E-07  3.3976E-04  1.9457E-05  3.3279E-08  1.0672E-09
  1.7514E-07  3.4029E-04  2.0131E-05  3.6135E-08  1.3315E-09
  1.3040E-07  3.3812E-04  2.0005E-05  3.6878E-08  1.4603E-09
  9.4269E-08  3.3544E-04  1.9433E-05  3.6425E-08  1.4819E-09
  6.7904E-08  3.2928E-04  1.8341E-05  3.4668E-08  1.3908E-09
  4.3000E-08  3.1486E-04  1.6220E-05  3.0849E-08  1.1713E-09
  2.6627E-08  2.9331E-04  1.3535E-05  2.5928E-08  9.1365E-10
  9.4935E-09  3.3125E-06  6.2361E-09  5.7815E-12  8.4104E-14
  2.4292E-08  8.9452E-06  1.7333E-08  1.6077E-11  2.3389E-13
  5.8479E-08  2.4824E-05  5.2393E-08  4.8665E-11  7.0866E-13
  1.0190E-07  5.3488E-05  1.3415E-07  1.2502E-10  1.8245E-12
  1.4626E-07  9.8520E-05  3.4246E-07  3.2169E-10  4.7226E-12
  1.8127E-07  1.4604E-04  7.6964E-07  7.3388E-10  1.0883E-11
  2.1917E-07  2.0140E-04  1.8346E-06  1.8078E-09  2.7447E-11
  2.4994E-07  2.4817E-04  3.7957E-06  3.9533E-09  6.2660E-11
  2.7200E-07  2.8735E-04  7.2684E-06  8.3403E-09  1.4414E-10
  2.7824E-07  3.1100E-04  1.1129E-05  1.4305E-08  2.8014E-10
  2.6890E-07  3.2653E-04  1.4992E-05  2.1836E-08  5.1171E-10
  2.4569E-07  3.3417E-04  1.7531E-05  2.8044E-08  7.8459E-10
  2.0620E-07  3.3763E-04  1.9120E-05  3.2892E-08  1.0931E-09
  1.6243E-07  3.3723E-04  1.9606E-05  3.5195E-08  1.3087E-09
  1.1459E-07  3.3292E-04  1.9206E-05  3.5468E-08  1.4044E-09
  8.2499E-08  3.2759E-04  1.8324E-05  3.4349E-08  1.3754E-09
  5.6891E-08  3.1613E-04  1.6713E-05  3.1622E-08  1.2365E-09
  3.7117E-08  2.9669E-04  1.4357E-05  2.7362E-08  1.0136E-09
  2.2693E-09  8.3952E-07  2.0162E-09  1.9694E-12  3.1432E-14
  5.2137E-09  1.9454E-06  4.6979E-09  4.5893E-12  7.3228E-14
  1.4003E-08  5.3713E-06  1.3196E-08  1.2895E-11  2.0577E-13
  3.3775E-08  1.3916E-05  3.5724E-08  3.4940E-11  5.5787E-13
  7.3882E-08  3.5932E-05  1.0417E-07  1.0215E-10  1.6341E-12
  1.1825E-07  7.1101E-05  2.5736E-07  2.5381E-10  4.0786E-12
  1.6265E-07  1.2174E-04  6.4517E-07  6.4485E-10  1.0461E-11
  2.0051E-07  1.7389E-04  1.4456E-06  1.4807E-09  2.4469E-11
  2.3795E-07  2.3014E-04  3.2855E-06  3.5392E-09  6.0911E-11
  2.6135E-07  2.7173E-04  6.1428E-06  7.1333E-09  1.3143E-10
  2.7027E-07  3.0291E-04  1.0204E-05  1.3233E-08  2.7503E-10
  2.6193E-07  3.2009E-04  1.3822E-05  1.9955E-08  4.8096E-10
  2.3536E-07  3.3009E-04  1.6787E-05  2.6803E-08  7.7239E-10
  1.9805E-07  3.3337E-04  1.8319E-05  3.1275E-08  1.0429E-09
  1.4987E-07  3.3169E-04  1.8772E-05  3.3625E-08  1.2547E-09
  1.0735E-07  3.2512E-04  1.8164E-05  3.3420E-08  1.3094E-09
  7.0613E-08  3.1309E-04  1.6612E-05  3.1102E-08  1.2188E-09
  5.0379E-08  2.9674E-04  1.4803E-05  2.7979E-08  1.0720E-09
  9.5314E-10  3.7489E-07  1.1222E-09  1.1472E-12  1.9861E-14
  1.8849E-09  7.4483E-07  2.2336E-09  2.2834E-12  3.9524E-14
  4.2345E-09  1.6873E-06  5.0832E-09  5.1973E-12  8.9950E-14
  9.5704E-09  3.8761E-06  1.1804E-08  1.2072E-11  2.0895E-13
  2.4505E-08  1.0423E-05  3.2807E-08  3.3577E-11  5.8147E-13
  5.3582E-08  2.5372E-05  8.6405E-08  8.8606E-11  1.5367E-12
  1.0062E-07  5.8043E-05  2.3926E-07  2.4669E-10  4.2977E-12
  1.4501E-07  1.0216E-04  5.6779E-07  5.9187E-10  1.0397E-11
  1.9039E-07  1.6013E-04  1.3954E-06  1.4908E-09  2.6700E-11
  2.2731E-07  2.1441E-04  2.9834E-06  3.3236E-09  6.1674E-11
  2.5450E-07  2.6397E-04  5.9848E-06  7.1880E-09  1.4318E-10
  2.6226E-07  2.9534E-04  9.5998E-06  1.2650E-08  2.7938E-10
  2.5077E-07  3.1600E-04  1.3501E-05  1.9843E-08  5.0982E-10
  2.2348E-07  3.2538E-04  1.6151E-05  2.5883E-08  7.7293E-10
  1.8016E-07  3.2782E-04  1.7663E-05  3.0348E-08  1.0457E-09
  1.3610E-07  3.2364E-04  1.7780E-05  3.1846E-08  1.1966E-09
  9.2032E-08  3.1136E-04  1.6643E-05  3.0651E-08  1.1954E-09
  6.0611E-08  2.9295E-04  1.4662E-05  2.7420E-08  1.0567E-09
  4.2589E-10  1.7953E-07  6.8306E-10  7.3363E-13  1.3889E-14
  8.2574E-10  3.4887E-07  1.3284E-09  1.4267E-12  2.7009E-14
  1.6866E-09  7.1555E-07  2.7295E-09  2.9318E-12  5.5493E-14
  3.2901E-09  1.4048E-06  5.3764E-09  5.7753E-12  1.0931E-13
  7.1973E-09  3.1127E-06  1.2012E-08  1.2907E-11  2.4432E-13
  1.5623E-08  6.9345E-06  2.7269E-08  2.9315E-11  5.5512E-13
  3.7111E-08  1.7676E-05  7.3395E-08  7.9026E-11  1.4983E-12
  7.3199E-08  3.9765E-05  1.8603E-07  2.0108E-10  3.8257E-12
  1.2345E-07  8.1915E-05  4.9461E-07  5.3991E-10  1.0352E-11
  1.6920E-07  1.3361E-04  1.1496E-06  1.2788E-09  2.4911E-11
  2.1425E-07  1.9595E-04  2.7053E-06  3.1312E-09  6.3168E-11
  2.4254E-07  2.4628E-04  5.2356E-06  6.4350E-09  1.3762E-10
  2.5225E-07  2.8569E-04  9.0148E-06  1.2131E-08  2.8738E-10
  2.4060E-07  3.0720E-04  1.2523E-05  1.8472E-08  4.9598E-10
  2.0835E-07  3.1806E-04  1.5365E-05  2.4787E-08  7.7240E-10
  1.6743E-07  3.1855E-04  1.6571E-05  2.8412E-08  9.9429E-10
  1.2002E-07  3.0942E-04  1.6317E-05  2.9233E-08  1.1078E-09
  8.2297E-08  2.9146E-04  1.4814E-05  2.7195E-08  1.0555E-09
  1.8930E-10  8.4845E-08  3.9724E-10  4.4530E-13  9.1253E-15
  3.9865E-10  1.7886E-07  8.3779E-10  9.3918E-13  1.9244E-14
  8.4791E-10  3.8121E-07  1.7873E-09  2.0036E-12  4.1050E-14
  1.6321E-09  7.3620E-07  3.4575E-09  3.8762E-12  7.9409E-14
  3.3131E-09  1.5040E-06  7.0891E-09  7.9487E-12  1.6284E-13
  6.4251E-09  2.9472E-06  1.3988E-08  1.5687E-11  3.2142E-13
  1.3869E-08  6.5085E-06  3.1428E-08  3.5267E-11  7.2289E-13
  2.8985E-08  1.4251E-05  7.1497E-08  8.0333E-11  1.6484E-12
  6.1968E-08  3.3989E-05  1.8891E-07  2.1305E-10  4.3872E-12
  1.0622E-07  6.8271E-05  4.6052E-07  5.2370E-10  1.0858E-11
  1.5913E-07  1.2332E-04  1.1747E-06  1.3623E-09  2.8736E-11
  2.0320E-07  1.8163E-04  2.5853E-06  3.1028E-09  6.7558E-11
  2.3517E-07  2.3944E-04  5.3349E-06  6.8121E-09  1.5796E-10
  2.4206E-07  2.7718E-04  8.7144E-06  1.2020E-08  3.0495E-10
  2.2489E-07  3.0093E-04  1.2352E-05  1.8690E-08  5.3907E-10
  1.9149E-07  3.0889E-04  1.4626E-05  2.3843E-08  7.7713E-10
  1.4516E-07  3.0464E-04  1.5413E-05  2.6684E-08  9.6804E-10
  1.0369E-07  2.8925E-04  1.4582E-05  2.6158E-08  1.0024E-09
  7.6955E-11  3.6388E-08  2.0431E-10  2.3784E-13  5.2338E-15
  1.8153E-10  8.5879E-08  4.8231E-10  5.6144E-13  1.2354E-14
  4.2938E-10  2.0333E-07  1.1425E-09  1.3301E-12  2.9263E-14
  8.8055E-10  4.1772E-07  2.3496E-09  2.7353E-12  6.0176E-14
  1.8334E-09  8.7277E-07  4.9197E-09  5.7277E-12  1.2600E-13
  3.4870E-09  1.6696E-06  9.4462E-09  1.0999E-11  2.4197E-13
  7.0306E-09  3.4046E-06  1.9421E-08  2.2621E-11  4.9776E-13
  1.3574E-08  6.7044E-06  3.8851E-08  4.5279E-11  9.9683E-13
  2.8708E-08  1.4833E-05  8.9417E-08  1.0437E-10  2.3039E-12
  5.5886E-08  3.1419E-05  2.0597E-07  2.4127E-10  5.3366E-12
  1.0235E-07  6.7069E-05  5.3335E-07  6.3061E-10  1.4063E-11
  1.5186E-07  1.1702E-04  1.2486E-06  1.5038E-09  3.4111E-11
  2.0111E-07  1.8165E-04  2.9333E-06  3.6713E-09  8.6452E-11
  2.2813E-07  2.3465E-04  5.5594E-06  7.3606E-09  1.8406E-10
  2.2965E-07  2.7465E-04  9.1968E-06  1.3201E-08  3.6470E-10
  2.0739E-07  2.9331E-04  1.2185E-05  1.8901E-08  5.8319E-10
  1.6599E-07  2.9643E-04  1.4001E-05  2.3340E-08  8.0939E-10
  1.2343E-07  2.8489E-04  1.3952E-05  2.4370E-08  9.1268E-10
  2.9550E-11  1.4642E-08  9.6577E-11  1.1627E-13  2.7307E-15
  7.7235E-11  3.8277E-08  2.5250E-10  3.0399E-13  7.1388E-15
  2.0458E-10  1.0144E-07  6.6938E-10  8.0588E-13  1.8922E-14
  4.6233E-10  2.2946E-07  1.5151E-09  1.8240E-12  4.2825E-14
  1.0435E-09  5.1891E-07  3.4308E-09  4.1307E-12  9.6980E-14
  2.0670E-09  1.0314E-06  6.8351E-09  8.2304E-12  1.9323E-13
  4.1950E-09  2.1074E-06  1.4036E-08  1.6904E-11  3.9692E-13
  7.8709E-09  3.9981E-06  2.6863E-08  3.2366E-11  7.6021E-13
  1.5727E-08  8.1735E-06  5.6005E-08  6.7535E-11  1.5875E-12
  2.9911E-08  1.6195E-05  1.1532E-07  1.3930E-10  3.2824E-12
  5.9402E-08  3.5107E-05  2.7463E-07  3.3323E-10  7.8787E-12
  1.0149E-07  6.8297E-05  6.3607E-07  7.7929E-10  1.8589E-11
  1.5618E-07  1.2425E-04  1.5846E-06  1.9857E-09  4.8412E-11
  1.9963E-07  1.8361E-04  3.3599E-06  4.3724E-09  1.1082E-10
  2.2230E-07  2.3900E-04  6.4312E-06  8.9147E-09  2.4291E-10
  2.1466E-07  2.7085E-04  9.6141E-06  1.4307E-08  4.2704E-10
  1.8175E-07  2.8407E-04  1.2228E-05  1.9640E-08  6.5597E-10
  1.4068E-07  2.7810E-04  1.2983E-05  2.2042E-08  8.0446E-10
