T(K)  p(mbar)  mu(amu)  mean cp(kJ/kg/K)
       75.000000    0.0010000000       2.3425806       12.926409
       75.000000    0.0030000000       2.3425805       12.926409
       75.000000     0.010000000       2.3425805       12.926409
       75.000000     0.030000000       2.3425805       12.926409
       75.000000      0.10000000       2.3425805       12.926409
       75.000000      0.30000000       2.3425805       12.926409
       75.000000       1.0000000       2.3425805       12.926409
       75.000000       3.0000000       2.3425805       12.926409
       75.000000       10.000000       2.3425805       12.926409
       75.000000       30.000000       2.3425805       12.926409
       75.000000       100.00000       2.3425805       12.926409
       75.000000       300.00000       2.3425805       12.926409
       75.000000       1000.0000       2.3425805       12.926409
       75.000000       3000.0000       2.3425805       12.926409
       75.000000       10000.000       2.3425805       12.926409
       100.00000    0.0010000000       2.3450382       12.441592
       100.00000    0.0030000000       2.3450382       12.441592
       100.00000     0.010000000       2.3444847       12.441592
       100.00000     0.030000000       2.3432959       12.441592
       100.00000      0.10000000       2.3428798       12.441592
       100.00000      0.30000000       2.3427609       12.441592
       100.00000       1.0000000       2.3427193       12.441592
       100.00000       3.0000000       2.3427074       12.441592
       100.00000       10.000000       2.3427032       12.441592
       100.00000       30.000000       2.3427020       12.441592
       100.00000       100.00000       2.3427016       12.441592
       100.00000       300.00000       2.3427015       12.441592
       100.00000       1000.0000       2.3427015       12.441592
       100.00000       3000.0000       2.3427015       12.441592
       100.00000       10000.000       2.3427015       12.441592
       100.00000       30000.000       2.3427015       12.441592
       110.00000    0.0010000000       2.3450384       12.381044
       110.00000    0.0030000000       2.3450383       12.381044
       110.00000     0.010000000       2.3450382       12.381044
       110.00000     0.030000000       2.3450382       12.381044
       110.00000      0.10000000       2.3450382       12.381044
       110.00000      0.30000000       2.3443524       12.381044
       110.00000       1.0000000       2.3431968       12.381044
       110.00000       3.0000000       2.3428666       12.381044
       110.00000       10.000000       2.3427510       12.381044
       110.00000       30.000000       2.3427180       12.381044
       110.00000       100.00000       2.3427064       12.381044
       110.00000       300.00000       2.3427031       12.381044
       110.00000       1000.0000       2.3427020       12.381044
       110.00000       3000.0000       2.3427016       12.381044
       110.00000       10000.000       2.3427015       12.381044
       110.00000       30000.000       2.3427015       12.381044
       110.00000       100000.00       2.3427015       12.381044
       120.00000    0.0010000000       2.3450492       12.382422
       120.00000    0.0030000000       2.3450419       12.382422
       120.00000     0.010000000       2.3450393       12.382423
       120.00000     0.030000000       2.3450386       12.382423
       120.00000      0.10000000       2.3450383       12.382423
       120.00000      0.30000000       2.3450382       12.382423
       120.00000       1.0000000       2.3450382       12.382423
       120.00000       3.0000000       2.3450382       12.382423
       120.00000       10.000000       2.3434919       12.382423
       120.00000       30.000000       2.3429650       12.382423
       120.00000       100.00000       2.3427805       12.382423
       120.00000       300.00000       2.3427278       12.382423
       120.00000       1000.0000       2.3427094       12.382423
       120.00000       3000.0000       2.3427041       12.382423
       120.00000       10000.000       2.3427022       12.382423
       120.00000       30000.000       2.3427017       12.382423
       120.00000       100000.00       2.3427015       12.382423
       130.00000    0.0010000000       2.3454244       12.436189
       130.00000    0.0030000000       2.3451669       12.436196
       130.00000     0.010000000       2.3450768       12.436199
       130.00000     0.030000000       2.3450511       12.436199
       130.00000      0.10000000       2.3450421       12.436200
       130.00000      0.30000000       2.3450395       12.436200
       130.00000       1.0000000       2.3450386       12.436200
       130.00000       3.0000000       2.3450383       12.436200
       130.00000       10.000000       2.3450383       12.436200
       130.00000       30.000000       2.3450382       12.436200
       130.00000       100.00000       2.3435253       12.436200
       130.00000       300.00000       2.3429761       12.436200
       130.00000       1000.0000       2.3427838       12.436200
       130.00000       3000.0000       2.3427289       12.436200
       130.00000       10000.000       2.3427097       12.436200
       130.00000       30000.000       2.3427042       12.436200
       130.00000       100000.00       2.3427023       12.436200
       140.00000    0.0010000000       2.3459555       12.532523
       140.00000    0.0030000000       2.3459210       12.532740
       140.00000     0.010000000       2.3458556       12.532816
       140.00000     0.030000000       2.3453107       12.532838
       140.00000      0.10000000       2.3451199       12.532845
       140.00000      0.30000000       2.3450655       12.532848
       140.00000       1.0000000       2.3450464       12.532848
       140.00000       3.0000000       2.3450409       12.532849
       140.00000       10.000000       2.3450390       12.532849
       140.00000       30.000000       2.3450385       12.532849
       140.00000       100.00000       2.3450383       12.532849
       140.00000       300.00000       2.3447491       12.532849
       140.00000       1000.0000       2.3433158       12.532849
       140.00000       3000.0000       2.3429062       12.532849
       140.00000       10000.000       2.3427629       12.532849
       140.00000       30000.000       2.3427219       12.532849
       140.00000       100000.00       2.3427076       12.532849
       150.00000    0.0010000000       2.3468835       12.656609
       150.00000    0.0030000000       2.3462303       12.660764
       150.00000     0.010000000       2.3460017       12.662219
       150.00000     0.030000000       2.3459364       12.662634
       150.00000      0.10000000       2.3459135       12.662780
       150.00000      0.30000000       2.3454223       12.662821
       150.00000       1.0000000       2.3451534       12.662836
       150.00000       3.0000000       2.3450766       12.662840
       150.00000       10.000000       2.3450497       12.662842
       150.00000       30.000000       2.3450421       12.662842
       150.00000       100.00000       2.3450394       12.662842
       150.00000       300.00000       2.3450386       12.662842
       150.00000       1000.0000       2.3450383       12.662842
       150.00000       3000.0000       2.3438695       12.662842
       150.00000       10000.000       2.3430519       12.662842
       150.00000       30000.000       2.3428183       12.662842
       150.00000       100000.00       2.3427365       12.662842
       160.00000    0.0010000000       2.3587551       12.734441
       160.00000    0.0030000000       2.3502010       12.789112
       160.00000     0.010000000       2.3472071       12.808377
       160.00000     0.030000000       2.3463514       12.813894
       160.00000      0.10000000       2.3460524       12.815824
       160.00000      0.30000000       2.3459465       12.816377
       160.00000       1.0000000       2.3459165       12.816570
       160.00000       3.0000000       2.3454274       12.816626
       160.00000       10.000000       2.3451550       12.816645
       160.00000       30.000000       2.3450771       12.816650
       160.00000       100.00000       2.3450499       12.816652
       160.00000       300.00000       2.3450421       12.816653
       160.00000       1000.0000       2.3450394       12.816653
       160.00000       3000.0000       2.3450386       12.816653
       160.00000       10000.000       2.3443094       12.816653
       160.00000       30000.000       2.3432374       12.816653
       160.00000       100000.00       2.3428622       12.816653
       170.00000    0.0010000000       2.3606845       12.888834
       170.00000    0.0030000000       2.3606846       12.888832
       170.00000     0.010000000       2.3583401       12.903958
       170.00000     0.030000000       2.3500626       12.957692
       170.00000      0.10000000       2.3471656       12.976623
       170.00000      0.30000000       2.3463379       12.982044
       170.00000       1.0000000       2.3460282       12.983942
       170.00000       3.0000000       2.3459652       12.984484
       170.00000       10.000000       2.3459161       12.984673
       170.00000       30.000000       2.3453387       12.984727
       170.00000       100.00000       2.3451284       12.984746
       170.00000       300.00000       2.3450683       12.984752
       170.00000       1000.0000       2.3450472       12.984754
       170.00000       3000.0000       2.3450412       12.984754
       170.00000       10000.000       2.3450391       12.984754
       170.00000       30000.000       2.3447573       12.984754
       170.00000       100000.00       2.3433182       12.984754
       180.00000    0.0010000000       2.3606643       13.060202
       180.00000    0.0030000000       2.3606643       13.060202
       180.00000     0.010000000       2.3606643       13.060202
       180.00000     0.030000000       2.3606643       13.060202
       180.00000      0.10000000       2.3552404       13.095802
       180.00000      0.30000000       2.3490159       13.136939
       180.00000       1.0000000       2.3468375       13.151407
       180.00000       3.0000000       2.3462150       13.155548
       180.00000       10.000000       2.3459772       13.156998
       180.00000       30.000000       2.3459145       13.157412
       180.00000       100.00000       2.3455733       13.157555
       180.00000       300.00000       2.3452032       13.157596
       180.00000       1000.0000       2.3450737       13.157611
       180.00000       3000.0000       2.3450367       13.157615
       180.00000       10000.000       2.3450238       13.157616
       180.00000       30000.000       2.3450201       13.157617
       180.00000       100000.00       2.3447190       13.157617
       190.00000    0.0010000000       2.3606442       13.226847
       190.00000    0.0030000000       2.3606441       13.226847
       190.00000     0.010000000       2.3606441       13.226847
       190.00000     0.030000000       2.3606441       13.226847
       190.00000      0.10000000       2.3606441       13.226847
       190.00000      0.30000000       2.3606441       13.226848
       190.00000       1.0000000       2.3515612       13.287486
       190.00000       3.0000000       2.3477762       13.312947
       190.00000       10.000000       2.3464314       13.321884
       190.00000       30.000000       2.3460525       13.324441
       190.00000       100.00000       2.3459000       13.325334
       190.00000       300.00000       2.3458621       13.325590
       190.00000       1000.0000       2.3452601       13.325680
       190.00000       3000.0000       2.3450719       13.325707
       190.00000       10000.000       2.3450060       13.325714
       190.00000       30000.000       2.3449871       13.325716
       190.00000       100000.00       2.3449806       13.325717
       200.00000    0.0010000000       2.3606442       13.379326
       200.00000    0.0030000000       2.3606441       13.379326
       200.00000     0.010000000       2.3606441       13.379326
       200.00000     0.030000000       2.3606441       13.379326
       200.00000      0.10000000       2.3606441       13.379326
       200.00000      0.30000000       2.3606441       13.379327
       200.00000       1.0000000       2.3606441       13.379328
       200.00000       3.0000000       2.3554914       13.414113
       200.00000       10.000000       2.3487459       13.459827
       200.00000       30.000000       2.3468240       13.472957
       200.00000       100.00000       2.3461314       13.477556
       200.00000       300.00000       2.3459393       13.478871
       200.00000       1000.0000       2.3458721       13.479333
       200.00000       3000.0000       2.3453849       13.479473
       200.00000       10000.000       2.3450999       13.479510
       200.00000       30000.000       2.3450185       13.479521
       200.00000       100000.00       2.3449900       13.479525
       210.00000    0.0010000000       2.3606440       13.510687
       210.00000    0.0030000000       2.3606442       13.510689
       210.00000     0.010000000       2.3606441       13.510690
       210.00000     0.030000000       2.3606441       13.510690
       210.00000      0.10000000       2.3606439       13.510691
       210.00000      0.30000000       2.3606441       13.510691
       210.00000       1.0000000       2.3606441       13.510692
       210.00000       3.0000000       2.3606443       13.510696
       210.00000       10.000000       2.3583984       13.525870
       210.00000       30.000000       2.3500218       13.583189
       210.00000       100.00000       2.3470967       13.603372
       210.00000       300.00000       2.3462610       13.609155
       210.00000       1000.0000       2.3459686       13.611185
       210.00000       3000.0000       2.3458850       13.611800
       210.00000       10000.000       2.3454376       13.611966
       210.00000       30000.000       2.3451310       13.612012
       210.00000       100000.00       2.3450237       13.612028
       220.00000    0.0010000000       2.3606231       13.623944
       220.00000    0.0030000000       2.3606238       13.623972
       220.00000     0.010000000       2.3606441       13.623976
       220.00000     0.030000000       2.3606441       13.623976
       220.00000      0.10000000       2.3606441       13.623976
       220.00000      0.30000000       2.3606441       13.623977
       220.00000       1.0000000       2.3606441       13.623978
       220.00000       3.0000000       2.3606443       13.623982
       220.00000       10.000000       2.3606242       13.623988
       220.00000       30.000000       2.3606045       13.624041
       220.00000       100.00000       2.3506126       13.693094
       220.00000       300.00000       2.3474330       13.715249
       220.00000       1000.0000       2.3463202       13.723044
       220.00000       3000.0000       2.3460022       13.725405
       220.00000       10000.000       2.3458909       13.726041
       220.00000       30000.000       2.3454895       13.726220
       220.00000       100000.00       2.3451313       13.726283
       230.00000    0.0010000000       2.3605966       13.724335
       230.00000    0.0030000000       2.3606232       13.724547
       230.00000     0.010000000       2.3606240       13.724572
       230.00000     0.030000000       2.3606440       13.724578
       230.00000      0.10000000       2.3606441       13.724577
       230.00000      0.30000000       2.3606441       13.724577
       230.00000       1.0000000       2.3606441       13.724578
       230.00000       3.0000000       2.3606443       13.724583
       230.00000       10.000000       2.3606243       13.724587
       230.00000       30.000000       2.3606043       13.724644
       230.00000       100.00000       2.3606244       13.724712
       230.00000       300.00000       2.3512285       13.790084
       230.00000       1000.0000       2.3474588       13.816637
       230.00000       3000.0000       2.3463818       13.824693
       230.00000       10000.000       2.3460048       13.826870
       230.00000       30000.000       2.3458971       13.827482
       230.00000       100000.00       2.3454396       13.827696
       240.00000    0.0010000000       2.3605619       13.813188
       240.00000    0.0030000000       2.3605983       13.814407
       240.00000     0.010000000       2.3606236       13.814579
       240.00000     0.030000000       2.3606237       13.814595
       240.00000      0.10000000       2.3606238       13.814597
       240.00000      0.30000000       2.3606441       13.814599
       240.00000       1.0000000       2.3606441       13.814600
       240.00000       3.0000000       2.3606443       13.814604
       240.00000       10.000000       2.3606243       13.814609
       240.00000       30.000000       2.3606043       13.814665
       240.00000       100.00000       2.3606242       13.814734
       240.00000       300.00000       2.3606040       13.815033
       240.00000       1000.0000       2.3507870       13.884277
       240.00000       3000.0000       2.3474912       13.909041
       240.00000       10000.000       2.3463376       13.915759
       240.00000       30000.000       2.3460080       13.917649
       240.00000       100000.00       2.3458927       13.918310
       250.00000    0.0010000000       2.3604428       13.888144
       250.00000    0.0030000000       2.3605534       13.891850
       250.00000     0.010000000       2.3606007       13.892753
       250.00000     0.030000000       2.3606032       13.892846
       250.00000      0.10000000       2.3606239       13.892856
       250.00000      0.30000000       2.3606240       13.892858
       250.00000       1.0000000       2.3606441       13.892861
       250.00000       3.0000000       2.3606441       13.892866
       250.00000       10.000000       2.3606243       13.892870
       250.00000       30.000000       2.3606045       13.892924
       250.00000       100.00000       2.3606244       13.892994
       250.00000       300.00000       2.3606042       13.893293
       250.00000       1000.0000       2.3596764       13.901374
       250.00000       3000.0000       2.3504543       13.970640
       250.00000       10000.000       2.3472265       13.989545
       250.00000       30000.000       2.3463043       13.994871
       250.00000       100000.00       2.3459816       13.996736
       260.00000    0.0010000000       2.3603074       13.950263
       260.00000    0.0030000000       2.3604584       13.955326
       260.00000     0.010000000       2.3605679       13.958329
       260.00000     0.030000000       2.3606016       13.958785
       260.00000      0.10000000       2.3606033       13.958841
       260.00000      0.30000000       2.3606238       13.958847
       260.00000       1.0000000       2.3606240       13.958848
       260.00000       3.0000000       2.3606239       13.958853
       260.00000       10.000000       2.3606243       13.958858
       260.00000       30.000000       2.3606245       13.958916
       260.00000       100.00000       2.3606244       13.958983
       260.00000       300.00000       2.3606042       13.959282
       260.00000       1000.0000       2.3606042       13.960969
       260.00000       3000.0000       2.3577636       13.994400
       260.00000       10000.000       2.3494193       14.043326
       260.00000       30000.000       2.3470353       14.057166
       260.00000       100000.00       2.3462008       14.062016
       260.00000       300000.00       2.3459624       14.063404
       270.00000    0.0010000000       2.3601666       14.004684
       270.00000    0.0030000000       2.3603557       14.008133
       270.00000     0.010000000       2.3605242       14.013343
       270.00000     0.030000000       2.3605747       14.015019
       270.00000      0.10000000       2.3605826       14.015271
       270.00000      0.30000000       2.3606037       14.015296
       270.00000       1.0000000       2.3606240       14.015300
       270.00000       3.0000000       2.3606240       14.015306
       270.00000       10.000000       2.3606243       14.015311
       270.00000       30.000000       2.3606245       14.015369
       270.00000       100.00000       2.3606242       14.015436
       270.00000       300.00000       2.3606040       14.015735
       270.00000       1000.0000       2.3606042       14.017422
       270.00000       3000.0000       2.3606042       14.034385
       270.00000       10000.000       2.3544599       14.070847
       270.00000       30000.000       2.3487154       14.104255
       270.00000       100000.00       2.3467049       14.115994
       270.00000       300000.00       2.3461304       14.119355
       275.00000    0.0010000000       2.3600077       14.030376
       275.00000    0.0030000000       2.3602852       14.032353
       275.00000     0.010000000       2.3604637       14.037795
       275.00000     0.030000000       2.3605456       14.040497
       275.00000      0.10000000       2.3605816       14.041002
       275.00000      0.30000000       2.3606034       14.041052
       275.00000       1.0000000       2.3606238       14.041059
       275.00000       3.0000000       2.3606240       14.041064
       275.00000       10.000000       2.3606241       14.041071
       275.00000       30.000000       2.3606243       14.041129
       275.00000       100.00000       2.3606242       14.041195
       275.00000       300.00000       2.3606042       14.041493
       275.00000       1000.0000       2.3606040       14.043182
       275.00000       3000.0000       2.3606042       14.060144
       275.00000       10000.000       2.3587989       14.071547
       275.00000       30000.000       2.3501618       14.121737
       275.00000       100000.00       2.3471388       14.139416
       275.00000       300000.00       2.3462751       14.144480
       280.00000    0.0010000000       2.3598816       14.055401
       280.00000    0.0030000000       2.3602223       14.055863
       280.00000     0.010000000       2.3604112       14.060804
       280.00000     0.030000000       2.3605299       14.064601
       280.00000      0.10000000       2.3605797       14.065549
       280.00000      0.30000000       2.3605827       14.065646
       280.00000       1.0000000       2.3606036       14.065657
       280.00000       3.0000000       2.3606238       14.065665
       280.00000       10.000000       2.3606239       14.065672
       280.00000       30.000000       2.3606041       14.065725
       280.00000       100.00000       2.3606243       14.065793
       280.00000       300.00000       2.3606042       14.066092
       280.00000       1000.0000       2.3606042       14.067780
       280.00000       3000.0000       2.3606042       14.084744
       280.00000       10000.000       2.3606042       14.085719
       280.00000       30000.000       2.3518989       14.136326
       280.00000       100000.00       2.3476599       14.161144
       280.00000       300000.00       2.3464488       14.168260
       290.00000    0.0010000000       2.3596203       14.101621
       290.00000    0.0030000000       2.3599719       14.100635
       290.00000     0.010000000       2.3602862       14.102971
       290.00000     0.030000000       2.3604489       14.107959
       290.00000      0.10000000       2.3605490       14.110550
       290.00000      0.30000000       2.3605810       14.110905
       290.00000       1.0000000       2.3605828       14.110946
       290.00000       3.0000000       2.3606035       14.110955
       290.00000       10.000000       2.3606237       14.110963
       290.00000       30.000000       2.3606039       14.111017
       290.00000       100.00000       2.3606242       14.111085
       290.00000       300.00000       2.3606040       14.111384
       290.00000       1000.0000       2.3606042       14.113070
       290.00000       3000.0000       2.3606040       14.130035
       290.00000       10000.000       2.3606040       14.131011
       290.00000       30000.000       2.3573413       14.149997
       290.00000       100000.00       2.3492926       14.197140
       290.00000       300000.00       2.3469930       14.210696
       300.00000    0.0010000000       2.3607960       14.135630
       300.00000    0.0030000000       2.3608001       14.136479
       300.00000     0.010000000       2.3608537       14.139065
       300.00000     0.030000000       2.3609700       14.143866
       300.00000      0.10000000       2.3610837       14.148589
       300.00000      0.30000000       2.3610970       14.149700
       300.00000       1.0000000       2.3611031       14.149841
       300.00000       3.0000000       2.3611042       14.149856
       300.00000       10.000000       2.3611044       14.149863
       300.00000       30.000000       2.3611045       14.149920
       300.00000       100.00000       2.3611045       14.149991
       300.00000       300.00000       2.3611045       14.150292
       300.00000       1000.0000       2.3611047       14.151977
       300.00000       3000.0000       2.3611047       14.168932
       300.00000       10000.000       2.3611047       14.169907
       300.00000       30000.000       2.3611047       14.169896
       300.00000       100000.00       2.3526226       14.219553
       300.00000       300000.00       2.3484389       14.244249
       310.00000    0.0010000000       2.3607906       14.166938
       310.00000    0.0030000000       2.3608041       14.167422
       310.00000     0.010000000       2.3608286       14.168986
       310.00000     0.030000000       2.3609082       14.172517
       310.00000      0.10000000       2.3610509       14.178262
       310.00000      0.30000000       2.3610854       14.180891
       310.00000       1.0000000       2.3610999       14.181363
       310.00000       3.0000000       2.3611030       14.181401
       310.00000       10.000000       2.3611040       14.181407
       310.00000       30.000000       2.3611043       14.181463
       310.00000       100.00000       2.3611045       14.181533
       310.00000       300.00000       2.3611045       14.181833
       310.00000       1000.0000       2.3611045       14.183520
       310.00000       3000.0000       2.3611047       14.200473
       310.00000       10000.000       2.3611047       14.201448
       310.00000       30000.000       2.3611047       14.201437
       310.00000       100000.00       2.3573314       14.223456
       310.00000       300000.00       2.3500085       14.266659
       320.00000    0.0010000000       2.3607874       14.192878
       320.00000    0.0030000000       2.3607953       14.193159
       320.00000     0.010000000       2.3608018       14.194096
       320.00000     0.030000000       2.3608482       14.196443
       320.00000      0.10000000       2.3609766       14.201691
       320.00000      0.30000000       2.3610799       14.206067
       320.00000       1.0000000       2.3610959       14.207342
       320.00000       3.0000000       2.3611001       14.207482
       320.00000       10.000000       2.3611029       14.207489
       320.00000       30.000000       2.3611038       14.207541
       320.00000       100.00000       2.3611043       14.207609
       320.00000       300.00000       2.3611045       14.207908
       320.00000       1000.0000       2.3611045       14.209595
       320.00000       3000.0000       2.3611045       14.226549
       320.00000       10000.000       2.3611047       14.227523
       320.00000       30000.000       2.3611047       14.227512
       320.00000       100000.00       2.3611047       14.227369
       320.00000       300000.00       2.3525355       14.277824
       330.00000    0.0010000000       2.3607858       14.215820
       330.00000    0.0030000000       2.3607904       14.215987
       330.00000     0.010000000       2.3608064       14.216556
       330.00000     0.030000000       2.3608290       14.218055
       330.00000      0.10000000       2.3609229       14.222092
       330.00000      0.30000000       2.3610518       14.227382
       330.00000       1.0000000       2.3610883       14.230092
       330.00000       3.0000000       2.3610989       14.230478
       330.00000       10.000000       2.3611003       14.230530
       330.00000       30.000000       2.3611026       14.230576
       330.00000       100.00000       2.3611038       14.230639
       330.00000       300.00000       2.3611043       14.230936
       330.00000       1000.0000       2.3611045       14.232621
       330.00000       3000.0000       2.3611045       14.249575
       330.00000       10000.000       2.3611045       14.250550
       330.00000       30000.000       2.3611047       14.250538
       330.00000       100000.00       2.3611047       14.250395
       330.00000       300000.00       2.3564793       14.277465
       340.00000    0.0010000000       2.3607848       14.236524
       340.00000    0.0030000000       2.3607877       14.236626
       340.00000     0.010000000       2.3607975       14.236977
       340.00000     0.030000000       2.3608043       14.237929
       340.00000      0.10000000       2.3608846       14.240776
       340.00000      0.30000000       2.3609864       14.245801
       340.00000       1.0000000       2.3610902       14.250215
       340.00000       3.0000000       2.3610965       14.251153
       340.00000       10.000000       2.3610999       14.251284
       340.00000       30.000000       2.3611002       14.251352
       340.00000       100.00000       2.3611025       14.251408
       340.00000       300.00000       2.3611038       14.251700
       340.00000       1000.0000       2.3611043       14.253382
       340.00000       3000.0000       2.3611045       14.270336
       340.00000       10000.000       2.3611045       14.271310
       340.00000       30000.000       2.3611045       14.271299
       340.00000       100000.00       2.3611047       14.271155
       340.00000       300000.00       2.3611047       14.270801
       350.00000    0.0010000000       2.3607843       14.254129
       350.00000    0.0030000000       2.3607861       14.254193
       350.00000     0.010000000       2.3607922       14.254413
       350.00000     0.030000000       2.3608095       14.255023
       350.00000      0.10000000       2.3608441       14.256957
       350.00000      0.30000000       2.3609392       14.261056
       350.00000       1.0000000       2.3610556       14.266629
       350.00000       3.0000000       2.3610907       14.268590
       350.00000       10.000000       2.3610994       14.268907
       350.00000       30.000000       2.3611001       14.268994
       350.00000       100.00000       2.3611002       14.269068
       350.00000       300.00000       2.3611025       14.269352
       350.00000       1000.0000       2.3611038       14.271030
       350.00000       3000.0000       2.3611043       14.287980
       350.00000       10000.000       2.3611045       14.288954
       350.00000       30000.000       2.3611045       14.288943
       350.00000       100000.00       2.3611045       14.288800
       350.00000       300000.00       2.3611047       14.288444
       375.00000    0.0010000000       2.3607837       14.284031
       375.00000    0.0030000000       2.3607843       14.284052
       375.00000     0.010000000       2.3607864       14.284128
       375.00000     0.030000000       2.3607923       14.284341
       375.00000      0.10000000       2.3608127       14.285062
       375.00000      0.30000000       2.3608450       14.286926
       375.00000       1.0000000       2.3609558       14.291584
       375.00000       3.0000000       2.3610571       14.296633
       375.00000       10.000000       2.3610927       14.298622
       375.00000       30.000000       2.3610994       14.298920
       375.00000       100.00000       2.3611002       14.299019
       375.00000       300.00000       2.3611002       14.299317
       375.00000       1000.0000       2.3611002       14.300974
       375.00000       3000.0000       2.3611022       14.317572
       375.00000       10000.000       2.3611036       14.318593
       375.00000       30000.000       2.3611042       14.318922
       375.00000       100000.00       2.3611045       14.318789
       375.00000       300000.00       2.3611045       14.318428
       400.00000    0.0010000000       2.3607825       14.304232
       400.00000    0.0030000000       2.3607827       14.304240
       400.00000     0.010000000       2.3607835       14.304269
       400.00000     0.030000000       2.3607858       14.304352
       400.00000      0.10000000       2.3607937       14.304637
       400.00000      0.30000000       2.3608156       14.305423
       400.00000       1.0000000       2.3608432       14.307836
       400.00000       3.0000000       2.3609543       14.312512
       400.00000       10.000000       2.3610760       14.317577
       400.00000       30.000000       2.3610935       14.318957
       400.00000       100.00000       2.3610987       14.319201
       400.00000       300.00000       2.3610990       14.319452
       400.00000       1000.0000       2.3610991       14.320722
       400.00000       3000.0000       2.3610991       14.332901
       400.00000       10000.000       2.3610991       14.334647
       400.00000       30000.000       2.3610991       14.339456
       400.00000       100000.00       2.3610991       14.339495
       400.00000       300000.00       2.3610991       14.339032
       425.00000    0.0010000000       2.3607824       14.317264
       425.00000    0.0030000000       2.3607825       14.317269
       425.00000     0.010000000       2.3607830       14.317280
       425.00000     0.030000000       2.3607839       14.317315
       425.00000      0.10000000       2.3607874       14.317438
       425.00000      0.30000000       2.3607970       14.317784
       425.00000       1.0000000       2.3608091       14.318925
       425.00000       3.0000000       2.3608865       14.321699
       425.00000       10.000000       2.3609837       14.327325
       425.00000       30.000000       2.3610907       14.331175
       425.00000       100.00000       2.3610962       14.332133
       425.00000       300.00000       2.3610989       14.332403
       425.00000       1000.0000       2.3610991       14.333307
       425.00000       3000.0000       2.3610991       14.341335
       425.00000       10000.000       2.3610991       14.343785
       425.00000       30000.000       2.3610991       14.352769
       425.00000       100000.00       2.3610991       14.352976
       425.00000       300000.00       2.3610991       14.352409
       450.00000    0.0010000000       2.3607799       14.324957
       450.00000    0.0030000000       2.3607821       14.324949
       450.00000     0.010000000       2.3607824       14.324954
       450.00000     0.030000000       2.3607830       14.324969
       450.00000      0.10000000       2.3607846       14.325027
       450.00000      0.30000000       2.3607891       14.325189
       450.00000       1.0000000       2.3608044       14.325745
       450.00000       3.0000000       2.3608257       14.327212
       450.00000       10.000000       2.3609171       14.331193
       450.00000       30.000000       2.3610464       14.336561
       450.00000       100.00000       2.3610862       14.339436
       450.00000       300.00000       2.3610976       14.339967
       450.00000       1000.0000       2.3610991       14.340549
       450.00000       3000.0000       2.3610992       14.344675
       450.00000       10000.000       2.3610991       14.347809
       450.00000       30000.000       2.3610991       14.360708
       450.00000       100000.00       2.3610991       14.361080
       450.00000       300000.00       2.3610991       14.360409
       475.00000    0.0010000000       2.3607509       14.330231
       475.00000    0.0030000000       2.3607766       14.329989
       475.00000     0.010000000       2.3607818       14.329965
       475.00000     0.030000000       2.3607825       14.329972
       475.00000      0.10000000       2.3607835       14.329999
       475.00000      0.30000000       2.3607858       14.330081
       475.00000       1.0000000       2.3607936       14.330363
       475.00000       3.0000000       2.3608152       14.331142
       475.00000       10.000000       2.3608423       14.333535
       475.00000       30.000000       2.3609526       14.338205
       475.00000       100.00000       2.3610753       14.343321
       475.00000       300.00000       2.3610933       14.344768
       475.00000       1000.0000       2.3610986       14.345305
       475.00000       3000.0000       2.3610991       14.347456
       475.00000       10000.000       2.3610991       14.350581
       475.00000       30000.000       2.3610991       14.363670
       475.00000       100000.00       2.3610991       14.367079
       475.00000       300000.00       2.3610991       14.366353
       500.00000    0.0010000000       2.3605215       14.337033
       500.00000    0.0030000000       2.3607566       14.336021
       500.00000     0.010000000       2.3607781       14.335880
       500.00000     0.030000000       2.3607819       14.335873
       500.00000      0.10000000       2.3607828       14.335886
       500.00000      0.30000000       2.3607842       14.335928
       500.00000       1.0000000       2.3607884       14.336080
       500.00000       3.0000000       2.3608003       14.336506
       500.00000       10.000000       2.3608192       14.337896
       500.00000       30.000000       2.3609098       14.341146
       500.00000       100.00000       2.3610321       14.346961
       500.00000       300.00000       2.3610997       14.350144
       500.00000       1000.0000       2.3610973       14.350964
       500.00000       3000.0000       2.3610989       14.351606
       500.00000       10000.000       2.3610992       14.354588
       500.00000       30000.000       2.3610991       14.367181
       500.00000       100000.00       2.3610991       14.374193
       500.00000       300000.00       2.3610991       14.373265
       575.00000    0.0010000000       2.3586197       14.375797
       575.00000    0.0030000000       2.3588941       14.374790
       575.00000     0.010000000       2.3597913       14.371299
       575.00000     0.030000000       2.3605402       14.368314
       575.00000      0.10000000       2.3607704       14.367502
       575.00000      0.30000000       2.3607790       14.367424
       575.00000       1.0000000       2.3607832       14.367445
       575.00000       3.0000000       2.3607859       14.367535
       575.00000       10.000000       2.3607947       14.367843
       575.00000       30.000000       2.3608184       14.368694
       575.00000       100.00000       2.3608503       14.371277
       575.00000       300.00000       2.3609654       14.376136
       575.00000       1000.0000       2.3610812       14.381090
       575.00000       3000.0000       2.3610942       14.382548
       575.00000       10000.000       2.3610987       14.383923
       575.00000       30000.000       2.3610992       14.388655
       575.00000       100000.00       2.3610991       14.409403
       575.00000       300000.00       2.3610991       14.425135
       650.00000    0.0010000000       2.3585960       14.405564
       650.00000    0.0030000000       2.3585954       14.405560
       650.00000     0.010000000       2.3586022       14.405485
       650.00000     0.030000000       2.3587637       14.404964
       650.00000      0.10000000       2.3595042       14.402527
       650.00000      0.30000000       2.3603845       14.399513
       650.00000       1.0000000       2.3607440       14.398380
       650.00000       3.0000000       2.3607766       14.398272
       650.00000       10.000000       2.3607853       14.398347
       650.00000       30.000000       2.3607930       14.398603
       650.00000       100.00000       2.3608168       14.399465
       650.00000       300.00000       2.3608576       14.401649
       650.00000       1000.0000       2.3609595       14.406783
       650.00000       3000.0000       2.3610711       14.411632
       650.00000       10000.000       2.3610939       14.413710
       650.00000       30000.000       2.3610985       14.415811
       650.00000       100000.00       2.3610992       14.430944
       650.00000       300000.00       2.3610991       14.523572
       725.00000    0.0010000000       2.3587231       14.458096
       725.00000    0.0030000000       2.3587231       14.458096
       725.00000     0.010000000       2.3586702       14.458097
       725.00000     0.030000000       2.3586245       14.458089
       725.00000      0.10000000       2.3586272       14.457998
       725.00000      0.30000000       2.3588584       14.457392
       725.00000       1.0000000       2.3596800       14.455010
       725.00000       3.0000000       2.3605008       14.452681
       725.00000       10.000000       2.3607642       14.452003
       725.00000       30.000000       2.3607818       14.452021
       725.00000       100.00000       2.3607948       14.452342
       725.00000       300.00000       2.3608001       14.453238
       725.00000       1000.0000       2.3608554       14.455967
       725.00000       3000.0000       2.3609729       14.461001
       725.00000       10000.000       2.3610844       14.466054
       725.00000       30000.000       2.3610947       14.468135
       725.00000       100000.00       2.3610988       14.475684
       725.00000       300000.00       2.3610992       14.539363
       800.00000    0.0010000000       2.3587245       14.544523
       800.00000    0.0030000000       2.3587245       14.544523
       800.00000     0.010000000       2.3587247       14.544521
       800.00000     0.030000000       2.3587248       14.544521
       800.00000      0.10000000       2.3587264       14.544517
       800.00000      0.30000000       2.3587381       14.544497
       800.00000       1.0000000       2.3587217       14.544278
       800.00000       3.0000000       2.3591874       14.543177
       800.00000       10.000000       2.3601965       14.540746
       800.00000       30.000000       2.3606759       14.539600
       800.00000       100.00000       2.3607759       14.539528
       800.00000       300.00000       2.3607980       14.539919
       800.00000       1000.0000       2.3608162       14.541269
       800.00000       3000.0000       2.3609031       14.544470
       800.00000       10000.000       2.3610247       14.550524
       800.00000       30000.000       2.3610976       14.554499
       800.00000       100000.00       2.3610972       14.558241
       800.00000       300000.00       2.3610994       14.571412
       900.00000    0.0010000000       2.3587262       14.663493
       900.00000    0.0030000000       2.3587261       14.663493
       900.00000     0.010000000       2.3587260       14.663493
       900.00000     0.030000000       2.3587259       14.663493
       900.00000      0.10000000       2.3587259       14.663492
       900.00000      0.30000000       2.3587261       14.663492
       900.00000       1.0000000       2.3587293       14.663489
       900.00000       3.0000000       2.3587567       14.663456
       900.00000       10.000000       2.3589490       14.663106
       900.00000       30.000000       2.3596563       14.661845
       900.00000       100.00000       2.3605243       14.660170
       900.00000       300.00000       2.3607701       14.659842
       900.00000       1000.0000       2.3608052       14.660357
       900.00000       3000.0000       2.3608283       14.661906
       900.00000       10000.000       2.3609207       14.666143
       900.00000       30000.000       2.3610503       14.671961
       900.00000       100000.00       2.3610902       14.676421
       900.00000       300000.00       2.3611054       14.682232
       1000.0000    0.0010000000       2.3587296       14.812051
       1000.0000    0.0030000000       2.3587304       14.812062
       1000.0000     0.010000000       2.3587297       14.812068
       1000.0000     0.030000000       2.3587287       14.812072
       1000.0000      0.10000000       2.3587279       14.812074
       1000.0000      0.30000000       2.3587273       14.812075
       1000.0000       1.0000000       2.3587269       14.812077
       1000.0000       3.0000000       2.3587282       14.812076
       1000.0000       10.000000       2.3587443       14.812062
       1000.0000       30.000000       2.3588490       14.811944
       1000.0000       100.00000       2.3593994       14.811225
       1000.0000       300.00000       2.3603621       14.810049
       1000.0000       1000.0000       2.3608440       14.809685
       1000.0000       3000.0000       2.3608643       14.810396
       1000.0000       10000.000       2.3608644       14.812883
       1000.0000       30000.000       2.3609692       14.817861
       1000.0000       100000.00       2.3611012       14.824145
       1000.0000       300000.00       2.3611257       14.828718
       1100.0000    0.0010000000       2.3587634       14.980219
       1100.0000    0.0030000000       2.3587434       14.980253
       1100.0000     0.010000000       2.3587307       14.980265
       1100.0000     0.030000000       2.3587473       14.980271
       1100.0000      0.10000000       2.3587455       14.980274
       1100.0000      0.30000000       2.3587434       14.980282
       1100.0000       1.0000000       2.3587404       14.980297
       1100.0000       3.0000000       2.3587372       14.980317
       1100.0000       10.000000       2.3587354       14.980337
       1100.0000       30.000000       2.3587462       14.980344
       1100.0000       100.00000       2.3588292       14.980280
       1100.0000       300.00000       2.3593195       14.979905
       1100.0000       1000.0000       2.3603474       14.979142
       1100.0000       3000.0000       2.3608382       14.979138
       1100.0000       10000.000       2.3609825       14.980536
       1100.0000       30000.000       2.3610256       14.984070
       1100.0000       100000.00       2.3610978       14.990806
       1100.0000       300000.00       2.3611237       14.996081
       1200.0000    0.0010000000       2.3629908       15.161931
       1200.0000    0.0030000000       2.3600838       15.165908
       1200.0000     0.010000000       2.3591076       15.167538
       1200.0000     0.030000000       2.3588249       15.168041
       1200.0000      0.10000000       2.3587631       15.168222
       1200.0000      0.30000000       2.3587475       15.168274
       1200.0000       1.0000000       2.3587539       15.168296
       1200.0000       3.0000000       2.3587494       15.168300
       1200.0000       10.000000       2.3587474       15.168300
       1200.0000       30.000000       2.3587479       15.168304
       1200.0000       100.00000       2.3587660       15.168312
       1200.0000       300.00000       2.3588842       15.168292
       1200.0000       1000.0000       2.3594727       15.168105
       1200.0000       3000.0000       2.3604200       15.167827
       1200.0000       10000.000       2.3609263       15.168679
       1200.0000       30000.000       2.3610083       15.171103
       1200.0000       100000.00       2.3611195       15.177002
       1200.0000       300000.00       2.3612199       15.183333
       1300.0000    0.0010000000       2.3644954       15.347859
       1300.0000    0.0030000000       2.3651208       15.347777
       1300.0000     0.010000000       2.3655027       15.347709
       1300.0000     0.030000000       2.3628834       15.357133
       1300.0000      0.10000000       2.3605055       15.361676
       1300.0000      0.30000000       2.3593284       15.364546
       1300.0000       1.0000000       2.3588877       15.365666
       1300.0000       3.0000000       2.3587929       15.365998
       1300.0000       10.000000       2.3587562       15.366120
       1300.0000       30.000000       2.3587589       15.366160
       1300.0000       100.00000       2.3587559       15.366177
       1300.0000       300.00000       2.3587622       15.366200
       1300.0000       1000.0000       2.3589480       15.366279
       1300.0000       3000.0000       2.3596643       15.366264
       1300.0000       10000.000       2.3606399       15.367250
       1300.0000       30000.000       2.3609493       15.368999
       1300.0000       100000.00       2.3610962       15.373762
       1300.0000       300000.00       2.3612080       15.380501
       1400.0000    0.0010000000       2.3602479       15.574976
       1400.0000    0.0030000000       2.3626017       15.575056
       1400.0000     0.010000000       2.3640960       15.575038
       1400.0000     0.030000000       2.3648911       15.574994
       1400.0000      0.10000000       2.3654014       15.574960
       1400.0000      0.30000000       2.3654856       15.574936
       1400.0000       1.0000000       2.3617982       15.584640
       1400.0000       3.0000000       2.3605065       15.588390
       1400.0000       10.000000       2.3592752       15.591908
       1400.0000       30.000000       2.3589294       15.593047
       1400.0000       100.00000       2.3588074       15.593467
       1400.0000       300.00000       2.3587662       15.593602
       1400.0000       1000.0000       2.3587966       15.593738
       1400.0000       3000.0000       2.3591123       15.594145
       1400.0000       10000.000       2.3600893       15.595485
       1400.0000       30000.000       2.3608132       15.597359
       1400.0000       100000.00       2.3610342       15.601257
       1400.0000       300000.00       2.3611602       15.607758
       1500.0000    0.0010000000       2.3465287       15.820691
       1500.0000    0.0030000000       2.3545166       15.821407
       1500.0000     0.010000000       2.3595590       15.821768
       1500.0000     0.030000000       2.3622383       15.821885
       1500.0000      0.10000000       2.3639417       15.821909
       1500.0000      0.30000000       2.3647980       15.821900
       1500.0000       1.0000000       2.3653629       15.821887
       1500.0000       3.0000000       2.3653918       15.821883
       1500.0000       10.000000       2.3628004       15.826554
       1500.0000       30.000000       2.3610103       15.833420
       1500.0000       100.00000       2.3598753       15.837214
       1500.0000       300.00000       2.3591498       15.839565
       1500.0000       1000.0000       2.3588849       15.840523
       1500.0000       3000.0000       2.3589136       15.841133
       1500.0000       10000.000       2.3595176       15.842875
       1500.0000       30000.000       2.3604840       15.845834
       1500.0000       100000.00       2.3609634       15.849739
       1500.0000       300000.00       2.3611287       15.855740
       1600.0000    0.0010000000       2.3080434       16.024197
       1600.0000    0.0030000000       2.3319400       16.026671
       1600.0000     0.010000000       2.3470051       16.028134
       1600.0000     0.030000000       2.3548316       16.028813
       1600.0000      0.10000000       2.3597931       16.029155
       1600.0000      0.30000000       2.3623862       16.029276
       1600.0000       1.0000000       2.3640370       16.029328
       1600.0000       3.0000000       2.3648686       16.029346
       1600.0000       10.000000       2.3654287       16.029351
       1600.0000       30.000000       2.3646983       16.029356
       1600.0000       100.00000       2.3632891       16.030522
       1600.0000       300.00000       2.3612162       16.039747
       1600.0000       1000.0000       2.3603542       16.043401
       1600.0000       3000.0000       2.3593525       16.046969
       1600.0000       10000.000       2.3592452       16.049836
       1600.0000       30000.000       2.3600142       16.054290
       1600.0000       100000.00       2.3608383       16.059834
       1600.0000       300000.00       2.3610947       16.065629
       1700.0000    0.0010000000       2.2170573       16.220967
       1700.0000    0.0030000000       2.2770516       16.228173
       1700.0000     0.010000000       2.3160644       16.232424
       1700.0000     0.030000000       2.3366733       16.234517
       1700.0000      0.10000000       2.3496902       16.235736
       1700.0000      0.30000000       2.3564748       16.236283
       1700.0000       1.0000000       2.3607506       16.236567
       1700.0000       3.0000000       2.3629986       16.236680
       1700.0000       10.000000       2.3643846       16.236742
       1700.0000       30.000000       2.3650688       16.236771
       1700.0000       100.00000       2.3655324       16.236789
       1700.0000       300.00000       2.3639507       16.236803
       1700.0000       1000.0000       2.3630814       16.238050
       1700.0000       3000.0000       2.3611651       16.247536
       1700.0000       10000.000       2.3605250       16.252347
       1700.0000       30000.000       2.3599485       16.260651
       1700.0000       100000.00       2.3606469       16.270110
       1700.0000       300000.00       2.3610284       16.277014
       1800.0000    0.0010000000       2.0407249       16.391520
       1800.0000    0.0030000000       2.1633310       16.411309
       1800.0000     0.010000000       2.2493913       16.422479
       1800.0000     0.030000000       2.2968016       16.427871
       1800.0000      0.10000000       2.3273140       16.431072
       1800.0000      0.30000000       2.3433202       16.432631
       1800.0000       1.0000000       2.3534488       16.433517
       1800.0000       3.0000000       2.3587114       16.433915
       1800.0000       10.000000       2.3620170       16.434126
       1800.0000       30.000000       2.3637220       16.434223
       1800.0000       100.00000       2.3647945       16.434283
       1800.0000       300.00000       2.3653515       16.434317
       1800.0000       1000.0000       2.3643217       16.434359
       1800.0000       3000.0000       2.3634611       16.434471
       1800.0000       10000.000       2.3623796       16.439843
       1800.0000       30000.000       2.3612338       16.451766
       1800.0000       100000.00       2.3610642       16.467817
       1800.0000       300000.00       2.3611519       16.479344
       1900.0000    0.0010000000       1.7814858       16.513218
       1900.0000    0.0030000000       1.9697689       16.565469
       1900.0000     0.010000000       2.1253717       16.593527
       1900.0000     0.030000000       2.2192863       16.606471
       1900.0000      0.10000000       2.2827278       16.613961
       1900.0000      0.30000000       2.3169090       16.617626
       1900.0000       1.0000000       2.3386575       16.619788
       1900.0000       3.0000000       2.3500665       16.620824
       1900.0000       10.000000       2.3572275       16.621405
       1900.0000       30.000000       2.3609534       16.621672
       1900.0000       100.00000       2.3632696       16.621826
       1900.0000       300.00000       2.3644710       16.621904
       1900.0000       1000.0000       2.3652132       16.621970
       1900.0000       3000.0000       2.3646394       16.622075
       1900.0000       10000.000       2.3635191       16.622594
       1900.0000       30000.000       2.3634354       16.625563
       1900.0000       100000.00       2.3621610       16.650313
       1900.0000       300000.00       2.3619995       16.669938
       2000.0000    0.0010000000       1.5266441       16.538075
       2000.0000    0.0030000000       1.7188820       16.668958
       2000.0000     0.010000000       1.9331489       16.735872
       2000.0000     0.030000000       2.0877487       16.765658
       2000.0000      0.10000000       2.2028033       16.782229
       2000.0000      0.30000000       2.2682687       16.790122
       2000.0000       1.0000000       2.3110934       16.794773
       2000.0000       3.0000000       2.3338050       16.797050
       2000.0000       10.000000       2.3481937       16.798376
       2000.0000       30.000000       2.3556697       16.799008
       2000.0000       100.00000       2.3603542       16.799368
       2000.0000       300.00000       2.3627914       16.799542
       2000.0000       1000.0000       2.3643045       16.799664
       2000.0000       3000.0000       2.3650606       16.799776
       2000.0000       10000.000       2.3645664       16.800196
       2000.0000       30000.000       2.3636256       16.802508
       2000.0000       100000.00       2.3639520       16.815314
       2000.0000       300000.00       2.3631828       16.846840
       2150.0000    0.0010000000       1.3369609       15.796990
       2150.0000    0.0030000000       1.4201832       16.578225
       2150.0000     0.010000000       1.5913578       16.857412
       2150.0000     0.030000000       1.7920651       16.952974
       2150.0000      0.10000000       1.9943899       17.003160
       2150.0000      0.30000000       2.1314864       17.025989
       2150.0000       1.0000000       2.2300329       17.038961
       2150.0000       3.0000000       2.2850665       17.045224
       2150.0000       10.000000       2.3207380       17.048927
       2150.0000       30.000000       2.3395522       17.050735
       2150.0000       100.00000       2.3514078       17.051790
       2150.0000       300.00000       2.3575914       17.052304
       2150.0000       1000.0000       2.3614243       17.052621
       2150.0000       3000.0000       2.3634284       17.052817
       2150.0000       10000.000       2.3646477       17.053174
       2150.0000       30000.000       2.3653188       17.054799
       2150.0000       100000.00       2.3640751       17.065950
       2150.0000       300000.00       2.3645648       17.095428
       2300.0000    0.0010000000       1.2940867       12.321113
       2300.0000    0.0030000000       1.3150350       15.191378
       2300.0000     0.010000000       1.3776003       16.573130
       2300.0000     0.030000000       1.5011088       17.001313
       2300.0000      0.10000000       1.7069775       17.156554
       2300.0000      0.30000000       1.9053160       17.216742
       2300.0000       1.0000000       2.0802587       17.249582
       2300.0000       3.0000000       2.1898684       17.264923
       2300.0000       10.000000       2.2653710       17.273828
       2300.0000       30.000000       2.3065561       17.278173
       2300.0000       100.00000       2.3329296       17.280751
       2300.0000       300.00000       2.3467723       17.282010
       2300.0000       1000.0000       2.3554491       17.282764
       2300.0000       3000.0000       2.3599440       17.283166
       2300.0000       10000.000       2.3627367       17.283586
       2300.0000       30000.000       2.3642007       17.284830
       2300.0000       100000.00       2.3652642       17.293808
       2300.0000       300000.00       2.3647534       17.326994
       2450.0000    0.0010000000       1.2853470       6.8249091
       2450.0000    0.0030000000       1.2906793       11.147819
       2450.0000     0.010000000       1.3080676       14.871440
       2450.0000     0.030000000       1.3521937       16.510185
       2450.0000      0.10000000       1.4654828       17.164728
       2450.0000      0.30000000       1.6401186       17.353048
       2450.0000       1.0000000       1.8608842       17.432148
       2450.0000       3.0000000       2.0336244       17.466743
       2450.0000       10.000000       2.1681170       17.486278
       2450.0000       30.000000       2.2466025       17.495642
       2450.0000       100.00000       2.2987135       17.501165
       2450.0000       300.00000       2.3265562       17.503879
       2450.0000       1000.0000       2.3442104       17.505498
       2450.0000       3000.0000       2.3533930       17.506321
       2450.0000       10000.000       2.3591368       17.506951
       2450.0000       30000.000       2.3621122       17.508042
       2450.0000       100000.00       2.3640288       17.515179
       2450.0000       300000.00       2.3654525       17.548288
       2600.0000    0.0010000000       1.2826053       3.3571579
       2600.0000    0.0030000000       1.2845092       6.2068397
       2600.0000     0.010000000       1.2898404       10.918618
       2600.0000     0.030000000       1.3036908       14.576377
       2600.0000      0.10000000       1.3468054       16.613719
       2600.0000      0.30000000       1.4410235       17.303989
       2600.0000       1.0000000       1.6235997       17.548189
       2600.0000       3.0000000       1.8256582       17.626271
       2600.0000       10.000000       2.0209445       17.666248
       2600.0000       30.000000       2.1499089       17.684889
       2600.0000       100.00000       2.2414004       17.695719
       2600.0000       300.00000       2.2920691       17.701006
       2600.0000       1000.0000       2.3248001       17.704157
       2600.0000       3000.0000       2.3420312       17.705734
       2600.0000       10000.000       2.3528475       17.706788
       2600.0000       30000.000       2.3584465       17.707912
       2600.0000       100000.00       2.3619599       17.713730
       2600.0000       300000.00       2.3640336       17.744563
       2800.0000    0.0010000000       1.2811549       1.8401218
       2800.0000    0.0030000000       1.2817801       2.7658625
       2800.0000     0.010000000       1.2832933       5.2960864
       2800.0000     0.030000000       1.2868954       9.3675047
       2800.0000      0.10000000       1.2980276       13.905872
       2800.0000      0.30000000       1.3266486       16.331178
       2800.0000       1.0000000       1.4073122       17.410106
       2800.0000       3.0000000       1.5523525       17.734838
       2800.0000       10.000000       1.7686209       17.850880
       2800.0000       30.000000       1.9592274       17.894429
       2800.0000       100.00000       2.1182939       17.918428
       2800.0000       300.00000       2.2147996       17.929928
       2800.0000       1000.0000       2.2802164       17.936716
       2800.0000       3000.0000       2.3155612       17.940075
       2800.0000       10000.000       2.3380754       17.942160
       2800.0000       30000.000       2.3497906       17.943643
       2800.0000       100000.00       2.3571383       17.948420
       2800.0000       300000.00       2.3610516       17.975113
       3000.0000    0.0010000000       1.2800218       1.4818598
       3000.0000    0.0030000000       1.2806268       1.7665621
       3000.0000     0.010000000       1.2813456       2.6732576
       3000.0000     0.030000000       1.2825273       4.7643658
       3000.0000      0.10000000       1.2858917       9.0422876
       3000.0000      0.30000000       1.2946240       13.382787
       3000.0000       1.0000000       1.3221191       16.363075
       3000.0000       3.0000000       1.3871760       17.505076
       3000.0000       10.000000       1.5344427       17.935602
       3000.0000       30.000000       1.7281518       18.058539
       3000.0000       100.00000       1.9414339       18.110464
       3000.0000       300.00000       2.0939364       18.133303
       3000.0000       1000.0000       2.2067955       18.146489
       3000.0000       3000.0000       2.2708507       18.152937
       3000.0000       10000.000       2.3127387       18.156832
       3000.0000       30000.000       2.3348772       18.159092
       3000.0000       100000.00       2.3488487       18.163479
       3000.0000       300000.00       2.3560730       18.186320
       3250.0000    0.0010000000       1.2777895       1.3819123
       3250.0000    0.0030000000       1.2788712       1.4592344
       3250.0000     0.010000000       1.2797951       1.7168921
       3250.0000     0.030000000       1.2805853       2.3924144
       3250.0000      0.10000000       1.2817946       4.3356815
       3250.0000      0.30000000       1.2842003       7.9157343
       3250.0000       1.0000000       1.2916583       12.835370
       3250.0000       3.0000000       1.3112620       16.023895
       3250.0000       10.000000       1.3696034       17.614858
       3250.0000       30.000000       1.4865771       18.129044
       3250.0000       100.00000       1.6878526       18.309276
       3250.0000       300.00000       1.8878554       18.365495
       3250.0000       1000.0000       2.0677151       18.393364
       3250.0000       3000.0000       2.1815778       18.406414
       3250.0000       10000.000       2.2605248       18.414114
       3250.0000       30000.000       2.3036724       18.418129
       3250.0000       100000.00       2.3312814       18.422837
       3250.0000       300000.00       2.3456737       18.442109
       3500.0000    0.0010000000       1.2734008       1.3806240
       3500.0000    0.0030000000       1.2751781       1.4081303
       3500.0000     0.010000000       1.2771763       1.4949775
       3500.0000     0.030000000       1.2786130       1.7250008
       3500.0000      0.10000000       1.2798563       2.4587352
       3500.0000      0.30000000       1.2811187       4.1958176
       3500.0000       1.0000000       1.2837516       8.0662757
       3500.0000       3.0000000       1.2900833       12.613048
       3500.0000       10.000000       1.3103865       16.232671
       3500.0000       30.000000       1.3605744       17.764339
       3500.0000       100.00000       1.4841311       18.376290
       3500.0000       300.00000       1.6653173       18.553091
       3500.0000       1000.0000       1.8849008       18.618116
       3500.0000       3000.0000       2.0520642       18.643226
       3500.0000       10000.000       2.1801020       18.657188
       3500.0000       30000.000       2.2541477       18.664098
       3500.0000       100000.00       2.3029732       18.670031
       3500.0000       300000.00       2.3288483       18.687211
       3750.0000    0.0010000000       1.2715171       1.4612948
       3750.0000    0.0030000000       1.2719769       1.4727836
       3750.0000     0.010000000       1.2731488       1.5104561
       3750.0000     0.030000000       1.2749010       1.6073226
       3750.0000      0.10000000       1.2770657       1.9063598
       3750.0000      0.30000000       1.2787977       2.6575959
       3750.0000       1.0000000       1.2806597       4.7596777
       3750.0000       3.0000000       1.2834255       8.4917392
       3750.0000       10.000000       1.2911477       13.426168
       3750.0000       30.000000       1.3111420       16.558889
       3750.0000       100.00000       1.3706262       18.120216
       3750.0000       300.00000       1.4892970       18.629155
       3750.0000       1000.0000       1.6916853       18.808942
       3750.0000       3000.0000       1.8913539       18.862589
       3750.0000       10000.000       2.0701996       18.887380
       3750.0000       30000.000       2.1831323       18.898743
       3750.0000       100000.00       2.2611959       18.906916
       3750.0000       300000.00       2.3037862       18.923330
       4000.0000    0.0010000000       1.2712941       1.7525910
       4000.0000    0.0030000000       1.2713429       1.7572141
       4000.0000     0.010000000       1.2715530       1.7731782
       4000.0000     0.030000000       1.2720624       1.8173838
       4000.0000      0.10000000       1.2733570       1.9605831
       4000.0000      0.30000000       1.2752545       2.3200931
       4000.0000       1.0000000       1.2776821       3.3640169
       4000.0000       3.0000000       1.2800281       5.6126111
       4000.0000       10.000000       1.2839829       9.9951297
       4000.0000       30.000000       1.2927004       14.325196
       4000.0000       100.00000       1.3197738       17.305996
       4000.0000       300.00000       1.3840153       18.472851
       4000.0000       1000.0000       1.5299542       18.925903
       4000.0000       3000.0000       1.7229436       19.055638
       4000.0000       10000.000       1.9368320       19.103636
       4000.0000       30000.000       2.0904392       19.122151
       4000.0000       100000.00       2.2043170       19.133750
       4000.0000       300000.00       2.2688908       19.150528
