T(K)  p(mbar)  mu(amu)  mean cp(kJ/kg/K)
       75.000000    0.0010000000       2.3391368       12.970350
       75.000000    0.0030000000       2.3391367       12.970350
       75.000000     0.010000000       2.3391367       12.970350
       75.000000     0.030000000       2.3391367       12.970350
       75.000000      0.10000000       2.3391367       12.970350
       75.000000      0.30000000       2.3391367       12.970350
       75.000000       1.0000000       2.3391367       12.970350
       75.000000       3.0000000       2.3391367       12.970350
       75.000000       10.000000       2.3391367       12.970350
       75.000000       30.000000       2.3391367       12.970350
       75.000000       100.00000       2.3391367       12.970350
       75.000000       300.00000       2.3391367       12.970350
       75.000000       1000.0000       2.3391367       12.970350
       75.000000       3000.0000       2.3391367       12.970350
       75.000000       10000.000       2.3391367       12.970350
       100.00000    0.0010000000       2.3393382       12.483439
       100.00000    0.0030000000       2.3393382       12.483439
       100.00000     0.010000000       2.3393382       12.483439
       100.00000     0.030000000       2.3393382       12.483439
       100.00000      0.10000000       2.3392906       12.483439
       100.00000      0.30000000       2.3391880       12.483439
       100.00000       1.0000000       2.3391521       12.483439
       100.00000       3.0000000       2.3391418       12.483439
       100.00000       10.000000       2.3391383       12.483439
       100.00000       30.000000       2.3391372       12.483439
       100.00000       100.00000       2.3391369       12.483439
       100.00000       300.00000       2.3391368       12.483439
       100.00000       1000.0000       2.3391367       12.483439
       100.00000       3000.0000       2.3391367       12.483439
       100.00000       10000.000       2.3391367       12.483439
       100.00000       30000.000       2.3391367       12.483439
       110.00000    0.0010000000       2.3393384       12.422588
       110.00000    0.0030000000       2.3393376       12.422588
       110.00000     0.010000000       2.3393382       12.422588
       110.00000     0.030000000       2.3393376       12.422588
       110.00000      0.10000000       2.3393382       12.422588
       110.00000      0.30000000       2.3393376       12.422588
       110.00000       1.0000000       2.3393382       12.422588
       110.00000       3.0000000       2.3392785       12.422588
       110.00000       10.000000       2.3391795       12.422588
       110.00000       30.000000       2.3391503       12.422588
       110.00000       100.00000       2.3391410       12.422588
       110.00000       300.00000       2.3391375       12.422588
       110.00000       1000.0000       2.3391371       12.422588
       110.00000       3000.0000       2.3391362       12.422588
       110.00000       10000.000       2.3391368       12.422588
       110.00000       30000.000       2.3391361       12.422588
       110.00000       100000.00       2.3391367       12.422588
       120.00000    0.0010000000       2.3393484       12.423912
       120.00000    0.0030000000       2.3393416       12.423912
       120.00000     0.010000000       2.3393392       12.423912
       120.00000     0.030000000       2.3393386       12.423912
       120.00000      0.10000000       2.3393383       12.423912
       120.00000      0.30000000       2.3393383       12.423912
       120.00000       1.0000000       2.3393382       12.423912
       120.00000       3.0000000       2.3393382       12.423912
       120.00000       10.000000       2.3393382       12.423912
       120.00000       30.000000       2.3393382       12.423912
       120.00000       100.00000       2.3392049       12.423912
       120.00000       300.00000       2.3391595       12.423912
       120.00000       1000.0000       2.3391435       12.423912
       120.00000       3000.0000       2.3391390       12.423912
       120.00000       10000.000       2.3391374       12.423912
       120.00000       30000.000       2.3391369       12.423912
       120.00000       100000.00       2.3391368       12.423912
       130.00000    0.0010000000       2.3394197       12.477834
       130.00000    0.0030000000       2.3394193       12.477841
       130.00000     0.010000000       2.3393736       12.477844
       130.00000     0.030000000       2.3393502       12.477845
       130.00000      0.10000000       2.3393412       12.477845
       130.00000      0.30000000       2.3393394       12.477845
       130.00000       1.0000000       2.3393380       12.477845
       130.00000       3.0000000       2.3393383       12.477845
       130.00000       10.000000       2.3393376       12.477845
       130.00000       30.000000       2.3393382       12.477845
       130.00000       100.00000       2.3393376       12.477845
       130.00000       300.00000       2.3393382       12.477845
       130.00000       1000.0000       2.3392072       12.477845
       130.00000       3000.0000       2.3391604       12.477845
       130.00000       10000.000       2.3391432       12.477845
       130.00000       30000.000       2.3391391       12.477845
       130.00000       100000.00       2.3391368       12.477845
       140.00000    0.0010000000       2.3394639       12.574494
       140.00000    0.0030000000       2.3394338       12.574712
       140.00000     0.010000000       2.3394233       12.574789
       140.00000     0.030000000       2.3394203       12.574811
       140.00000      0.10000000       2.3394143       12.574818
       140.00000      0.30000000       2.3393636       12.574821
       140.00000       1.0000000       2.3393458       12.574821
       140.00000       3.0000000       2.3393408       12.574822
       140.00000       10.000000       2.3393390       12.574822
       140.00000       30.000000       2.3393385       12.574822
       140.00000       100.00000       2.3393383       12.574822
       140.00000       300.00000       2.3393382       12.574822
       140.00000       1000.0000       2.3393382       12.574822
       140.00000       3000.0000       2.3393134       12.574822
       140.00000       10000.000       2.3391897       12.574822
       140.00000       30000.000       2.3391544       12.574822
       140.00000       100000.00       2.3391420       12.574822
       150.00000    0.0010000000       2.3402714       12.699007
       150.00000    0.0030000000       2.3397030       12.703186
       150.00000     0.010000000       2.3395041       12.704649
       150.00000     0.030000000       2.3394472       12.705068
       150.00000      0.10000000       2.3394273       12.705214
       150.00000      0.30000000       2.3394216       12.705256
       150.00000       1.0000000       2.3394197       12.705271
       150.00000       3.0000000       2.3393740       12.705275
       150.00000       10.000000       2.3393489       12.705276
       150.00000       30.000000       2.3393418       12.705277
       150.00000       100.00000       2.3393393       12.705277
       150.00000       300.00000       2.3393386       12.705277
       150.00000       1000.0000       2.3393383       12.705277
       150.00000       3000.0000       2.3393383       12.705277
       150.00000       10000.000       2.3393382       12.705277
       150.00000       30000.000       2.3392375       12.705277
       150.00000       100000.00       2.3391670       12.705277
       160.00000    0.0010000000       2.3407023       12.850073
       160.00000    0.0030000000       2.3407023       12.850073
       160.00000     0.010000000       2.3405353       12.851318
       160.00000     0.030000000       2.3397910       12.856868
       160.00000      0.10000000       2.3395305       12.858812
       160.00000      0.30000000       2.3394560       12.859367
       160.00000       1.0000000       2.3394300       12.859562
       160.00000       3.0000000       2.3394225       12.859617
       160.00000       10.000000       2.3394199       12.859637
       160.00000       30.000000       2.3393744       12.859642
       160.00000       100.00000       2.3393491       12.859644
       160.00000       300.00000       2.3393418       12.859645
       160.00000       1000.0000       2.3393393       12.859645
       160.00000       3000.0000       2.3393386       12.859645
       160.00000       10000.000       2.3393383       12.859645
       160.00000       30000.000       2.3393383       12.859645
       160.00000       100000.00       2.3392754       12.859645
       170.00000    0.0010000000       2.3407023       13.018642
       170.00000    0.0030000000       2.3407023       13.018642
       170.00000     0.010000000       2.3407023       13.018642
       170.00000     0.030000000       2.3407023       13.018642
       170.00000      0.10000000       2.3404992       13.020179
       170.00000      0.30000000       2.3397790       13.025633
       170.00000       1.0000000       2.3395268       13.027543
       170.00000       3.0000000       2.3394548       13.028089
       170.00000       10.000000       2.3394296       13.028280
       170.00000       30.000000       2.3394224       13.028334
       170.00000       100.00000       2.3394199       13.028353
       170.00000       300.00000       2.3393662       13.028359
       170.00000       1000.0000       2.3393466       13.028361
       170.00000       3000.0000       2.3393410       13.028361
       170.00000       10000.000       2.3393391       13.028361
       170.00000       30000.000       2.3393385       13.028361
       170.00000       100000.00       2.3393383       13.028361
       180.00000    0.0010000000       2.3407017       13.191990
       180.00000    0.0030000000       2.3407023       13.191990
       180.00000     0.010000000       2.3407017       13.191990
       180.00000     0.030000000       2.3407023       13.191990
       180.00000      0.10000000       2.3407017       13.191990
       180.00000      0.30000000       2.3407023       13.191990
       180.00000       1.0000000       2.3402306       13.195610
       180.00000       3.0000000       2.3396896       13.199776
       180.00000       10.000000       2.3394994       13.201235
       180.00000       30.000000       2.3394459       13.201652
       180.00000       100.00000       2.3394263       13.201798
       180.00000       300.00000       2.3394215       13.201840
       180.00000       1000.0000       2.3393892       13.201854
       180.00000       3000.0000       2.3393554       13.201859
       180.00000       10000.000       2.3393428       13.201860
       180.00000       30000.000       2.3393399       13.201860
       180.00000       100000.00       2.3393381       13.201860
       190.00000    0.0010000000       2.3407023       13.360559
       190.00000    0.0030000000       2.3407017       13.360559
       190.00000     0.010000000       2.3407023       13.360559
       190.00000     0.030000000       2.3407017       13.360559
       190.00000      0.10000000       2.3407023       13.360559
       190.00000      0.30000000       2.3407017       13.360559
       190.00000       1.0000000       2.3407023       13.360559
       190.00000       3.0000000       2.3407017       13.360560
       190.00000       10.000000       2.3399129       13.366719
       190.00000       30.000000       2.3395829       13.369291
       190.00000       100.00000       2.3394682       13.370191
       190.00000       300.00000       2.3394346       13.370448
       190.00000       1000.0000       2.3394237       13.370539
       190.00000       3000.0000       2.3394198       13.370566
       190.00000       10000.000       2.3393645       13.370573
       190.00000       30000.000       2.3393464       13.370575
       190.00000       100000.00       2.3393408       13.370576
       200.00000    0.0010000000       2.3407023       13.514792
       200.00000    0.0030000000       2.3407023       13.514792
       200.00000     0.010000000       2.3407023       13.514792
       200.00000     0.030000000       2.3407023       13.514792
       200.00000      0.10000000       2.3407023       13.514792
       200.00000      0.30000000       2.3407023       13.514792
       200.00000       1.0000000       2.3407023       13.514793
       200.00000       3.0000000       2.3407023       13.514793
       200.00000       10.000000       2.3407023       13.514794
       200.00000       30.000000       2.3402549       13.518334
       200.00000       100.00000       2.3396696       13.522962
       200.00000       300.00000       2.3395024       13.524286
       200.00000       1000.0000       2.3394439       13.524750
       200.00000       3000.0000       2.3394272       13.524891
       200.00000       10000.000       2.3394213       13.524929
       200.00000       30000.000       2.3393761       13.524939
       200.00000       100000.00       2.3393496       13.524943
       210.00000    0.0010000000       2.3407023       13.647660
       210.00000    0.0030000000       2.3407023       13.647660
       210.00000     0.010000000       2.3407023       13.647660
       210.00000     0.030000000       2.3407023       13.647660
       210.00000      0.10000000       2.3407023       13.647660
       210.00000      0.30000000       2.3407023       13.647660
       210.00000       1.0000000       2.3407023       13.647660
       210.00000       3.0000000       2.3407023       13.647661
       210.00000       10.000000       2.3407023       13.647661
       210.00000       30.000000       2.3407023       13.647667
       210.00000       100.00000       2.3405095       13.649213
       210.00000       300.00000       2.3397824       13.655030
       210.00000       1000.0000       2.3395279       13.657073
       210.00000       3000.0000       2.3394552       13.657691
       210.00000       10000.000       2.3394297       13.657858
       210.00000       30000.000       2.3394224       13.657905
       210.00000       100000.00       2.3393810       13.657921
       220.00000    0.0010000000       2.3407023       13.762235
       220.00000    0.0030000000       2.3407016       13.762235
       220.00000     0.010000000       2.3407023       13.762235
       220.00000     0.030000000       2.3407017       13.762235
       220.00000      0.10000000       2.3407023       13.762235
       220.00000      0.30000000       2.3407017       13.762235
       220.00000       1.0000000       2.3407023       13.762235
       220.00000       3.0000000       2.3407016       13.762236
       220.00000       10.000000       2.3407023       13.762237
       220.00000       30.000000       2.3407017       13.762242
       220.00000       100.00000       2.3407023       13.762250
       220.00000       300.00000       2.3407017       13.762280
       220.00000       1000.0000       2.3398338       13.769318
       220.00000       3000.0000       2.3395565       13.771693
       220.00000       10000.000       2.3394603       13.772333
       220.00000       30000.000       2.3394320       13.772513
       220.00000       100000.00       2.3394229       13.772576
       230.00000    0.0010000000       2.3407022       13.863972
       230.00000    0.0030000000       2.3407023       13.863974
       230.00000     0.010000000       2.3407023       13.863974
       230.00000     0.030000000       2.3407023       13.863974
       230.00000      0.10000000       2.3407023       13.863974
       230.00000      0.30000000       2.3407023       13.863974
       230.00000       1.0000000       2.3407023       13.863975
       230.00000       3.0000000       2.3407023       13.863975
       230.00000       10.000000       2.3407023       13.863976
       230.00000       30.000000       2.3407023       13.863982
       230.00000       100.00000       2.3407023       13.863989
       230.00000       300.00000       2.3407023       13.864019
       230.00000       1000.0000       2.3407023       13.864190
       230.00000       3000.0000       2.3398874       13.871315
       230.00000       10000.000       2.3395594       13.873507
       230.00000       30000.000       2.3394657       13.874123
       230.00000       100000.00       2.3394329       13.874339
       240.00000    0.0010000000       2.3407020       13.954991
       240.00000    0.0030000000       2.3407022       13.955006
       240.00000     0.010000000       2.3407023       13.955008
       240.00000     0.030000000       2.3407023       13.955008
       240.00000      0.10000000       2.3407023       13.955008
       240.00000      0.30000000       2.3407023       13.955008
       240.00000       1.0000000       2.3407023       13.955008
       240.00000       3.0000000       2.3407023       13.955009
       240.00000       10.000000       2.3407023       13.955009
       240.00000       30.000000       2.3407023       13.955015
       240.00000       100.00000       2.3407023       13.955022
       240.00000       300.00000       2.3407023       13.955053
       240.00000       1000.0000       2.3407023       13.955223
       240.00000       3000.0000       2.3407023       13.956935
       240.00000       10000.000       2.3398490       13.962690
       240.00000       30000.000       2.3395622       13.964593
       240.00000       100000.00       2.3394618       13.965258
       250.00000    0.0010000000       2.3407007       14.034047
       250.00000    0.0030000000       2.3407021       14.034128
       250.00000     0.010000000       2.3407023       14.034139
       250.00000     0.030000000       2.3407023       14.034140
       250.00000      0.10000000       2.3407023       14.034140
       250.00000      0.30000000       2.3407023       14.034140
       250.00000       1.0000000       2.3407023       14.034140
       250.00000       3.0000000       2.3407023       14.034141
       250.00000       10.000000       2.3407023       14.034142
       250.00000       30.000000       2.3407023       14.034147
       250.00000       100.00000       2.3407023       14.034155
       250.00000       300.00000       2.3407023       14.034185
       250.00000       1000.0000       2.3407023       14.034355
       250.00000       3000.0000       2.3407023       14.036067
       250.00000       10000.000       2.3406225       14.036698
       250.00000       30000.000       2.3398201       14.042062
       250.00000       100000.00       2.3395392       14.043939
       260.00000    0.0010000000       2.3406958       14.100516
       260.00000    0.0030000000       2.3407044       14.100795
       260.00000     0.010000000       2.3407015       14.100848
       260.00000     0.030000000       2.3407023       14.100853
       260.00000      0.10000000       2.3407017       14.100853
       260.00000      0.30000000       2.3407023       14.100853
       260.00000       1.0000000       2.3407017       14.100854
       260.00000       3.0000000       2.3407023       14.100854
       260.00000       10.000000       2.3407017       14.100855
       260.00000       30.000000       2.3407023       14.100861
       260.00000       100.00000       2.3407017       14.100868
       260.00000       300.00000       2.3407023       14.100898
       260.00000       1000.0000       2.3407017       14.101069
       260.00000       3000.0000       2.3407023       14.102781
       260.00000       10000.000       2.3407017       14.102879
       260.00000       30000.000       2.3404561       14.104534
       260.00000       100000.00       2.3397294       14.109418
       260.00000       300000.00       2.3395225       14.110815
       270.00000    0.0010000000       2.3406889       14.157210
       270.00000    0.0030000000       2.3406978       14.157704
       270.00000     0.010000000       2.3407050       14.157893
       270.00000     0.030000000       2.3407053       14.157916
       270.00000      0.10000000       2.3407022       14.157920
       270.00000      0.30000000       2.3407017       14.157920
       270.00000       1.0000000       2.3407023       14.157920
       270.00000       3.0000000       2.3407017       14.157920
       270.00000       10.000000       2.3407023       14.157921
       270.00000       30.000000       2.3407017       14.157927
       270.00000       100.00000       2.3407023       14.157934
       270.00000       300.00000       2.3407017       14.157964
       270.00000       1000.0000       2.3407023       14.158135
       270.00000       3000.0000       2.3407017       14.159847
       270.00000       10000.000       2.3407023       14.159945
       270.00000       30000.000       2.3407017       14.159944
       270.00000       100000.00       2.3401686       14.163547
       270.00000       300000.00       2.3396681       14.166930
       275.00000    0.0010000000       2.3406844       14.183085
       275.00000    0.0030000000       2.3406954       14.183601
       275.00000     0.010000000       2.3407045       14.183906
       275.00000     0.030000000       2.3407053       14.183952
       275.00000      0.10000000       2.3407023       14.183957
       275.00000      0.30000000       2.3407017       14.183958
       275.00000       1.0000000       2.3407023       14.183958
       275.00000       3.0000000       2.3407017       14.183959
       275.00000       10.000000       2.3407023       14.183960
       275.00000       30.000000       2.3407017       14.183965
       275.00000       100.00000       2.3407023       14.183972
       275.00000       300.00000       2.3407017       14.184003
       275.00000       1000.0000       2.3407023       14.184173
       275.00000       3000.0000       2.3407017       14.185885
       275.00000       10000.000       2.3407023       14.185984
       275.00000       30000.000       2.3407017       14.185982
       275.00000       100000.00       2.3405462       14.187029
       275.00000       300000.00       2.3397940       14.192128
       280.00000    0.0010000000       2.3406785       14.207832
       280.00000    0.0030000000       2.3406927       14.208301
       280.00000     0.010000000       2.3407037       14.208726
       280.00000     0.030000000       2.3407053       14.208813
       280.00000      0.10000000       2.3407054       14.208824
       280.00000      0.30000000       2.3407023       14.208826
       280.00000       1.0000000       2.3407023       14.208826
       280.00000       3.0000000       2.3407023       14.208826
       280.00000       10.000000       2.3407023       14.208827
       280.00000       30.000000       2.3407023       14.208833
       280.00000       100.00000       2.3407023       14.208840
       280.00000       300.00000       2.3407023       14.208871
       280.00000       1000.0000       2.3407023       14.209041
       280.00000       3000.0000       2.3407023       14.210753
       280.00000       10000.000       2.3407023       14.210851
       280.00000       30000.000       2.3407023       14.210850
       280.00000       100000.00       2.3407023       14.210836
       280.00000       300000.00       2.3399458       14.215976
       290.00000    0.0010000000       2.3406593       14.253538
       290.00000    0.0030000000       2.3406843       14.253761
       290.00000     0.010000000       2.3406973       14.254316
       290.00000     0.030000000       2.3407047       14.254557
       290.00000      0.10000000       2.3407055       14.254598
       290.00000      0.30000000       2.3407054       14.254603
       290.00000       1.0000000       2.3407054       14.254604
       290.00000       3.0000000       2.3407054       14.254604
       290.00000       10.000000       2.3407054       14.254605
       290.00000       30.000000       2.3407023       14.254611
       290.00000       100.00000       2.3407023       14.254618
       290.00000       300.00000       2.3407023       14.254649
       290.00000       1000.0000       2.3407023       14.254819
       290.00000       3000.0000       2.3407023       14.256531
       290.00000       10000.000       2.3407023       14.256629
       290.00000       30000.000       2.3407023       14.256628
       290.00000       100000.00       2.3407023       14.256614
       290.00000       300000.00       2.3404193       14.258522
       300.00000    0.0010000000       2.3406695       14.292467
       300.00000    0.0030000000       2.3406729       14.292709
       300.00000     0.010000000       2.3406826       14.293246
       300.00000     0.030000000       2.3406895       14.293690
       300.00000      0.10000000       2.3406954       14.293818
       300.00000      0.30000000       2.3406956       14.293831
       300.00000       1.0000000       2.3406956       14.293833
       300.00000       3.0000000       2.3406956       14.293834
       300.00000       10.000000       2.3406956       14.293835
       300.00000       30.000000       2.3406956       14.293840
       300.00000       100.00000       2.3406956       14.293848
       300.00000       300.00000       2.3406956       14.293878
       300.00000       1000.0000       2.3406956       14.294048
       300.00000       3000.0000       2.3406956       14.295760
       300.00000       10000.000       2.3406956       14.295858
       300.00000       30000.000       2.3406956       14.295857
       300.00000       100000.00       2.3406956       14.295842
       300.00000       300000.00       2.3406956       14.295807
       310.00000    0.0010000000       2.3406678       14.324224
       310.00000    0.0030000000       2.3406703       14.324369
       310.00000     0.010000000       2.3406770       14.324767
       310.00000     0.030000000       2.3406861       14.325309
       310.00000      0.10000000       2.3406942       14.325605
       310.00000      0.30000000       2.3406949       14.325648
       310.00000       1.0000000       2.3406950       14.325653
       310.00000       3.0000000       2.3406950       14.325654
       310.00000       10.000000       2.3406950       14.325655
       310.00000       30.000000       2.3406950       14.325661
       310.00000       100.00000       2.3406950       14.325668
       310.00000       300.00000       2.3406950       14.325698
       310.00000       1000.0000       2.3406950       14.325869
       310.00000       3000.0000       2.3406950       14.327580
       310.00000       10000.000       2.3406950       14.327678
       310.00000       30000.000       2.3406950       14.327677
       310.00000       100000.00       2.3406950       14.327663
       310.00000       300000.00       2.3406950       14.327627
       320.00000    0.0010000000       2.3406672       14.350458
       320.00000    0.0030000000       2.3406687       14.350545
       320.00000     0.010000000       2.3406732       14.350811
       320.00000     0.030000000       2.3406815       14.351304
       320.00000      0.10000000       2.3406896       14.351791
       320.00000      0.30000000       2.3406947       14.351907
       320.00000       1.0000000       2.3406956       14.351923
       320.00000       3.0000000       2.3406950       14.351925
       320.00000       10.000000       2.3406956       14.351926
       320.00000       30.000000       2.3406950       14.351932
       320.00000       100.00000       2.3406956       14.351939
       320.00000       300.00000       2.3406950       14.351969
       320.00000       1000.0000       2.3406956       14.352139
       320.00000       3000.0000       2.3406950       14.353851
       320.00000       10000.000       2.3406956       14.353949
       320.00000       30000.000       2.3406950       14.353948
       320.00000       100000.00       2.3406956       14.353934
       320.00000       300000.00       2.3406950       14.353898
       330.00000    0.0010000000       2.3406669       14.373619
       330.00000    0.0030000000       2.3406678       14.373672
       330.00000     0.010000000       2.3406707       14.373842
       330.00000     0.030000000       2.3406770       14.374220
       330.00000      0.10000000       2.3406869       14.374808
       330.00000      0.30000000       2.3406942       14.375059
       330.00000       1.0000000       2.3406956       14.375102
       330.00000       3.0000000       2.3406950       14.375107
       330.00000       10.000000       2.3406956       14.375108
       330.00000       30.000000       2.3406950       14.375114
       330.00000       100.00000       2.3406956       14.375121
       330.00000       300.00000       2.3406950       14.375152
       330.00000       1000.0000       2.3406956       14.375322
       330.00000       3000.0000       2.3406950       14.377033
       330.00000       10000.000       2.3406956       14.377132
       330.00000       30000.000       2.3406950       14.377131
       330.00000       100000.00       2.3406956       14.377116
       330.00000       300000.00       2.3406950       14.377080
       340.00000    0.0010000000       2.3406668       14.394499
       340.00000    0.0030000000       2.3406673       14.394531
       340.00000     0.010000000       2.3406691       14.394639
       340.00000     0.030000000       2.3406736       14.394905
       340.00000      0.10000000       2.3406830       14.395466
       340.00000      0.30000000       2.3406930       14.395880
       340.00000       1.0000000       2.3406955       14.395987
       340.00000       3.0000000       2.3406950       14.395998
       340.00000       10.000000       2.3406956       14.396000
       340.00000       30.000000       2.3406950       14.396006
       340.00000       100.00000       2.3406957       14.396013
       340.00000       300.00000       2.3406950       14.396044
       340.00000       1000.0000       2.3406956       14.396214
       340.00000       3000.0000       2.3406950       14.397926
       340.00000       10000.000       2.3406956       14.398024
       340.00000       30000.000       2.3406950       14.398023
       340.00000       100000.00       2.3406956       14.398008
       340.00000       300000.00       2.3406950       14.397973
       350.00000    0.0010000000       2.3406666       14.412228
       350.00000    0.0030000000       2.3406670       14.412248
       350.00000     0.010000000       2.3406681       14.412318
       350.00000     0.030000000       2.3406712       14.412498
       350.00000      0.10000000       2.3406789       14.412958
       350.00000      0.30000000       2.3406877       14.413484
       350.00000       1.0000000       2.3406951       14.413705
       350.00000       3.0000000       2.3406950       14.413734
       350.00000       10.000000       2.3406956       14.413738
       350.00000       30.000000       2.3406950       14.413744
       350.00000       100.00000       2.3406957       14.413751
       350.00000       300.00000       2.3406950       14.413782
       350.00000       1000.0000       2.3406956       14.413952
       350.00000       3000.0000       2.3406950       14.415663
       350.00000       10000.000       2.3406956       14.415762
       350.00000       30000.000       2.3406950       14.415761
       350.00000       100000.00       2.3406956       14.415746
       350.00000       300000.00       2.3406950       14.415710
       375.00000    0.0010000000       2.3406672       14.442213
       375.00000    0.0030000000       2.3406666       14.442220
       375.00000     0.010000000       2.3406677       14.442244
       375.00000     0.030000000       2.3406682       14.442311
       375.00000      0.10000000       2.3406723       14.442522
       375.00000      0.30000000       2.3406790       14.442959
       375.00000       1.0000000       2.3406890       14.443520
       375.00000       3.0000000       2.3406951       14.443702
       375.00000       10.000000       2.3406956       14.443731
       375.00000       30.000000       2.3406956       14.443739
       375.00000       100.00000       2.3406956       14.443746
       375.00000       300.00000       2.3406956       14.443776
       375.00000       1000.0000       2.3406956       14.443943
       375.00000       3000.0000       2.3406956       14.445620
       375.00000       10000.000       2.3406956       14.445724
       375.00000       30000.000       2.3406956       14.445758
       375.00000       100000.00       2.3406956       14.445745
       375.00000       300000.00       2.3406956       14.445708
       400.00000    0.0010000000       2.3406664       14.462232
       400.00000    0.0030000000       2.3406664       14.462234
       400.00000     0.010000000       2.3406666       14.462244
       400.00000     0.030000000       2.3406670       14.462270
       400.00000      0.10000000       2.3406685       14.462359
       400.00000      0.30000000       2.3406723       14.462584
       400.00000       1.0000000       2.3406810       14.463108
       400.00000       3.0000000       2.3406889       14.463584
       400.00000       10.000000       2.3406952       14.463737
       400.00000       30.000000       2.3406949       14.463758
       400.00000       100.00000       2.3406955       14.463766
       400.00000       300.00000       2.3406949       14.463789
       400.00000       1000.0000       2.3406955       14.463918
       400.00000       3000.0000       2.3406949       14.465147
       400.00000       10000.000       2.3406955       14.465323
       400.00000       30000.000       2.3406949       14.465809
       400.00000       100000.00       2.3406955       14.465813
       400.00000       300000.00       2.3406949       14.465766
       425.00000    0.0010000000       2.3406664       14.474981
       425.00000    0.0030000000       2.3406664       14.474982
       425.00000     0.010000000       2.3406665       14.474987
       425.00000     0.030000000       2.3406667       14.474998
       425.00000      0.10000000       2.3406673       14.475037
       425.00000      0.30000000       2.3406691       14.475143
       425.00000       1.0000000       2.3406743       14.475456
       425.00000       3.0000000       2.3406831       14.475986
       425.00000       10.000000       2.3406940       14.476412
       425.00000       30.000000       2.3406947       14.476499
       425.00000       100.00000       2.3406955       14.476513
       425.00000       300.00000       2.3406949       14.476532
       425.00000       1000.0000       2.3406955       14.476623
       425.00000       3000.0000       2.3406949       14.477433
       425.00000       10000.000       2.3406955       14.477680
       425.00000       30000.000       2.3406949       14.478588
       425.00000       100000.00       2.3406955       14.478609
       425.00000       300000.00       2.3406949       14.478551
       450.00000    0.0010000000       2.3406664       14.482303
       450.00000    0.0030000000       2.3406670       14.482304
       450.00000     0.010000000       2.3406664       14.482306
       450.00000     0.030000000       2.3406671       14.482311
       450.00000      0.10000000       2.3406668       14.482330
       450.00000      0.30000000       2.3406683       14.482381
       450.00000       1.0000000       2.3406705       14.482547
       450.00000       3.0000000       2.3406773       14.482920
       450.00000       10.000000       2.3406865       14.483514
       450.00000       30.000000       2.3406947       14.483780
       450.00000       100.00000       2.3406949       14.483830
       450.00000       300.00000       2.3406955       14.483847
       450.00000       1000.0000       2.3406949       14.483901
       450.00000       3000.0000       2.3406955       14.484317
       450.00000       10000.000       2.3406949       14.484633
       450.00000       30000.000       2.3406955       14.485936
       450.00000       100000.00       2.3406949       14.485973
       450.00000       300000.00       2.3406955       14.485906
       475.00000    0.0010000000       2.3406662       14.486900
       475.00000    0.0030000000       2.3406663       14.486899
       475.00000     0.010000000       2.3406664       14.486900
       475.00000     0.030000000       2.3406664       14.486903
       475.00000      0.10000000       2.3406666       14.486912
       475.00000      0.30000000       2.3406670       14.486938
       475.00000       1.0000000       2.3406685       14.487026
       475.00000       3.0000000       2.3406722       14.487250
       475.00000       10.000000       2.3406809       14.487771
       475.00000       30.000000       2.3406889       14.488252
       475.00000       100.00000       2.3406946       14.488409
       475.00000       300.00000       2.3406949       14.488435
       475.00000       1000.0000       2.3406949       14.488472
       475.00000       3000.0000       2.3406949       14.488687
       475.00000       10000.000       2.3406949       14.489003
       475.00000       30000.000       2.3406949       14.490324
       475.00000       100000.00       2.3406949       14.490668
       475.00000       300000.00       2.3406949       14.490595
       500.00000    0.0010000000       2.3406642       14.492409
       500.00000    0.0030000000       2.3406661       14.492398
       500.00000     0.010000000       2.3406663       14.492397
       500.00000     0.030000000       2.3406664       14.492398
       500.00000      0.10000000       2.3406665       14.492403
       500.00000      0.30000000       2.3406667       14.492417
       500.00000       1.0000000       2.3406675       14.492466
       500.00000       3.0000000       2.3406697       14.492595
       500.00000       10.000000       2.3406758       14.492960
       500.00000       30.000000       2.3406849       14.493509
       500.00000       100.00000       2.3406945       14.493860
       500.00000       300.00000       2.3406948       14.493923
       500.00000       1000.0000       2.3406955       14.493949
       500.00000       3000.0000       2.3406949       14.494008
       500.00000       10000.000       2.3406955       14.494308
       500.00000       30000.000       2.3406949       14.495580
       500.00000       100000.00       2.3406955       14.496288
       500.00000       300000.00       2.3406949       14.496194
       575.00000    0.0010000000       2.3404867       14.523599
       575.00000    0.0030000000       2.3405584       14.523272
       575.00000     0.010000000       2.3406471       14.522947
       575.00000     0.030000000       2.3406643       14.522876
       575.00000      0.10000000       2.3406662       14.522868
       575.00000      0.30000000       2.3406664       14.522870
       575.00000       1.0000000       2.3406666       14.522880
       575.00000       3.0000000       2.3406671       14.522909
       575.00000       10.000000       2.3406687       14.523005
       575.00000       30.000000       2.3406727       14.523246
       575.00000       100.00000       2.3406817       14.523787
       575.00000       300.00000       2.3406893       14.524247
       575.00000       1000.0000       2.3406946       14.524391
       575.00000       3000.0000       2.3406949       14.524433
       575.00000       10000.000       2.3406949       14.524557
       575.00000       30000.000       2.3406949       14.525034
       575.00000       100000.00       2.3406949       14.527128
       575.00000       300000.00       2.3406949       14.528717
       650.00000    0.0010000000       2.3404493       14.553374
       650.00000    0.0030000000       2.3404434       14.553368
       650.00000     0.010000000       2.3404781       14.553308
       650.00000     0.030000000       2.3405332       14.553082
       650.00000      0.10000000       2.3406358       14.552753
       650.00000      0.30000000       2.3406632       14.552651
       650.00000       1.0000000       2.3406661       14.552639
       650.00000       3.0000000       2.3406672       14.552646
       650.00000       10.000000       2.3406671       14.552675
       650.00000       30.000000       2.3406690       14.552755
       650.00000       100.00000       2.3406725       14.553001
       650.00000       300.00000       2.3406810       14.553480
       650.00000       1000.0000       2.3406891       14.554009
       650.00000       3000.0000       2.3406952       14.554162
       650.00000       10000.000       2.3406949       14.554237
       650.00000       30000.000       2.3406956       14.554433
       650.00000       100000.00       2.3406949       14.555959
       650.00000       300000.00       2.3406956       14.565312
       725.00000    0.0010000000       2.3404514       14.606186
       725.00000    0.0030000000       2.3404520       14.606186
       725.00000     0.010000000       2.3404516       14.606185
       725.00000     0.030000000       2.3404545       14.606177
       725.00000      0.10000000       2.3404957       14.606108
       725.00000      0.30000000       2.3405534       14.605887
       725.00000       1.0000000       2.3406455       14.605632
       725.00000       3.0000000       2.3406646       14.605571
       725.00000       10.000000       2.3406666       14.605573
       725.00000       30.000000       2.3406672       14.605603
       725.00000       100.00000       2.3406688       14.605704
       725.00000       300.00000       2.3406730       14.605957
       725.00000       1000.0000       2.3406822       14.606513
       725.00000       3000.0000       2.3406895       14.606965
       725.00000       10000.000       2.3406953       14.607122
       725.00000       30000.000       2.3406950       14.607235
       725.00000       100000.00       2.3406957       14.607984
       725.00000       300000.00       2.3406953       14.614412
       800.00000    0.0010000000       2.3404514       14.693271
       800.00000    0.0030000000       2.3404520       14.693271
       800.00000     0.010000000       2.3404514       14.693271
       800.00000     0.030000000       2.3404521       14.693271
       800.00000      0.10000000       2.3404523       14.693268
       800.00000      0.30000000       2.3404786       14.693248
       800.00000       1.0000000       2.3405260       14.693125
       800.00000       3.0000000       2.3406268       14.692898
       800.00000       10.000000       2.3406730       14.692772
       800.00000       30.000000       2.3406710       14.692766
       800.00000       100.00000       2.3406690       14.692810
       800.00000       300.00000       2.3406701       14.692934
       800.00000       1000.0000       2.3406756       14.693290
       800.00000       3000.0000       2.3406847       14.693845
       800.00000       10000.000       2.3406949       14.694241
       800.00000       30000.000       2.3406959       14.694366
       800.00000       100000.00       2.3406977       14.694677
       800.00000       300000.00       2.3406978       14.695999
       900.00000    0.0010000000       2.3404530       14.813161
       900.00000    0.0030000000       2.3404521       14.813163
       900.00000     0.010000000       2.3404525       14.813165
       900.00000     0.030000000       2.3404517       14.813165
       900.00000      0.10000000       2.3404522       14.813166
       900.00000      0.30000000       2.3404517       14.813166
       900.00000       1.0000000       2.3404542       14.813162
       900.00000       3.0000000       2.3404910       14.813131
       900.00000       10.000000       2.3405549       14.812991
       900.00000       30.000000       2.3406502       14.812835
       900.00000       100.00000       2.3406777       14.812797
       900.00000       300.00000       2.3406823       14.812843
       900.00000       1000.0000       2.3406853       14.813013
       900.00000       3000.0000       2.3406847       14.813397
       900.00000       10000.000       2.3406911       14.814013
       900.00000       30000.000       2.3406982       14.814314
       900.00000       100000.00       2.3406980       14.814525
       900.00000       300000.00       2.3406986       14.815077
       1000.0000    0.0010000000       2.3404544       14.963011
       1000.0000    0.0030000000       2.3404525       14.963012
       1000.0000     0.010000000       2.3404524       14.963013
       1000.0000     0.030000000       2.3404534       14.963013
       1000.0000      0.10000000       2.3404529       14.963013
       1000.0000      0.30000000       2.3404536       14.963013
       1000.0000       1.0000000       2.3404530       14.963013
       1000.0000       3.0000000       2.3404546       14.963012
       1000.0000       10.000000       2.3404858       14.962998
       1000.0000       30.000000       2.3405299       14.962932
       1000.0000       100.00000       2.3406381       14.962804
       1000.0000       300.00000       2.3406769       14.962770
       1000.0000       1000.0000       2.3406845       14.962849
       1000.0000       3000.0000       2.3406887       14.963076
       1000.0000       10000.000       2.3406973       14.963616
       1000.0000       30000.000       2.3407085       14.964140
       1000.0000       100000.00       2.3407033       14.964409
       1000.0000       300000.00       2.3406997       14.964745
       1100.0000    0.0010000000       2.3406321       15.132351
       1100.0000    0.0030000000       2.3405109       15.132662
       1100.0000     0.010000000       2.3404678       15.132785
       1100.0000     0.030000000       2.3404581       15.132822
       1100.0000      0.10000000       2.3404559       15.132835
       1100.0000      0.30000000       2.3404528       15.132839
       1100.0000       1.0000000       2.3404532       15.132840
       1100.0000       3.0000000       2.3404535       15.132841
       1100.0000       10.000000       2.3404546       15.132840
       1100.0000       30.000000       2.3404846       15.132834
       1100.0000       100.00000       2.3405287       15.132793
       1100.0000       300.00000       2.3406306       15.132721
       1100.0000       1000.0000       2.3406772       15.132723
       1100.0000       3000.0000       2.3406855       15.132852
       1100.0000       10000.000       2.3406924       15.133238
       1100.0000       30000.000       2.3407015       15.133825
       1100.0000       100000.00       2.3407104       15.134259
       1100.0000       300000.00       2.3407113       15.134523
       1200.0000    0.0010000000       2.3409891       15.320765
       1200.0000    0.0030000000       2.3410881       15.320761
       1200.0000     0.010000000       2.3411107       15.320760
       1200.0000     0.030000000       2.3408333       15.321355
       1200.0000      0.10000000       2.3406597       15.321974
       1200.0000      0.30000000       2.3405243       15.322392
       1200.0000       1.0000000       2.3404737       15.322563
       1200.0000       3.0000000       2.3404603       15.322615
       1200.0000       10.000000       2.3404537       15.322634
       1200.0000       30.000000       2.3404541       15.322640
       1200.0000       100.00000       2.3404875       15.322639
       1200.0000       300.00000       2.3405336       15.322624
       1200.0000       1000.0000       2.3406412       15.322605
       1200.0000       3000.0000       2.3406789       15.322658
       1200.0000       10000.000       2.3406893       15.322934
       1200.0000       30000.000       2.3406972       15.323453
       1200.0000       100000.00       2.3407096       15.324048
       1200.0000       300000.00       2.3407118       15.324335
       1300.0000    0.0010000000       2.3399975       15.520546
       1300.0000    0.0030000000       2.3405164       15.520539
       1300.0000     0.010000000       2.3408306       15.520534
       1300.0000     0.030000000       2.3409887       15.520532
       1300.0000      0.10000000       2.3410965       15.520530
       1300.0000      0.30000000       2.3410442       15.520529
       1300.0000       1.0000000       2.3409334       15.520529
       1300.0000       3.0000000       2.3407063       15.521498
       1300.0000       10.000000       2.3405892       15.521965
       1300.0000       30.000000       2.3404991       15.522261
       1300.0000       100.00000       2.3404705       15.522379
       1300.0000       300.00000       2.3404953       15.522422
       1300.0000       1000.0000       2.3405561       15.522460
       1300.0000       3000.0000       2.3406529       15.522490
       1300.0000       10000.000       2.3406840       15.522718
       1300.0000       30000.000       2.3406940       15.523137
       1300.0000       100000.00       2.3407067       15.523806
       1300.0000       300000.00       2.3407114       15.524179
       1400.0000    0.0010000000       2.3359627       15.750255
       1400.0000    0.0030000000       2.3381633       15.750263
       1400.0000     0.010000000       2.3395445       15.750262
       1400.0000     0.030000000       2.3402504       15.750260
       1400.0000      0.10000000       2.3406854       15.750258
       1400.0000      0.30000000       2.3409012       15.750256
       1400.0000       1.0000000       2.3410394       15.750255
       1400.0000       3.0000000       2.3411020       15.750255
       1400.0000       10.000000       2.3409453       15.750255
       1400.0000       30.000000       2.3409102       15.750255
       1400.0000       100.00000       2.3407006       15.751253
       1400.0000       300.00000       2.3406157       15.751657
       1400.0000       1000.0000       2.3405495       15.752087
       1400.0000       3000.0000       2.3405921       15.752313
       1400.0000       10000.000       2.3406738       15.752545
       1400.0000       30000.000       2.3406895       15.752892
       1400.0000       100000.00       2.3407007       15.753556
       1400.0000       300000.00       2.3407103       15.754039
       1500.0000    0.0010000000       2.3224661       15.999820
       1500.0000    0.0030000000       2.3303289       15.999894
       1500.0000     0.010000000       2.3352306       15.999932
       1500.0000     0.030000000       2.3377476       15.999944
       1500.0000      0.10000000       2.3393085       15.999947
       1500.0000      0.30000000       2.3401190       15.999947
       1500.0000       1.0000000       2.3406066       15.999948
       1500.0000       3.0000000       2.3408646       15.999948
       1500.0000       10.000000       2.3410210       15.999947
       1500.0000       30.000000       2.3410853       15.999948
       1500.0000       100.00000       2.3409412       15.999949
       1500.0000       300.00000       2.3409105       15.999955
       1500.0000       1000.0000       2.3408069       16.000522
       1500.0000       3000.0000       2.3407320       16.001419
       1500.0000       10000.000       2.3407008       16.002223
       1500.0000       30000.000       2.3406979       16.002692
       1500.0000       100000.00       2.3407060       16.003342
       1500.0000       300000.00       2.3407143       16.003912
       1600.0000    0.0010000000       2.2844226       16.209157
       1600.0000    0.0030000000       2.3080363       16.209411
       1600.0000     0.010000000       2.3228997       16.209561
       1600.0000     0.030000000       2.3305897       16.209632
       1600.0000      0.10000000       2.3353784       16.209667
       1600.0000      0.30000000       2.3378416       16.209680
       1600.0000       1.0000000       2.3393776       16.209686
       1600.0000       3.0000000       2.3401519       16.209688
       1600.0000       10.000000       2.3406244       16.209690
       1600.0000       30.000000       2.3408765       16.209691
       1600.0000       100.00000       2.3410285       16.209693
       1600.0000       300.00000       2.3410189       16.209697
       1600.0000       1000.0000       2.3409264       16.209720
       1600.0000       3000.0000       2.3409295       16.209842
       1600.0000       10000.000       2.3409090       16.210923
       1600.0000       30000.000       2.3408642       16.212119
       1600.0000       100000.00       2.3407787       16.213043
       1600.0000       300000.00       2.3407607       16.213654
       1700.0000    0.0010000000       2.1943575       16.417805
       1700.0000    0.0030000000       2.2537193       16.418544
       1700.0000     0.010000000       2.2923432       16.418980
       1700.0000     0.030000000       2.3127006       16.419195
       1700.0000      0.10000000       2.3254976       16.419321
       1700.0000      0.30000000       2.3320962       16.419378
       1700.0000       1.0000000       2.3362213       16.419407
       1700.0000       3.0000000       2.3383227       16.419420
       1700.0000       10.000000       2.3396314       16.419426
       1700.0000       30.000000       2.3403085       16.419429
       1700.0000       100.00000       2.3407217       16.419432
       1700.0000       300.00000       2.3409231       16.419436
       1700.0000       1000.0000       2.3410530       16.419453
       1700.0000       3000.0000       2.3409612       16.419542
       1700.0000       10000.000       2.3409944       16.420011
       1700.0000       30000.000       2.3410769       16.420806
       1700.0000       100000.00       2.3409714       16.422311
       1700.0000       300000.00       2.3408637       16.423259
       1800.0000    0.0010000000       2.0199560       16.614780
       1800.0000    0.0030000000       2.1412153       16.616816
       1800.0000     0.010000000       2.2264090       16.617963
       1800.0000     0.030000000       2.2733003       16.618516
       1800.0000      0.10000000       2.3034468       16.618845
       1800.0000      0.30000000       2.3192258       16.619005
       1800.0000       1.0000000       2.3291199       16.619096
       1800.0000       3.0000000       2.3342137       16.619138
       1800.0000       10.000000       2.3373816       16.619160
       1800.0000       30.000000       2.3390029       16.619171
       1800.0000       100.00000       2.3400072       16.619177
       1800.0000       300.00000       2.3405321       16.619182
       1800.0000       1000.0000       2.3408456       16.619195
       1800.0000       3000.0000       2.3410073       16.619259
       1800.0000       10000.000       2.3410091       16.619675
       1800.0000       30000.000       2.3410521       16.620729
       1800.0000       100000.00       2.3411211       16.621783
       1800.0000       300000.00       2.3410920       16.622249
       1900.0000    0.0010000000       1.7640364       16.797724
       1900.0000    0.0030000000       1.9498714       16.803131
       1900.0000     0.010000000       2.1037223       16.806021
       1900.0000     0.030000000       2.1966078       16.807351
       1900.0000      0.10000000       2.2593460       16.808119
       1900.0000      0.30000000       2.2931255       16.808495
       1900.0000       1.0000000       2.3145903       16.808718
       1900.0000       3.0000000       2.3257489       16.808824
       1900.0000       10.000000       2.3327302       16.808884
       1900.0000       30.000000       2.3363013       16.808912
       1900.0000       100.00000       2.3385342       16.808929
       1900.0000       300.00000       2.3396752       16.808938
       1900.0000       1000.0000       2.3403649       16.808951
       1900.0000       3000.0000       2.3407351       16.808999
       1900.0000       10000.000       2.3409821       16.809334
       1900.0000       30000.000       2.3410743       16.810517
       1900.0000       100000.00       2.3410931       16.812178
       1900.0000       300000.00       2.3410923       16.812900
       2000.0000    0.0010000000       1.5135987       16.961492
       2000.0000    0.0030000000       1.7025154       16.975210
       2000.0000     0.010000000       1.9138072       16.982146
       2000.0000     0.030000000       2.0665590       16.985215
       2000.0000      0.10000000       2.1803286       16.986919
       2000.0000      0.30000000       2.2450559       16.987729
       2000.0000       1.0000000       2.2873838       16.988207
       2000.0000       3.0000000       2.3097964       16.988440
       2000.0000       10.000000       2.3238761       16.988577
       2000.0000       30.000000       2.3311788       16.988642
       2000.0000       100.00000       2.3357066       16.988679
       2000.0000       300.00000       2.3380344       16.988699
       2000.0000       1000.0000       2.3394748       16.988716
       2000.0000       3000.0000       2.3402102       16.988755
       2000.0000       10000.000       2.3406909       16.989017
       2000.0000       30000.000       2.3409781       16.990193
       2000.0000       100000.00       2.3411217       16.992541
       2000.0000       300000.00       2.3410835       16.993737
       2150.0000    0.0010000000       1.3271290       17.106273
       2150.0000    0.0030000000       1.4092537       17.194813
       2150.0000     0.010000000       1.5774309       17.224522
       2150.0000     0.030000000       1.7748617       17.234477
       2150.0000      0.10000000       1.9744258       17.239663
       2150.0000      0.30000000       2.1098727       17.242013
       2150.0000       1.0000000       2.2072984       17.243345
       2150.0000       3.0000000       2.2616654       17.243988
       2150.0000       10.000000       2.2968638       17.244368
       2150.0000       30.000000       2.3153687       17.244554
       2150.0000       100.00000       2.3269888       17.244662
       2150.0000       300.00000       2.3329752       17.244716
       2150.0000       1000.0000       2.3367028       17.244751
       2150.0000       3000.0000       2.3386075       17.244790
       2150.0000       10000.000       2.3397874       17.244976
       2150.0000       30000.000       2.3404332       17.245989
       2150.0000       100000.00       2.3409016       17.249209
       2150.0000       300000.00       2.3411480       17.251673
       2300.0000    0.0010000000       1.2846221       16.773826
       2300.0000    0.0030000000       1.3054066       17.235420
       2300.0000     0.010000000       1.3673429       17.402335
       2300.0000     0.030000000       1.4890208       17.448712
       2300.0000      0.10000000       1.6913415       17.464980
       2300.0000      0.30000000       1.8867006       17.471213
       2300.0000       1.0000000       2.0593660       17.474597
       2300.0000       3.0000000       2.1676160       17.476174
       2300.0000       10.000000       2.2422227       17.477088
       2300.0000       30.000000       2.2828675       17.477533
       2300.0000       100.00000       2.3088404       17.477798
       2300.0000       300.00000       2.3224026       17.477927
       2300.0000       1000.0000       2.3308821       17.478006
       2300.0000       3000.0000       2.3352377       17.478059
       2300.0000       10000.000       2.3379499       17.478206
       2300.0000       30000.000       2.3393358       17.479014
       2300.0000       100000.00       2.3402776       17.482660
       2300.0000       300000.00       2.3407979       17.486963
       2450.0000    0.0010000000       1.2761042       15.027102
       2450.0000    0.0030000000       1.2812721       16.700510
       2450.0000     0.010000000       1.2985097       17.388854
       2450.0000     0.030000000       1.3422491       17.596596
       2450.0000      0.10000000       1.4541128       17.668835
       2450.0000      0.30000000       1.6258557       17.688648
       2450.0000       1.0000000       1.8430951       17.696849
       2450.0000       3.0000000       2.0134161       17.700415
       2450.0000       10.000000       2.1462121       17.702423
       2450.0000       30.000000       2.2237198       17.703384
       2450.0000       100.00000       2.2751221       17.703951
       2450.0000       300.00000       2.3025308       17.704228
       2450.0000       1000.0000       2.3198453       17.704394
       2450.0000       3000.0000       2.3288402       17.704485
       2450.0000       10000.000       2.3344146       17.704622
       2450.0000       30000.000       2.3372905       17.705259
       2450.0000       100000.00       2.3391186       17.708908
       2450.0000       300000.00       2.3401149       17.715202
       2600.0000    0.0010000000       1.2741450       11.068979
       2600.0000    0.0030000000       1.2755994       14.741669
       2600.0000     0.010000000       1.2805653       16.805261
       2600.0000     0.030000000       1.2942002       17.521544
       2600.0000      0.10000000       1.3369328       17.788523
       2600.0000      0.30000000       1.4300742       17.865242
       2600.0000       1.0000000       1.6098151       17.890995
       2600.0000       3.0000000       1.8086098       17.899089
       2600.0000       10.000000       2.0010582       17.903209
       2600.0000       30.000000       2.1283210       17.905124
       2600.0000       100.00000       2.2185959       17.906234
       2600.0000       300.00000       2.2685578       17.906775
       2600.0000       1000.0000       2.3007696       17.907096
       2600.0000       3000.0000       2.3176678       17.907259
       2600.0000       10000.000       2.3282623       17.907415
       2600.0000       30000.000       2.3337027       17.907934
       2600.0000       100000.00       2.3371202       17.911331
       2600.0000       300000.00       2.3389410       17.919348
       2800.0000    0.0010000000       1.2734866       5.5261755
       2800.0000    0.0030000000       1.2738497       9.6182385
       2800.0000     0.010000000       1.2749841       14.115370
       2800.0000     0.030000000       1.2781305       16.529008
       2800.0000      0.10000000       1.2887904       17.622114
       2800.0000      0.30000000       1.3170245       17.967036
       2800.0000       1.0000000       1.3968602       18.090938
       2800.0000       3.0000000       1.5399466       18.125424
       2800.0000       10.000000       1.7526845       18.137463
       2800.0000       30.000000       1.9403867       18.141948
       2800.0000       100.00000       2.0972007       18.144410
       2800.0000       300.00000       2.1923975       18.145587
       2800.0000       1000.0000       2.2568784       18.146277
       2800.0000       3000.0000       2.2916569       18.146616
       2800.0000       10000.000       2.3137611       18.146854
       2800.0000       30000.000       2.3252688       18.147291
       2800.0000       100000.00       2.3324505       18.150224
       2800.0000       300000.00       2.3361943       18.159744
       3000.0000    0.0010000000       1.2732219       2.8822268
       3000.0000    0.0030000000       1.2733759       5.0962571
       3000.0000     0.010000000       1.2737361       9.4358925
       3000.0000     0.030000000       1.2746310       13.687892
       3000.0000      0.10000000       1.2776053       16.589495
       3000.0000      0.30000000       1.2858392       17.720513
       3000.0000       1.0000000       1.3127370       18.165182
       3000.0000       3.0000000       1.3770435       18.297601
       3000.0000       10.000000       1.5224579       18.343420
       3000.0000       30.000000       1.7131140       18.356129
       3000.0000       100.00000       1.9230479       18.361456
       3000.0000       300.00000       2.0733124       18.363791
       3000.0000       1000.0000       2.1845742       18.365132
       3000.0000       3000.0000       2.2476674       18.365782
       3000.0000       10000.000       2.2888827       18.366190
       3000.0000       30000.000       2.3106548       18.366632
       3000.0000       100000.00       2.3243405       18.369151
       3000.0000       300000.00       2.3314428       18.379286
       3250.0000    0.0010000000       1.2727920       2.2619737
       3250.0000    0.0030000000       1.2729798       3.0116895
       3250.0000     0.010000000       1.2732099       5.0326710
       3250.0000     0.030000000       1.2735134       8.5997280
       3250.0000      0.10000000       1.2743103       13.328356
       3250.0000      0.30000000       1.2763987       16.333811
       3250.0000       1.0000000       1.2834400       17.848852
       3250.0000       3.0000000       1.3024915       18.357543
       3250.0000       10.000000       1.3599374       18.547048
       3250.0000       30.000000       1.4754682       18.601796
       3250.0000       100.00000       1.6737562       18.620299
       3250.0000       300.00000       1.8705771       18.626002
       3250.0000       1000.0000       2.0476601       18.628824
       3250.0000       3000.0000       2.1598458       18.630143
       3250.0000       10000.000       2.2375716       18.630933
       3250.0000       30000.000       2.2800295       18.631509
       3250.0000       100000.00       2.3071972       18.633702
       3250.0000       300000.00       2.3214156       18.643795
       3500.0000    0.0010000000       1.2725350       3.7334442
       3500.0000    0.0030000000       1.2725918       3.9750765
       3500.0000     0.010000000       1.2727312       4.7120030
       3500.0000     0.030000000       1.2729539       6.3158988
       3500.0000      0.10000000       1.2733492       9.6412236
       3500.0000      0.30000000       1.2740845       13.492485
       3500.0000       1.0000000       1.2762869       16.646591
       3500.0000       3.0000000       1.2822645       18.032111
       3500.0000       10.000000       1.3020461       18.611507
       3500.0000       30.000000       1.3514282       18.791215
       3500.0000       100.00000       1.4733801       18.855678
       3500.0000       300.00000       1.6519000       18.873549
       3500.0000       1000.0000       1.8680163       18.880020
       3500.0000       3000.0000       2.0325012       18.882522
       3500.0000       10000.000       2.1585619       18.883939
       3500.0000       30000.000       2.2314628       18.884791
       3500.0000       100000.00       2.2795433       18.886868
       3500.0000       300000.00       2.3050967       18.896533
       3750.0000    0.0010000000       1.2724957       8.3016176
       3750.0000    0.0030000000       1.2725087       8.3463067
       3750.0000     0.010000000       1.2725361       8.4984504
       3750.0000     0.030000000       1.2726005       8.9001533
       3750.0000      0.10000000       1.2727801       10.030034
       3750.0000      0.30000000       1.2731546       12.055335
       3750.0000       1.0000000       1.2740805       14.976963
       3750.0000       3.0000000       1.2763059       17.157689
       3750.0000       10.000000       1.2835812       18.418000
       3750.0000       30.000000       1.3031168       18.873675
       3750.0000       100.00000       1.3617459       19.049631
       3750.0000       300.00000       1.4788796       19.101783
       3750.0000       1000.0000       1.6782717       19.119573
       3750.0000       3000.0000       1.8747544       19.124780
       3750.0000       10000.000       2.0506939       19.127217
       3750.0000       30000.000       2.1618261       19.128487
       3750.0000       100000.00       2.2387212       19.130613
       3750.0000       300000.00       2.2806863       19.139775
       4000.0000    0.0010000000       1.2724392       13.910777
       4000.0000    0.0030000000       1.2724709       13.915293
       4000.0000     0.010000000       1.2724933       13.930946
       4000.0000     0.030000000       1.2725178       13.974806
       4000.0000      0.10000000       1.2725697       14.121477
       4000.0000      0.30000000       1.2727023       14.489898
       4000.0000       1.0000000       1.2731100       15.402104
       4000.0000       3.0000000       1.2741058       16.694947
       4000.0000       10.000000       1.2771810       18.052089
       4000.0000       30.000000       1.2853776       18.810263
       4000.0000       100.00000       1.3118902       19.177422
       4000.0000       300.00000       1.3753073       19.299209
       4000.0000       1000.0000       1.5193908       19.343895
       4000.0000       3000.0000       1.7095059       19.356334
       4000.0000       10000.000       1.9199184       19.360874
       4000.0000       30000.000       2.0710001       19.362770
       4000.0000       100000.00       2.1830787       19.365074
       4000.0000       300000.00       2.2466812       19.373774
