Li Na K Rb Cs
  4.7999E-38  4.7999E-38  4.7999E-38  4.7999E-38  4.7999E-38
  4.7999E-38  4.7999E-38  4.7999E-38  4.7999E-38  4.7999E-38
  4.7999E-38  4.7999E-38  4.7999E-38  4.7999E-38  4.7999E-38
  4.7999E-38  4.7999E-38  4.7999E-38  4.7999E-38  4.7999E-38
  4.7999E-38  4.7999E-38  4.7999E-38  4.7999E-38  4.7999E-38
  4.7999E-38  4.7999E-38  4.7999E-38  4.7999E-38  4.7999E-38
  4.7999E-38  4.7999E-38  4.7999E-38  4.7999E-38  4.7999E-38
  4.7999E-38  4.7999E-38  4.7999E-38  4.7999E-38  4.7999E-38
  4.7999E-38  4.7999E-38  4.7999E-38  4.7999E-38  4.7999E-38
  4.7999E-38  4.7999E-38  4.7999E-38  4.7999E-38  4.7999E-38
  4.7999E-38  4.7999E-38  4.7999E-38  4.7999E-38  4.7999E-38
  4.7999E-38  4.7999E-38  4.7999E-38  4.7999E-38  4.7999E-38
  4.8792E-38  4.8792E-38  4.8792E-38  4.8792E-38  4.8792E-38
  4.9103E-38  4.9103E-38  4.9103E-38  4.9103E-38  4.9103E-38
  4.9212E-38  4.9212E-38  4.9212E-38  4.9212E-38  4.9212E-38
  4.7946E-38  4.7946E-38  4.7946E-38  4.7946E-38  4.7946E-38
  4.7981E-38  4.7981E-38  4.7981E-38  4.7981E-38  4.7981E-38
  4.7994E-38  4.7994E-38  4.7994E-38  4.7994E-38  4.7994E-38
  4.7997E-38  4.7997E-38  4.7997E-38  4.7997E-38  4.7997E-38
  4.7999E-38  4.7999E-38  4.7999E-38  4.7999E-38  4.7999E-38
  4.7999E-38  4.7999E-38  4.7999E-38  4.7999E-38  4.7999E-38
  4.7999E-38  4.7999E-38  4.7999E-38  4.7999E-38  4.7999E-38
  4.7999E-38  4.7999E-38  4.7999E-38  4.7999E-38  4.7999E-38
  4.7999E-38  4.7999E-38  4.7999E-38  4.7999E-38  4.7999E-38
  4.7999E-38  4.7999E-38  4.7999E-38  4.7999E-38  4.7999E-38
  4.7999E-38  4.7999E-38  4.7999E-38  4.7999E-38  4.7999E-38
  4.7999E-38  4.7999E-38  4.7999E-38  4.7999E-38  4.7999E-38
  4.7999E-38  4.7999E-38  4.7999E-38  4.7999E-38  4.7999E-38
  4.7999E-38  4.7999E-38  4.7999E-38  4.7999E-38  4.7999E-38
  4.7999E-38  4.7999E-38  4.7999E-38  4.7999E-38  4.7999E-38
  4.8705E-38  4.8705E-38  4.8705E-38  4.8705E-38  4.8705E-38
  4.7640E-38  4.7640E-38  4.7640E-38  4.7640E-38  4.7640E-38
  4.7640E-38  4.7640E-38  4.7640E-38  4.7640E-38  4.7640E-38
  4.7851E-38  4.7851E-38  4.7851E-38  4.7851E-38  4.7851E-38
  4.7950E-38  4.7950E-38  4.7950E-38  4.7950E-38  4.7950E-38
  4.7984E-38  4.7984E-38  4.7984E-38  4.7984E-38  4.7984E-38
  4.7994E-38  4.7994E-38  4.7994E-38  4.7994E-38  4.7994E-38
  4.7998E-38  4.7998E-38  4.7998E-38  4.7998E-38  4.7998E-38
  4.7999E-38  4.7999E-38  4.7999E-38  4.7999E-38  4.7999E-38
  4.7999E-38  4.7999E-38  4.7999E-38  4.7999E-38  4.7999E-38
  4.7999E-38  4.7999E-38  4.7999E-38  4.7999E-38  4.7999E-38
  4.7999E-38  4.7999E-38  4.7999E-38  4.7999E-38  4.7999E-38
  4.7999E-38  4.7999E-38  4.7999E-38  4.7999E-38  4.7999E-38
  4.7999E-38  4.7999E-38  4.7999E-38  4.7999E-38  4.7999E-38
  4.7999E-38  4.7999E-38  4.7999E-38  4.7999E-38  4.7999E-38
  4.7999E-38  4.7999E-38  4.7999E-38  4.7999E-38  4.7999E-38
  4.7999E-38  4.7999E-38  4.7999E-38  4.7999E-38  4.7999E-38
  4.8823E-38  4.8823E-38  4.8823E-38  4.8823E-38  4.8823E-38
  4.7640E-38  4.7640E-38  4.7640E-38  4.7640E-38  4.7640E-38
  4.7640E-38  4.7640E-38  4.7640E-38  4.7640E-38  4.7640E-38
  4.7640E-38  4.7640E-38  4.7640E-38  4.7640E-38  4.7640E-38
  4.7640E-38  4.7640E-38  4.7640E-38  4.7640E-38  4.7640E-38
  4.7763E-38  4.7763E-38  4.7763E-38  4.7763E-38  4.7763E-38
  4.7920E-38  4.7920E-38  4.7920E-38  4.7920E-38  4.7920E-38
  4.7975E-38  4.7975E-38  4.7975E-38  4.7975E-38  4.7975E-38
  4.7991E-38  4.7991E-38  4.7991E-38  4.7991E-38  4.7991E-38
  4.7997E-38  4.7997E-38  4.7997E-38  4.7997E-38  4.7997E-38
  4.7998E-38  4.7998E-38  4.7998E-38  4.7998E-38  4.7998E-38
  4.7999E-38  4.7999E-38  4.7999E-38  4.7999E-38  4.7999E-38
  4.7999E-38  4.7999E-38  4.7999E-38  4.7999E-38  4.7999E-38
  4.7999E-38  4.7999E-38  4.7999E-38  4.7999E-38  4.7999E-38
  4.7999E-38  4.7999E-38  4.7999E-38  4.7999E-38  4.7999E-38
  4.7999E-38  4.7999E-38  4.7999E-38  4.7999E-38  4.7999E-38
  4.7999E-38  4.7999E-38  4.7999E-38  4.7999E-38  4.7999E-38
  4.8297E-38  4.8297E-38  4.8297E-38  4.8297E-38  4.8297E-38
  4.7639E-38  4.7639E-38  4.7639E-38  4.7639E-38  4.7639E-38
  4.7640E-38  4.7640E-38  4.7640E-38  4.7640E-38  4.7640E-38
  4.7640E-38  4.7640E-38  4.7640E-38  4.7640E-38  4.7640E-38
  4.7640E-38  4.7640E-38  4.7640E-38  4.7640E-38  4.7640E-38
  4.7640E-38  4.7640E-38  4.7640E-38  4.7640E-38  4.7640E-38
  4.7640E-38  4.7640E-38  4.7640E-38  4.7640E-38  4.7640E-38
  4.7753E-38  4.7753E-38  4.7753E-38  4.7753E-38  4.7753E-38
  4.7917E-38  4.7917E-38  4.7917E-38  4.7917E-38  4.7917E-38
  4.7974E-38  4.7974E-38  4.7974E-38  4.7974E-38  4.7974E-38
  4.7991E-38  4.7991E-38  4.7991E-38  4.7991E-38  4.7991E-38
  4.7997E-38  4.7997E-38  4.7997E-38  4.7997E-38  4.7997E-38
  4.7998E-38  4.7998E-38  4.7998E-38  4.7998E-38  4.7998E-38
  4.7999E-38  4.7999E-38  4.7999E-38  4.7999E-38  4.7999E-38
  4.7999E-38  4.7999E-38  4.7999E-38  4.7999E-38  4.7999E-38
  4.7999E-38  4.7999E-38  4.7999E-38  4.7999E-38  4.7999E-38
  4.7999E-38  4.7999E-38  4.7999E-38  4.7999E-38  4.7999E-38
  4.7999E-38  4.7999E-38  4.7999E-38  4.7999E-38  4.7999E-38
  4.7628E-38  4.7628E-38  4.7628E-38  4.7628E-38  4.7628E-38
  4.7636E-38  4.7636E-38  4.7636E-38  4.7636E-38  4.7636E-38
  4.7639E-38  4.7639E-38  4.7639E-38  4.7639E-38  4.7639E-38
  4.7639E-38  4.7639E-38  4.7639E-38  4.7639E-38  4.7639E-38
  4.7640E-38  4.7640E-38  4.7640E-38  4.7640E-38  4.7640E-38
  4.7640E-38  4.7640E-38  4.7640E-38  4.7640E-38  4.7640E-38
  4.7640E-38  4.7640E-38  4.7640E-38  4.7640E-38  4.7640E-38
  4.7640E-38  4.7640E-38  4.7640E-38  4.7640E-38  4.7640E-38
  4.7815E-38  4.7815E-38  4.7815E-38  4.7815E-38  4.7815E-38
  4.7938E-38  4.7938E-38  4.7938E-38  4.7938E-38  4.7938E-38
  4.7981E-38  4.7981E-38  4.7981E-38  4.7981E-38  4.7981E-38
  4.7993E-38  4.7993E-38  4.7993E-38  4.7993E-38  4.7993E-38
  4.7997E-38  4.7997E-38  4.7997E-38  4.7997E-38  4.7997E-38
  4.7999E-38  4.7999E-38  4.7999E-38  4.7999E-38  4.7999E-38
  4.7999E-38  4.7999E-38  4.7999E-38  4.7999E-38  4.7999E-38
  4.7999E-38  4.7999E-38  4.7999E-38  4.7999E-38  4.7999E-38
  4.7999E-38  4.7999E-38  4.7999E-38  4.7999E-38  4.7999E-38
  4.7537E-38  4.7537E-38  4.7537E-38  4.7537E-38  4.7537E-38
  4.7569E-38  4.7569E-38  4.7569E-38  4.7569E-38  4.7569E-38
  4.7621E-38  4.7621E-38  4.7621E-38  4.7621E-38  4.7621E-38
  4.7634E-38  4.7634E-38  4.7634E-38  4.7634E-38  4.7634E-38
  4.7638E-38  4.7638E-38  4.7638E-38  4.7638E-38  4.7638E-38
  4.7639E-38  4.7639E-38  4.7639E-38  4.7639E-38  4.7639E-38
  4.7640E-38  4.7640E-38  4.7640E-38  4.7640E-38  4.7640E-38
  4.7640E-38  4.7640E-38  4.7640E-38  4.7640E-38  4.7640E-38
  4.7640E-38  4.7640E-38  4.7640E-38  4.7640E-38  4.7640E-38
  4.7651E-38  4.7651E-38  4.7651E-38  4.7651E-38  4.7651E-38
  4.7894E-38  4.7894E-38  4.7894E-38  4.7894E-38  4.7894E-38
  4.7964E-38  4.7964E-38  4.7964E-38  4.7964E-38  4.7964E-38
  4.7989E-38  4.7989E-38  4.7989E-38  4.7989E-38  4.7989E-38
  4.7996E-38  4.7996E-38  4.7996E-38  4.7996E-38  4.7996E-38
  4.7998E-38  4.7998E-38  4.7998E-38  4.7998E-38  4.7998E-38
  4.7999E-38  4.7999E-38  4.7999E-38  4.7999E-38  4.7999E-38
  4.7999E-38  4.7999E-38  4.7999E-38  4.7999E-38  4.7999E-38
  4.7482E-38  4.7482E-38  4.7482E-38  4.7482E-38  4.7482E-38
  4.7506E-38  4.7506E-38  4.7506E-38  4.7506E-38  4.7506E-38
  4.7514E-38  4.7514E-38  4.7514E-38  4.7514E-38  4.7514E-38
  4.7528E-38  4.7528E-38  4.7528E-38  4.7528E-38  4.7528E-38
  4.7573E-38  4.7573E-38  4.7573E-38  4.7573E-38  4.7573E-38
  4.7596E-38  4.7596E-38  4.7596E-38  4.7596E-38  4.7596E-38
  4.7622E-38  4.7622E-38  4.7622E-38  4.7622E-38  4.7622E-38
  4.7636E-38  4.7636E-38  4.7636E-38  4.7636E-38  4.7636E-38
  4.7639E-38  4.7639E-38  4.7639E-38  4.7639E-38  4.7639E-38
  4.7640E-38  4.7640E-38  4.7640E-38  4.7640E-38  4.7640E-38
  4.7640E-38  4.7640E-38  4.7640E-38  4.7640E-38  4.7640E-38
  4.7839E-38  4.7839E-38  4.7839E-38  4.7839E-38  4.7839E-38
  4.7951E-38  4.7951E-38  4.7951E-38  4.7951E-38  4.7951E-38
  4.7983E-38  4.7983E-38  4.7983E-38  4.7983E-38  4.7983E-38
  4.7994E-38  4.7994E-38  4.7994E-38  4.7994E-38  4.7994E-38
  4.7998E-38  4.7998E-38  4.7998E-38  4.7998E-38  4.7998E-38
  4.7999E-38  4.7999E-38  4.7999E-38  4.7999E-38  4.7999E-38
  4.7174E-38  4.7174E-38  4.7174E-38  4.7174E-38  4.7174E-38
  4.7402E-38  4.7402E-38  4.7402E-38  4.7402E-38  4.7402E-38
  4.7483E-38  4.7483E-38  4.7483E-38  4.7483E-38  4.7483E-38
  4.7506E-38  4.7506E-38  4.7506E-38  4.7506E-38  4.7506E-38
  4.7514E-38  4.7514E-38  4.7514E-38  4.7514E-38  4.7514E-38
  4.7539E-38  4.7539E-38  4.7539E-38  4.7539E-38  4.7539E-38
  4.7571E-38  4.7571E-38  4.7571E-38  4.7571E-38  4.7571E-38
  4.7583E-38  4.7583E-38  4.7583E-38  4.7583E-38  4.7583E-38
  4.7595E-38  4.7595E-38  4.7595E-38  4.7595E-38  4.7595E-38
  4.7614E-38  4.7614E-38  4.7614E-38  4.7614E-38  4.7614E-38
  4.7634E-38  4.7634E-38  4.7634E-38  4.7634E-38  4.7634E-38
  4.7639E-38  4.7639E-38  4.7639E-38  4.7639E-38  4.7639E-38
  4.7815E-38  4.7815E-38  4.7815E-38  4.7815E-38  4.7815E-38
  4.7938E-38  4.7938E-38  4.7938E-38  4.7938E-38  4.7938E-38
  4.7981E-38  4.7981E-38  4.7981E-38  4.7981E-38  4.7981E-38
  4.7993E-38  4.7993E-38  4.7993E-38  4.7993E-38  4.7993E-38
  4.7997E-38  4.7997E-38  4.7997E-38  4.7997E-38  4.7997E-38
  4.5498E-38  4.5498E-38  4.5498E-38  4.5498E-38  4.5498E-38
  4.6672E-38  4.6672E-38  4.6672E-38  4.6672E-38  4.6672E-38
  4.7265E-38  4.7265E-38  4.7265E-38  4.7265E-38  4.7265E-38
  4.7437E-38  4.7437E-38  4.7437E-38  4.7437E-38  4.7437E-38
  4.7497E-38  4.7497E-38  4.7497E-38  4.7497E-38  4.7497E-38
  4.7515E-38  4.7515E-38  4.7515E-38  4.7515E-38  4.7515E-38
  4.7521E-38  4.7521E-38  4.7521E-38  4.7521E-38  4.7521E-38
  4.7562E-38  4.7562E-38  4.7562E-38  4.7562E-38  4.7562E-38
  4.7582E-38  4.7582E-38  4.7582E-38  4.7582E-38  4.7582E-38
  4.7590E-38  4.7590E-38  4.7590E-38  4.7590E-38  4.7590E-38
  4.7600E-38  4.7600E-38  4.7600E-38  4.7600E-38  4.7600E-38
  4.7616E-38  4.7616E-38  4.7616E-38  4.7616E-38  4.7616E-38
  4.7638E-38  4.7638E-38  4.7638E-38  4.7638E-38  4.7638E-38
  4.7802E-38  4.7802E-38  4.7802E-38  4.7802E-38  4.7802E-38
  4.7945E-38  4.7945E-38  4.7945E-38  4.7945E-38  4.7945E-38
  4.7986E-38  4.7986E-38  4.7986E-38  4.7986E-38  4.7986E-38
  4.8000E-38  4.8000E-38  4.8000E-38  4.8000E-38  4.8000E-38
  4.5543E-38  4.5543E-38  4.5543E-38  4.5543E-38  4.5543E-38
  4.5543E-38  4.5543E-38  4.5543E-38  4.5543E-38  4.5543E-38
  4.6039E-38  4.6039E-38  4.6039E-38  4.6039E-38  4.6039E-38
  4.7050E-38  4.7050E-38  4.7050E-38  4.7050E-38  4.7050E-38
  4.7415E-38  4.7415E-38  4.7415E-38  4.7415E-38  4.7415E-38
  4.7520E-38  4.7520E-38  4.7520E-38  4.7520E-38  4.7520E-38
  4.7557E-38  4.7557E-38  4.7557E-38  4.7557E-38  4.7557E-38
  4.7568E-38  4.7568E-38  4.7568E-38  4.7568E-38  4.7568E-38
  4.7597E-38  4.7597E-38  4.7597E-38  4.7597E-38  4.7597E-38
  4.7626E-38  4.7626E-38  4.7626E-38  4.7626E-38  4.7626E-38
  4.7639E-38  4.7639E-38  4.7639E-38  4.7639E-38  4.7639E-38
  4.7650E-38  4.7650E-38  4.7650E-38  4.7650E-38  4.7650E-38
  4.7671E-38  4.7671E-38  4.7671E-38  4.7671E-38  4.7671E-38
  4.7695E-38  4.7695E-38  4.7695E-38  4.7695E-38  4.7695E-38
  4.7889E-38  4.7889E-38  4.7889E-38  4.7889E-38  4.7889E-38
  4.8009E-38  4.8009E-38  4.8009E-38  4.8009E-38  4.8009E-38
  4.8051E-38  4.8051E-38  4.8051E-38  4.8051E-38  4.8051E-38
  4.5552E-38  4.5552E-38  4.5552E-38  4.5552E-38  4.5552E-38
  4.5552E-38  4.5552E-38  4.5552E-38  4.5552E-38  4.5552E-38
  4.5552E-38  4.5552E-38  4.5552E-38  4.5552E-38  4.5552E-38
  4.5552E-38  4.5552E-38  4.5552E-38  4.5552E-38  4.5552E-38
  4.6792E-38  4.6792E-38  4.6792E-38  4.6792E-38  4.6792E-38
  4.7316E-38  4.7316E-38  4.7316E-38  4.7316E-38  4.7316E-38
  4.7503E-38  4.7503E-38  4.7503E-38  4.7503E-38  4.7503E-38
  4.7556E-38  4.7556E-38  4.7556E-38  4.7556E-38  4.7556E-38
  4.7576E-38  4.7576E-38  4.7576E-38  4.7576E-38  4.7576E-38
  4.7589E-38  4.7589E-38  4.7589E-38  4.7589E-38  4.7589E-38
  4.7635E-38  4.7635E-38  4.7635E-38  4.7635E-38  4.7635E-38
  4.7654E-38  4.7654E-38  4.7654E-38  4.7654E-38  4.7654E-38
  4.7677E-38  4.7677E-38  4.7677E-38  4.7677E-38  4.7677E-38
  4.7704E-38  4.7704E-38  4.7704E-38  4.7704E-38  4.7704E-38
  4.7721E-38  4.7721E-38  4.7721E-38  4.7721E-38  4.7721E-38
  4.7928E-38  4.7928E-38  4.7928E-38  4.7928E-38  4.7928E-38
  4.8037E-38  4.8037E-38  4.8037E-38  4.8037E-38  4.8037E-38
  4.5552E-38  4.5552E-38  4.5552E-38  4.5552E-38  4.5552E-38
  4.5553E-38  4.5553E-38  4.5553E-38  4.5553E-38  4.5553E-38
  4.5552E-38  4.5552E-38  4.5552E-38  4.5552E-38  4.5552E-38
  4.5552E-38  4.5552E-38  4.5552E-38  4.5552E-38  4.5552E-38
  4.5552E-38  4.5552E-38  4.5552E-38  4.5552E-38  4.5552E-38
  4.6444E-38  4.6444E-38  4.6444E-38  4.6444E-38  4.6444E-38
  4.7236E-38  4.7236E-38  4.7236E-38  4.7236E-38  4.7236E-38
  4.7467E-38  4.7467E-38  4.7467E-38  4.7467E-38  4.7467E-38
  4.7549E-38  4.7549E-38  4.7549E-38  4.7549E-38  4.7549E-38
  4.7573E-38  4.7573E-38  4.7573E-38  4.7573E-38  4.7573E-38
  4.7583E-38  4.7583E-38  4.7583E-38  4.7583E-38  4.7583E-38
  4.7636E-38  4.7636E-38  4.7636E-38  4.7636E-38  4.7636E-38
  4.7670E-38  4.7670E-38  4.7670E-38  4.7670E-38  4.7670E-38
  4.7700E-38  4.7700E-38  4.7700E-38  4.7700E-38  4.7700E-38
  4.7720E-38  4.7720E-38  4.7720E-38  4.7720E-38  4.7720E-38
  4.7776E-38  4.7776E-38  4.7776E-38  4.7776E-38  4.7776E-38
  4.7991E-38  4.7991E-38  4.7991E-38  4.7991E-38  4.7991E-38
  4.5552E-38  4.5552E-38  4.5552E-38  4.5552E-38  4.5552E-38
  4.5553E-38  4.5553E-38  4.5553E-38  4.5553E-38  4.5553E-38
  4.5553E-38  4.5553E-38  4.5553E-38  4.5553E-38  4.5553E-38
  4.5552E-38  4.5552E-38  4.5552E-38  4.5552E-38  4.5552E-38
  4.5552E-38  4.5552E-38  4.5552E-38  4.5552E-38  4.5552E-38
  4.5552E-38  4.5552E-38  4.5552E-38  4.5552E-38  4.5552E-38
  4.6287E-38  4.6287E-38  4.6287E-38  4.6287E-38  4.6287E-38
  4.7144E-38  4.7144E-38  4.7144E-38  4.7144E-38  4.7144E-38
  4.7451E-38  4.7451E-38  4.7451E-38  4.7451E-38  4.7451E-38
  4.7540E-38  4.7540E-38  4.7540E-38  4.7540E-38  4.7540E-38
  4.7573E-38  4.7573E-38  4.7573E-38  4.7573E-38  4.7573E-38
  4.7588E-38  4.7588E-38  4.7588E-38  4.7588E-38  4.7588E-38
  4.7651E-38  4.7651E-38  4.7651E-38  4.7651E-38  4.7651E-38
  4.7692E-38  4.7692E-38  4.7692E-38  4.7692E-38  4.7692E-38
  4.7718E-38  4.7718E-38  4.7718E-38  4.7718E-38  4.7718E-38
  4.7722E-38  4.7722E-38  4.7722E-38  4.7722E-38  4.7722E-38
  4.7912E-38  4.7912E-38  4.7912E-38  4.7912E-38  4.7912E-38
  4.5552E-38  4.5552E-38  4.5552E-38  4.5552E-38  4.5552E-38
  4.5553E-38  4.5553E-38  4.5553E-38  4.5553E-38  4.5553E-38
  4.5553E-38  4.5553E-38  4.5553E-38  4.5553E-38  4.5553E-38
  4.5553E-38  4.5553E-38  4.5553E-38  4.5553E-38  4.5553E-38
  4.5552E-38  4.5552E-38  4.5552E-38  4.5552E-38  4.5552E-38
  4.5552E-38  4.5552E-38  4.5552E-38  4.5552E-38  4.5552E-38
  4.5552E-38  4.5552E-38  4.5552E-38  4.5552E-38  4.5552E-38
  4.6126E-38  4.6126E-38  4.6126E-38  4.6126E-38  4.6126E-38
  4.7137E-38  4.7137E-38  4.7137E-38  4.7137E-38  4.7137E-38
  4.7434E-38  4.7434E-38  4.7434E-38  4.7434E-38  4.7434E-38
  4.7541E-38  4.7541E-38  4.7541E-38  4.7541E-38  4.7541E-38
  4.7577E-38  4.7577E-38  4.7577E-38  4.7577E-38  4.7577E-38
  4.7602E-38  4.7602E-38  4.7602E-38  4.7602E-38  4.7602E-38
  4.7674E-38  4.7674E-38  4.7674E-38  4.7674E-38  4.7674E-38
  4.7712E-38  4.7712E-38  4.7712E-38  4.7712E-38  4.7712E-38
  4.7721E-38  4.7721E-38  4.7721E-38  4.7721E-38  4.7721E-38
  4.7780E-38  4.7780E-38  4.7780E-38  4.7780E-38  4.7780E-38
  4.5550E-38  4.5550E-38  4.5550E-38  4.5550E-38  4.5550E-38
  4.5552E-38  4.5552E-38  4.5552E-38  4.5552E-38  4.5552E-38
  4.5553E-38  4.5553E-38  4.5553E-38  4.5553E-38  4.5553E-38
  4.5553E-38  4.5553E-38  4.5553E-38  4.5553E-38  4.5553E-38
  4.5552E-38  4.5552E-38  4.5552E-38  4.5552E-38  4.5552E-38
  4.5553E-38  4.5553E-38  4.5553E-38  4.5553E-38  4.5553E-38
  4.5553E-38  4.5553E-38  4.5553E-38  4.5553E-38  4.5553E-38
  4.5553E-38  4.5553E-38  4.5553E-38  4.5553E-38  4.5553E-38
  4.6242E-38  4.6242E-38  4.6242E-38  4.6242E-38  4.6242E-38
  4.7128E-38  4.7128E-38  4.7128E-38  4.7128E-38  4.7128E-38
  4.7448E-38  4.7448E-38  4.7448E-38  4.7448E-38  4.7448E-38
  4.7545E-38  4.7545E-38  4.7545E-38  4.7545E-38  4.7545E-38
  4.7590E-38  4.7590E-38  4.7590E-38  4.7590E-38  4.7590E-38
  4.7630E-38  4.7630E-38  4.7630E-38  4.7630E-38  4.7630E-38
  4.7698E-38  4.7698E-38  4.7698E-38  4.7698E-38  4.7698E-38
  4.7717E-38  4.7717E-38  4.7717E-38  4.7717E-38  4.7717E-38
  4.7722E-38  4.7722E-38  4.7722E-38  4.7722E-38  4.7722E-38
  4.5548E-38  4.5548E-38  4.5548E-38  4.5548E-38  4.5548E-38
  4.5551E-38  4.5551E-38  4.5551E-38  4.5551E-38  4.5551E-38
  4.5552E-38  4.5552E-38  4.5552E-38  4.5552E-38  4.5552E-38
  4.5553E-38  4.5553E-38  4.5553E-38  4.5553E-38  4.5553E-38
  4.5553E-38  4.5553E-38  4.5553E-38  4.5553E-38  4.5553E-38
  4.5553E-38  4.5553E-38  4.5553E-38  4.5553E-38  4.5553E-38
  4.5553E-38  4.5553E-38  4.5553E-38  4.5553E-38  4.5553E-38
  4.5553E-38  4.5553E-38  4.5553E-38  4.5553E-38  4.5553E-38
  4.5553E-38  4.5553E-38  4.5553E-38  4.5553E-38  4.5553E-38
  4.6330E-38  4.6330E-38  4.6330E-38  4.6330E-38  4.6330E-38
  4.7202E-38  4.7202E-38  4.7202E-38  4.7202E-38  4.7202E-38
  4.7462E-38  4.7462E-38  4.7462E-38  4.7462E-38  4.7462E-38
  4.7564E-38  4.7564E-38  4.7564E-38  4.7564E-38  4.7564E-38
  4.7613E-38  4.7613E-38  4.7613E-38  4.7613E-38  4.7613E-38
  4.7667E-38  4.7667E-38  4.7667E-38  4.7667E-38  4.7667E-38
  4.7707E-38  4.7707E-38  4.7707E-38  4.7707E-38  4.7707E-38
  4.7719E-38  4.7719E-38  4.7719E-38  4.7719E-38  4.7719E-38
  4.5540E-38  4.5540E-38  4.5540E-38  4.5540E-38  4.5540E-38
  4.5549E-38  4.5549E-38  4.5549E-38  4.5549E-38  4.5549E-38
  4.5552E-38  4.5552E-38  4.5552E-38  4.5552E-38  4.5552E-38
  4.5553E-38  4.5553E-38  4.5553E-38  4.5553E-38  4.5553E-38
  4.5553E-38  4.5553E-38  4.5553E-38  4.5553E-38  4.5553E-38
  4.5553E-38  4.5553E-38  4.5553E-38  4.5553E-38  4.5553E-38
  4.5553E-38  4.5553E-38  4.5553E-38  4.5553E-38  4.5553E-38
  4.5553E-38  4.5553E-38  4.5553E-38  4.5553E-38  4.5553E-38
  4.5553E-38  4.5553E-38  4.5553E-38  4.5553E-38  4.5553E-38
  4.5553E-38  4.5553E-38  4.5553E-38  4.5553E-38  4.5553E-38
  4.6607E-38  4.6607E-38  4.6607E-38  4.6607E-38  4.6607E-38
  4.7259E-38  4.7259E-38  4.7259E-38  4.7259E-38  4.7259E-38
  4.7502E-38  4.7502E-38  4.7502E-38  4.7502E-38  4.7502E-38
  4.7590E-38  4.7590E-38  4.7590E-38  4.7590E-38  4.7590E-38
  4.7639E-38  4.7639E-38  4.7639E-38  4.7639E-38  4.7639E-38
  4.7684E-38  4.7684E-38  4.7684E-38  4.7684E-38  4.7684E-38
  4.7712E-38  4.7712E-38  4.7712E-38  4.7712E-38  4.7712E-38
  4.7720E-38  4.7720E-38  4.7720E-38  4.7720E-38  4.7720E-38
  4.5541E-38  4.5541E-38  4.5541E-38  4.5541E-38  4.5541E-38
  4.5543E-38  4.5543E-38  4.5543E-38  4.5543E-38  4.5543E-38
  4.5551E-38  4.5551E-38  4.5551E-38  4.5551E-38  4.5551E-38
  4.5553E-38  4.5553E-38  4.5553E-38  4.5553E-38  4.5553E-38
  4.5554E-38  4.5554E-38  4.5554E-38  4.5554E-38  4.5554E-38
  4.5553E-38  4.5553E-38  4.5553E-38  4.5553E-38  4.5553E-38
  4.5553E-38  4.5553E-38  4.5553E-38  4.5553E-38  4.5553E-38
  4.5553E-38  4.5553E-38  4.5553E-38  4.5553E-38  4.5553E-38
  4.5553E-38  4.5553E-38  4.5553E-38  4.5553E-38  4.5553E-38
  4.5553E-38  4.5553E-38  4.5553E-38  4.5553E-38  4.5553E-38
  4.5554E-38  4.5554E-38  4.5554E-38  4.5554E-38  4.5554E-38
  4.6800E-38  4.6800E-38  4.6800E-38  4.6800E-38  4.6800E-38
  4.7360E-38  4.7360E-38  4.7360E-38  4.7360E-38  4.7360E-38
  4.7541E-38  4.7541E-38  4.7541E-38  4.7541E-38  4.7541E-38
  4.7624E-38  4.7624E-38  4.7624E-38  4.7624E-38  4.7624E-38
  4.7649E-38  4.7649E-38  4.7649E-38  4.7649E-38  4.7649E-38
  4.7698E-38  4.7698E-38  4.7698E-38  4.7698E-38  4.7698E-38
  4.7716E-38  4.7716E-38  4.7716E-38  4.7716E-38  4.7716E-38
  4.5544E-38  4.5544E-38  4.5544E-38  4.5544E-38  4.5544E-38
  4.5541E-38  4.5541E-38  4.5541E-38  4.5541E-38  4.5541E-38
  4.5550E-38  4.5550E-38  4.5550E-38  4.5550E-38  4.5550E-38
  4.5553E-38  4.5553E-38  4.5553E-38  4.5553E-38  4.5553E-38
  4.5554E-38  4.5554E-38  4.5554E-38  4.5554E-38  4.5554E-38
  4.5554E-38  4.5554E-38  4.5554E-38  4.5554E-38  4.5554E-38
  4.5553E-38  4.5553E-38  4.5553E-38  4.5553E-38  4.5553E-38
  4.5553E-38  4.5553E-38  4.5553E-38  4.5553E-38  4.5553E-38
  4.5553E-38  4.5553E-38  4.5553E-38  4.5553E-38  4.5553E-38
  4.5553E-38  4.5553E-38  4.5553E-38  4.5553E-38  4.5553E-38
  4.5554E-38  4.5554E-38  4.5554E-38  4.5554E-38  4.5554E-38
  4.6412E-38  4.6412E-38  4.6412E-38  4.6412E-38  4.6412E-38
  4.7240E-38  4.7240E-38  4.7240E-38  4.7240E-38  4.7240E-38
  4.7499E-38  4.7499E-38  4.7499E-38  4.7499E-38  4.7499E-38
  4.7611E-38  4.7611E-38  4.7611E-38  4.7611E-38  4.7611E-38
  4.7644E-38  4.7644E-38  4.7644E-38  4.7644E-38  4.7644E-38
  4.7686E-38  4.7686E-38  4.7686E-38  4.7686E-38  4.7686E-38
  4.7712E-38  4.7712E-38  4.7712E-38  4.7712E-38  4.7712E-38
  4.5549E-38  4.5549E-38  4.5549E-38  4.5549E-38  4.5549E-38
  4.5542E-38  4.5542E-38  4.5542E-38  4.5542E-38  4.5542E-38
  4.5547E-38  4.5547E-38  4.5547E-38  4.5547E-38  4.5547E-38
  4.5553E-38  4.5553E-38  4.5553E-38  4.5553E-38  4.5553E-38
  4.5554E-38  4.5554E-38  4.5554E-38  4.5554E-38  4.5554E-38
  4.5554E-38  4.5554E-38  4.5554E-38  4.5554E-38  4.5554E-38
  4.5553E-38  4.5553E-38  4.5553E-38  4.5553E-38  4.5553E-38
  4.5553E-38  4.5553E-38  4.5553E-38  4.5553E-38  4.5553E-38
  4.5553E-38  4.5553E-38  4.5553E-38  4.5553E-38  4.5553E-38
  4.5553E-38  4.5553E-38  4.5553E-38  4.5553E-38  4.5553E-38
  4.5554E-38  4.5554E-38  4.5554E-38  4.5554E-38  4.5554E-38
  4.5955E-38  4.5955E-38  4.5955E-38  4.5955E-38  4.5955E-38
  4.7096E-38  4.7096E-38  4.7096E-38  4.7096E-38  4.7096E-38
  4.7450E-38  4.7450E-38  4.7450E-38  4.7450E-38  4.7450E-38
  4.7595E-38  4.7595E-38  4.7595E-38  4.7595E-38  4.7595E-38
  4.7639E-38  4.7639E-38  4.7639E-38  4.7639E-38  4.7639E-38
  4.7669E-38  4.7669E-38  4.7669E-38  4.7669E-38  4.7669E-38
  4.7706E-38  4.7706E-38  4.7706E-38  4.7706E-38  4.7706E-38
  4.5564E-38  4.5564E-38  4.5564E-38  4.5564E-38  4.5564E-38
  4.5550E-38  4.5550E-38  4.5550E-38  4.5550E-38  4.5550E-38
  4.5544E-38  4.5544E-38  4.5544E-38  4.5544E-38  4.5544E-38
  4.5551E-38  4.5551E-38  4.5551E-38  4.5551E-38  4.5551E-38
  4.5555E-38  4.5555E-38  4.5555E-38  4.5555E-38  4.5555E-38
  4.5555E-38  4.5555E-38  4.5555E-38  4.5555E-38  4.5555E-38
  4.5554E-38  4.5554E-38  4.5554E-38  4.5554E-38  4.5554E-38
  4.5553E-38  4.5553E-38  4.5553E-38  4.5553E-38  4.5553E-38
  4.5553E-38  4.5553E-38  4.5553E-38  4.5553E-38  4.5553E-38
  4.5553E-38  4.5553E-38  4.5553E-38  4.5553E-38  4.5553E-38
  4.5554E-38  4.5554E-38  4.5554E-38  4.5554E-38  4.5554E-38
  4.5557E-38  4.5557E-38  4.5557E-38  4.5557E-38  4.5557E-38
  4.6652E-38  4.6652E-38  4.6652E-38  4.6652E-38  4.6652E-38
  4.7297E-38  4.7297E-38  4.7297E-38  4.7297E-38  4.7297E-38
  4.7548E-38  4.7548E-38  4.7548E-38  4.7548E-38  4.7548E-38
  4.7623E-38  4.7623E-38  4.7623E-38  4.7623E-38  4.7623E-38
  4.7648E-38  4.7648E-38  4.7648E-38  4.7648E-38  4.7648E-38
  4.7688E-38  4.7688E-38  4.7688E-38  4.7688E-38  4.7688E-38
  4.5001E-38  4.5001E-38  4.5001E-38  4.5001E-38  4.5001E-38
  4.5001E-38  4.5001E-38  4.5001E-38  4.5001E-38  4.5001E-38
  4.5001E-38  4.5001E-38  4.5001E-38  4.5001E-38  4.5001E-38
  4.5001E-38  4.5001E-38  4.5001E-38  4.5001E-38  4.5001E-38
  4.5001E-38  4.5001E-38  4.5001E-38  4.5001E-38  4.5001E-38
  4.5001E-38  4.5001E-38  4.5001E-38  4.5001E-38  4.5001E-38
  4.5001E-38  4.5001E-38  4.5001E-38  4.5001E-38  4.5001E-38
  4.5001E-38  4.5001E-38  4.5001E-38  4.5001E-38  4.5001E-38
  4.5001E-38  4.5001E-38  4.5001E-38  4.5001E-38  4.5001E-38
  4.5001E-38  4.5001E-38  4.5001E-38  4.5001E-38  4.5001E-38
  4.5001E-38  4.5001E-38  4.5001E-38  4.5001E-38  4.5001E-38
  4.5001E-38  4.5001E-38  4.5001E-38  4.5001E-38  4.5001E-38
  4.5333E-38  4.5333E-38  4.5333E-38  4.5333E-38  4.5333E-38
  4.6419E-38  4.6419E-38  4.6419E-38  4.6419E-38  4.6419E-38
  4.6811E-38  4.6811E-38  4.6811E-38  4.6811E-38  4.6811E-38
  4.6924E-38  4.6924E-38  4.6924E-38  4.6924E-38  4.6924E-38
  4.6964E-38  4.6964E-38  4.6964E-38  4.6964E-38  4.6964E-38
  4.6976E-38  4.6976E-38  4.6976E-38  4.6976E-38  4.6976E-38
  4.5001E-38  4.5001E-38  4.5001E-38  4.5001E-38  4.5001E-38
  4.5001E-38  4.5001E-38  4.5001E-38  4.5001E-38  4.5001E-38
  4.5001E-38  4.5001E-38  4.5001E-38  4.5001E-38  4.5001E-38
  4.5001E-38  4.5001E-38  4.5001E-38  4.5001E-38  4.5001E-38
  4.5001E-38  4.5001E-38  4.5001E-38  4.5001E-38  4.5001E-38
  4.5001E-38  4.5001E-38  4.5001E-38  4.5001E-38  4.5001E-38
  4.5001E-38  4.5001E-38  4.5001E-38  4.5001E-38  4.5001E-38
  4.5001E-38  4.5001E-38  4.5001E-38  4.5001E-38  4.5001E-38
  4.5001E-38  4.5001E-38  4.5001E-38  4.5001E-38  4.5001E-38
  4.5001E-38  4.5001E-38  4.5001E-38  4.5001E-38  4.5001E-38
  4.5001E-38  4.5001E-38  4.5001E-38  4.5001E-38  4.5001E-38
  4.5001E-38  4.5001E-38  4.5001E-38  4.5001E-38  4.5001E-38
  4.5001E-38  4.5001E-38  4.5001E-38  4.5001E-38  4.5001E-38
  4.6005E-38  4.6005E-38  4.6005E-38  4.6005E-38  4.6005E-38
  4.6684E-38  4.6684E-38  4.6684E-38  4.6684E-38  4.6684E-38
  4.6882E-38  4.6882E-38  4.6882E-38  4.6882E-38  4.6882E-38
  4.6951E-38  4.6951E-38  4.6951E-38  4.6951E-38  4.6951E-38
  4.6971E-38  4.6971E-38  4.6971E-38  4.6971E-38  4.6971E-38
  4.5001E-38  4.5001E-38  4.5001E-38  4.5001E-38  4.5001E-38
  4.5001E-38  4.5001E-38  4.5001E-38  4.5001E-38  4.5001E-38
  4.5001E-38  4.5001E-38  4.5001E-38  4.5001E-38  4.5001E-38
  4.5001E-38  4.5001E-38  4.5001E-38  4.5001E-38  4.5001E-38
  4.5001E-38  4.5001E-38  4.5001E-38  4.5001E-38  4.5001E-38
  4.5001E-38  4.5001E-38  4.5001E-38  4.5001E-38  4.5001E-38
  4.5001E-38  4.5001E-38  4.5001E-38  4.5001E-38  4.5001E-38
  4.5001E-38  4.5001E-38  4.5001E-38  4.5001E-38  4.5001E-38
  4.5001E-38  4.5001E-38  4.5001E-38  4.5001E-38  4.5001E-38
  4.5001E-38  4.5001E-38  4.5001E-38  4.5001E-38  4.5001E-38
  4.5001E-38  4.5001E-38  4.5001E-38  4.5001E-38  4.5001E-38
  4.5001E-38  4.5001E-38  4.5001E-38  4.5001E-38  4.5001E-38
  4.5001E-38  4.5001E-38  4.5001E-38  4.5001E-38  4.5001E-38
  4.5355E-38  4.5355E-38  4.5355E-38  4.5355E-38  4.5355E-38
  4.6481E-38  4.6481E-38  4.6481E-38  4.6481E-38  4.6481E-38
  4.6813E-38  4.6813E-38  4.6813E-38  4.6813E-38  4.6813E-38
  4.6931E-38  4.6931E-38  4.6931E-38  4.6931E-38  4.6931E-38
  4.6965E-38  4.6965E-38  4.6965E-38  4.6965E-38  4.6965E-38
  4.5001E-38  4.5001E-38  4.5001E-38  4.5001E-38  4.5001E-38
  4.5001E-38  4.5001E-38  4.5001E-38  4.5001E-38  4.5001E-38
  4.5001E-38  4.5001E-38  4.5001E-38  4.5001E-38  4.5001E-38
  4.5001E-38  4.5001E-38  4.5001E-38  4.5001E-38  4.5001E-38
  4.5001E-38  4.5001E-38  4.5001E-38  4.5001E-38  4.5001E-38
  4.5001E-38  4.5001E-38  4.5001E-38  4.5001E-38  4.5001E-38
  4.5001E-38  4.5001E-38  4.5001E-38  4.5001E-38  4.5001E-38
  4.5001E-38  4.5001E-38  4.5001E-38  4.5001E-38  4.5001E-38
  4.5001E-38  4.5001E-38  4.5001E-38  4.5001E-38  4.5001E-38
  4.5001E-38  4.5001E-38  4.5001E-38  4.5001E-38  4.5001E-38
  4.5001E-38  4.5001E-38  4.5001E-38  4.5001E-38  4.5001E-38
  4.5001E-38  4.5001E-38  4.5001E-38  4.5001E-38  4.5001E-38
  4.5001E-38  4.5001E-38  4.5001E-38  4.5001E-38  4.5001E-38
  4.5001E-38  4.5001E-38  4.5001E-38  4.5001E-38  4.5001E-38
  4.6168E-38  4.6168E-38  4.6168E-38  4.6168E-38  4.6168E-38
  4.6707E-38  4.6707E-38  4.6707E-38  4.6707E-38  4.6707E-38
  4.6899E-38  4.6899E-38  4.6899E-38  4.6899E-38  4.6899E-38
  4.6954E-38  4.6954E-38  4.6954E-38  4.6954E-38  4.6954E-38
  4.5001E-38  4.5001E-38  4.5001E-38  4.5001E-38  4.5001E-38
  4.5001E-38  4.5001E-38  4.5001E-38  4.5001E-38  4.5001E-38
  4.5001E-38  4.5001E-38  4.5001E-38  4.5001E-38  4.5001E-38
  4.5001E-38  4.5001E-38  4.5001E-38  4.5001E-38  4.5001E-38
  4.5001E-38  4.5001E-38  4.5001E-38  4.5001E-38  4.5001E-38
  4.5001E-38  4.5001E-38  4.5001E-38  4.5001E-38  4.5001E-38
  4.5001E-38  4.5001E-38  4.5001E-38  4.5001E-38  4.5001E-38
  4.5001E-38  4.5001E-38  4.5001E-38  4.5001E-38  4.5001E-38
  4.5001E-38  4.5001E-38  4.5001E-38  4.5001E-38  4.5001E-38
  4.5001E-38  4.5001E-38  4.5001E-38  4.5001E-38  4.5001E-38
  4.5001E-38  4.5001E-38  4.5001E-38  4.5001E-38  4.5001E-38
  4.5001E-38  4.5001E-38  4.5001E-38  4.5001E-38  4.5001E-38
  4.5001E-38  4.5001E-38  4.5001E-38  4.5001E-38  4.5001E-38
  4.5001E-38  4.5001E-38  4.5001E-38  4.5001E-38  4.5001E-38
  4.5701E-38  4.5701E-38  4.5701E-38  4.5701E-38  4.5701E-38
  4.6547E-38  4.6547E-38  4.6547E-38  4.6547E-38  4.6547E-38
  4.6850E-38  4.6850E-38  4.6850E-38  4.6850E-38  4.6850E-38
  4.6938E-38  4.6938E-38  4.6938E-38  4.6938E-38  4.6938E-38
  4.5001E-38  4.5001E-38  4.5001E-38  4.5001E-38  4.5001E-38
  4.5001E-38  4.5001E-38  4.5001E-38  4.5001E-38  4.5001E-38
  4.5001E-38  4.5001E-38  4.5001E-38  4.5001E-38  4.5001E-38
  4.5001E-38  4.5001E-38  4.5001E-38  4.5001E-38  4.5001E-38
  4.5001E-38  4.5001E-38  4.5001E-38  4.5001E-38  4.5001E-38
  4.5001E-38  4.5001E-38  4.5001E-38  4.5001E-38  4.5001E-38
  4.5001E-38  4.5001E-38  4.5001E-38  4.5001E-38  4.5001E-38
  4.5001E-38  4.5001E-38  4.5001E-38  4.5001E-38  4.5001E-38
  4.5001E-38  4.5001E-38  4.5001E-38  4.5001E-38  4.5001E-38
  4.5001E-38  4.5001E-38  4.5001E-38  4.5001E-38  4.5001E-38
  4.5001E-38  4.5001E-38  4.5001E-38  4.5001E-38  4.5001E-38
  4.5001E-38  4.5001E-38  4.5001E-38  4.5001E-38  4.5001E-38
  4.5001E-38  4.5001E-38  4.5001E-38  4.5001E-38  4.5001E-38
  4.5001E-38  4.5001E-38  4.5001E-38  4.5001E-38  4.5001E-38
  4.5027E-38  4.5027E-38  4.5027E-38  4.5027E-38  4.5027E-38
  4.6311E-38  4.6311E-38  4.6311E-38  4.6311E-38  4.6311E-38
  4.6778E-38  4.6778E-38  4.6778E-38  4.6778E-38  4.6778E-38
  4.6914E-38  4.6914E-38  4.6914E-38  4.6914E-38  4.6914E-38
  4.5001E-38  4.5001E-38  4.5001E-38  4.5001E-38  4.5001E-38
  4.5001E-38  4.5001E-38  4.5001E-38  4.5001E-38  4.5001E-38
  4.5001E-38  4.5001E-38  4.5001E-38  4.5001E-38  4.5001E-38
  4.5001E-38  4.5001E-38  4.5001E-38  4.5001E-38  4.5001E-38
  4.5001E-38  4.5001E-38  4.5001E-38  4.5001E-38  4.5001E-38
  4.5001E-38  4.5001E-38  4.5001E-38  4.5001E-38  4.5001E-38
  4.5001E-38  4.5001E-38  4.5001E-38  4.5001E-38  4.5001E-38
  4.5001E-38  4.5001E-38  4.5001E-38  4.5001E-38  4.5001E-38
  4.5001E-38  4.5001E-38  4.5001E-38  4.5001E-38  4.5001E-38
  4.5001E-38  4.5001E-38  4.5001E-38  4.5001E-38  4.5001E-38
  4.5001E-38  4.5001E-38  4.5001E-38  4.5001E-38  4.5001E-38
  4.5001E-38  4.5001E-38  4.5001E-38  4.5001E-38  4.5001E-38
  4.5001E-38  4.5001E-38  4.5001E-38  4.5001E-38  4.5001E-38
  4.5001E-38  4.5001E-38  4.5001E-38  4.5001E-38  4.5001E-38
  4.5001E-38  4.5001E-38  4.5001E-38  4.5001E-38  4.5001E-38
  4.5218E-38  4.5218E-38  4.5218E-38  4.5218E-38  4.5218E-38
  4.6438E-38  4.6438E-38  4.6438E-38  4.6438E-38  4.6438E-38
  4.6799E-38  4.6799E-38  4.6799E-38  4.6799E-38  4.6799E-38
  4.5283E-38  1.6994E-22  1.2721E-32  1.4947E-31  6.3033E-32
  4.5283E-38  5.6641E-23  2.4078E-33  2.8292E-32  1.1930E-32
  4.5283E-38  1.6992E-23  3.9157E-34  4.6011E-33  1.9402E-33
  4.5283E-38  5.6640E-24  7.4957E-35  8.8077E-34  3.7141E-34
  4.5283E-38  1.6992E-24  1.2275E-35  1.4424E-34  6.0827E-35
  4.5283E-38  5.6637E-25  2.3584E-36  2.7712E-35  1.1685E-35
  4.5283E-38  1.6988E-25  3.8701E-37  4.5474E-36  1.9176E-36
  4.5283E-38  5.6604E-26  7.4391E-38  8.7412E-37  3.6861E-37
  4.5284E-38  1.6958E-26  4.5284E-38  1.4329E-37  4.5284E-38
  4.5284E-38  5.6396E-27  4.5284E-38  4.5284E-38  4.5284E-38
  4.5285E-38  1.6884E-27  4.5285E-38  4.5285E-38  4.5285E-38
  4.5285E-38  5.6253E-28  4.5285E-38  4.5285E-38  4.5285E-38
  4.5285E-38  1.6875E-28  4.5285E-38  4.5285E-38  4.5285E-38
  4.5285E-38  5.6250E-29  4.5285E-38  4.5285E-38  4.5285E-38
  4.5285E-38  1.6875E-29  4.5285E-38  4.5285E-38  4.5285E-38
  4.5285E-38  5.6250E-30  4.5285E-38  4.5285E-38  4.5285E-38
  4.7006E-38  1.7188E-30  4.7006E-38  4.7006E-38  4.7006E-38
  4.8561E-38  5.8240E-31  4.8561E-38  4.8561E-38  4.8561E-38
  3.9420E-37  2.3338E-20  2.9489E-29  2.9315E-28  1.2946E-28
  7.5653E-38  7.7639E-21  5.3109E-30  5.2795E-29  2.3315E-29
  4.5283E-38  2.3287E-21  8.3704E-31  8.3209E-30  3.6748E-30
  4.5283E-38  7.7621E-22  1.5760E-31  1.5667E-30  6.9193E-31
  4.5283E-38  2.3287E-22  2.5544E-32  2.5393E-31  1.1214E-31
  4.5283E-38  7.7620E-23  4.8810E-33  4.8521E-32  2.1428E-32
  4.5283E-38  2.3285E-23  7.9841E-34  7.9369E-33  3.5052E-33
  4.5283E-38  7.7601E-24  1.5326E-34  1.5235E-33  6.7286E-34
  4.5283E-38  2.3266E-24  2.5124E-35  2.4976E-34  1.1030E-34
  4.5284E-38  7.7436E-25  4.8209E-36  4.7924E-35  2.1165E-35
  4.5284E-38  2.3168E-25  7.8860E-37  7.8393E-36  3.4622E-36
  4.5285E-38  7.7113E-26  1.5139E-37  1.5049E-36  6.6464E-37
  4.5285E-38  2.3126E-26  4.5285E-38  2.4713E-37  1.0914E-37
  4.5285E-38  7.7087E-27  4.5285E-38  4.5285E-38  4.5285E-38
  4.5285E-38  2.3126E-27  4.5285E-38  4.5285E-38  4.5285E-38
  4.5285E-38  7.7087E-28  4.5285E-38  4.5285E-38  4.5285E-38
  4.5285E-38  2.3126E-28  4.5285E-38  4.5285E-38  4.5285E-38
  4.7776E-38  7.9162E-29  4.7776E-38  4.7776E-38  4.7776E-38
  5.4856E-34  9.3486E-19  1.8202E-26  1.5592E-25  7.1721E-26
  2.0650E-34  6.1344E-19  5.7414E-27  4.9182E-26  2.2622E-26
  3.3783E-35  1.8346E-19  8.2843E-28  7.0964E-27  3.2642E-27
  6.4984E-36  6.1137E-20  1.4846E-28  1.2717E-27  5.8499E-28
  1.0677E-36  1.8340E-20  2.3290E-29  1.9949E-28  9.1766E-29
  2.0549E-37  6.1138E-21  4.3731E-30  3.7461E-29  1.7230E-29
  4.5283E-38  1.8341E-21  7.0749E-31  6.0605E-30  2.7878E-30
  4.5283E-38  6.1131E-22  1.3505E-31  1.1568E-30  5.3212E-31
  4.5283E-38  1.8333E-22  2.2070E-32  1.8905E-31  8.6961E-32
  4.5283E-38  6.1064E-23  4.2314E-33  3.6247E-32  1.6672E-32
  4.5284E-38  1.8280E-23  6.9201E-34  5.9279E-33  2.7266E-33
  4.5284E-38  6.0791E-24  1.3258E-34  1.1357E-33  5.2243E-34
  4.5285E-38  1.8217E-24  2.1741E-35  1.8624E-34  8.5665E-35
  4.5285E-38  6.0718E-25  4.1821E-36  3.5825E-35  1.6478E-35
  4.5285E-38  1.8215E-25  6.8707E-37  5.8856E-36  2.7073E-36
  4.5285E-38  6.0718E-26  1.3221E-37  1.1326E-36  5.2097E-37
  4.5285E-38  1.8215E-26  4.5285E-38  1.8610E-37  8.5599E-38
  4.6516E-38  6.1525E-27  4.6515E-38  4.6515E-38  4.6515E-38
  6.6036E-31  4.6947E-17  1.4357E-23  1.0764E-22  5.9896E-24
  1.2444E-31  1.5418E-17  1.9469E-24  1.4596E-23  2.4665E-24
  3.9942E-32  9.0964E-18  4.7543E-25  3.5643E-24  1.6997E-24
  7.6526E-33  3.0227E-18  7.6618E-26  5.7440E-25  2.7392E-25
  1.2566E-33  9.0648E-19  1.1117E-26  8.3347E-26  3.9747E-26
  2.4184E-34  3.0216E-19  1.9952E-27  1.4957E-26  7.1333E-27
  3.9735E-35  9.0649E-20  3.1320E-28  2.3481E-27  1.1197E-27
  7.6466E-36  3.0216E-20  5.8829E-29  4.4104E-28  2.1032E-28
  1.2561E-36  9.0635E-21  9.5178E-30  7.1356E-29  3.4028E-29
  2.4160E-37  3.0199E-21  1.8160E-30  1.3615E-29  6.4929E-30
  4.5283E-38  9.0479E-22  2.9638E-31  2.2220E-30  1.0595E-30
  4.5284E-38  3.0090E-22  5.6694E-32  4.2504E-31  2.0270E-31
  4.5285E-38  9.0078E-23  9.2717E-33  6.9508E-32  3.3148E-32
  4.5285E-38  3.0012E-23  1.7817E-33  1.3357E-32  6.3697E-33
  4.5285E-38  9.0030E-24  2.9258E-34  2.1934E-33  1.0461E-33
  4.5285E-38  3.0010E-24  5.6294E-35  4.2203E-34  2.0126E-34
  4.5285E-38  9.0032E-25  9.2485E-36  6.9336E-35  3.3065E-35
  4.5285E-38  3.0010E-25  1.7797E-36  1.3343E-35  6.3629E-36
  3.8650E-28  1.5755E-15  7.2831E-21  4.8424E-20  2.2822E-22
  7.3471E-29  5.2070E-16  8.8896E-22  5.9105E-21  8.4221E-23
  1.1766E-29  1.5341E-16  9.3361E-23  6.2071E-22  2.9928E-23
  4.4428E-30  1.0089E-16  2.5866E-23  1.7197E-22  2.5150E-23
  7.2655E-31  3.0167E-17  3.2922E-24  2.1888E-23  1.0699E-23
  1.3975E-31  1.0052E-17  5.4116E-25  3.5979E-24  1.7719E-24
  2.2962E-32  3.0159E-18  7.9571E-26  5.2902E-25  2.6054E-25
  4.4188E-33  1.0053E-18  1.4392E-26  9.5685E-26  4.7124E-26
  7.2600E-34  3.0158E-19  2.2712E-27  1.5099E-26  7.4364E-27
  1.3966E-34  1.0050E-19  4.2772E-28  2.8437E-27  1.4004E-27
  2.2923E-35  3.0129E-20  6.9267E-29  4.6051E-28  2.2680E-28
  4.4002E-36  1.0025E-20  1.3204E-29  8.7788E-29  4.3235E-29
  7.2009E-37  2.9997E-21  2.1516E-30  1.4305E-29  7.0452E-30
  1.3834E-37  9.9870E-22  4.1243E-31  2.7421E-30  1.3505E-30
  4.5285E-38  2.9955E-22  6.7657E-32  4.4981E-31  2.2153E-31
  4.5285E-38  9.9846E-23  1.3010E-32  8.6504E-32  4.2602E-32
  4.5285E-38  2.9955E-23  2.1371E-33  1.4207E-32  6.9973E-33
  4.5285E-38  9.9848E-24  4.1118E-34  2.7337E-33  1.3463E-33
  5.3387E-21  1.8237E-11  1.0724E-13  2.5737E-15  5.7033E-18
  1.0273E-21  6.0783E-12  1.2044E-14  8.6729E-16  1.9218E-18
  1.6843E-22  1.8209E-12  1.1038E-15  2.6538E-16  5.8810E-19
  1.6043E-23  3.0145E-13  6.2535E-17  4.5442E-17  1.0070E-19
  2.5753E-24  8.9001E-14  5.8126E-18  1.4295E-17  3.1678E-20
  9.6799E-25  5.8359E-14  1.3778E-18  6.7990E-18  2.2857E-20
  1.5733E-25  1.7374E-14  1.4399E-19  7.1054E-19  8.0140E-21
  3.0232E-26  5.7857E-15  1.9856E-20  9.7980E-20  3.3184E-21
  4.9664E-27  1.7356E-15  2.4698E-21  1.2187E-20  1.3760E-21
  9.5571E-28  5.7858E-16  3.9723E-22  1.9601E-21  6.6397E-22
  1.5700E-28  1.7356E-16  5.7334E-23  2.8292E-22  1.5075E-22
  3.0193E-29  5.7832E-17  1.0246E-23  5.0560E-23  2.6941E-23
  4.9508E-30  1.7325E-17  1.6010E-24  7.9007E-24  4.2098E-24
  9.4937E-31  5.7616E-18  2.9927E-25  1.4767E-24  7.8687E-25
  1.5553E-31  1.7250E-18  4.8243E-26  2.3805E-25  1.2685E-25
  2.9914E-32  5.7479E-19  9.2017E-27  4.5407E-26  2.4195E-26
  4.9149E-33  1.7243E-19  1.5040E-27  7.4218E-27  3.9547E-27
  9.4589E-34  5.7478E-20  2.8869E-28  1.4245E-27  7.5905E-28
  7.4178E-16  1.3754E-08  1.7956E-09  2.7500E-12  8.6449E-15
  1.7932E-16  4.5846E-09  5.9978E-10  9.1857E-13  2.8874E-15
  2.9552E-17  1.3754E-09  1.8055E-10  2.7652E-13  8.6918E-16
  5.6955E-18  4.5842E-10  2.3718E-11  9.2665E-14  2.9128E-16
  9.3564E-19  1.3742E-10  2.1533E-12  2.8068E-14  8.8223E-17
  1.7887E-19  4.5592E-11  2.4092E-13  9.4677E-15  2.9760E-17
  2.8729E-20  1.3466E-11  2.1700E-14  2.8877E-15  9.0769E-18
  5.3913E-21  4.4115E-12  2.4517E-15  9.9485E-16  3.1271E-18
  8.7548E-22  1.3126E-12  2.3802E-16  3.2433E-16  1.0194E-18
  1.6821E-22  4.3706E-13  3.0106E-17  1.1807E-16  3.8725E-19
  2.7632E-23  1.3111E-13  3.3618E-18  1.3184E-17  1.4416E-19
  5.3166E-24  4.3701E-14  4.9086E-19  1.9250E-18  6.3158E-20
  8.7298E-25  1.3106E-14  6.4772E-20  2.5402E-19  2.7794E-20
  1.6772E-25  4.3639E-15  1.0886E-20  4.2695E-20  1.4031E-20
  2.7452E-26  1.3059E-15  1.6245E-21  6.3710E-21  3.6041E-21
  5.2678E-27  4.3448E-16  2.9628E-22  1.1619E-21  6.5729E-22
  8.6489E-28  1.3028E-16  4.7079E-23  1.8464E-22  1.0444E-22
  1.6643E-28  4.3424E-17  8.9057E-24  3.4927E-23  1.9758E-23
  6.9254E-13  2.5662E-06  3.8951E-07  6.0752E-10  2.5832E-12
  2.8010E-13  8.5572E-07  1.4029E-07  2.1787E-10  9.1167E-13
  8.4044E-14  2.5675E-07  4.3464E-08  6.7378E-11  2.8021E-13
  2.8016E-14  8.5587E-08  1.4649E-08  2.2697E-11  9.4217E-14
  8.4048E-15  2.5676E-08  4.4217E-09  6.8490E-12  2.8413E-14
  2.5060E-15  8.5578E-09  1.4812E-09  2.2942E-12  9.5157E-15
  4.1381E-16  2.5645E-09  3.2400E-10  6.9306E-13  2.8745E-15
  7.9169E-17  8.4956E-10  3.5985E-11  2.3244E-13  9.6403E-16
  1.2692E-17  2.5034E-10  3.1988E-12  7.0133E-14  2.9087E-16
  2.3894E-18  8.2138E-11  3.5775E-13  2.3889E-14  9.9079E-17
  3.8992E-19  2.4515E-11  3.4153E-14  7.6390E-15  3.1682E-17
  7.4994E-20  8.1668E-12  4.1981E-15  2.8187E-15  1.1690E-17
  1.2321E-20  2.4496E-12  4.4934E-16  1.0059E-15  4.1718E-18
  2.3696E-21  8.1625E-13  6.2761E-17  2.0514E-16  1.7489E-18
  3.8852E-22  2.4456E-13  7.8937E-18  2.5801E-17  7.3433E-19
  7.4501E-23  8.1330E-14  1.2783E-18  4.1783E-18  3.5765E-19
  1.2206E-23  2.4356E-14  1.8567E-19  6.0688E-19  1.7349E-19
  2.3478E-24  8.1157E-15  3.3377E-20  1.0909E-19  6.4718E-20
  2.9763E-11  1.7025E-04  6.4969E-06  1.1355E-08  1.0686E-10
  1.5476E-11  5.7997E-05  4.1032E-06  6.8834E-09  4.9114E-11
  7.6814E-12  1.7544E-05  2.0636E-06  3.3452E-09  2.0033E-11
  4.0196E-12  5.8632E-06  9.3525E-07  1.4875E-09  8.2133E-12
  1.8983E-12  1.7606E-06  3.3615E-07  5.2907E-10  2.8081E-12
  8.3572E-13  5.8703E-07  1.2046E-07  1.8883E-10  9.8853E-13
  2.5074E-13  1.7612E-07  3.7332E-08  5.8411E-11  3.0418E-13
  8.3555E-14  5.8690E-08  1.2615E-08  1.9726E-11  1.0256E-13
  2.4991E-14  1.7554E-08  3.8167E-09  5.9663E-12  3.1004E-14
  5.6153E-15  5.7833E-09  8.4364E-10  1.9925E-12  1.0352E-14
  9.0288E-16  1.7002E-09  7.4686E-11  6.0007E-13  3.1175E-15
  1.7218E-16  5.6157E-10  8.4536E-12  2.0560E-13  1.0680E-15
  2.8292E-17  1.6818E-10  8.1092E-13  6.5854E-14  3.4212E-16
  5.4488E-18  5.6041E-11  9.9498E-14  2.4251E-14  1.2598E-16
  8.9501E-19  1.6802E-11  1.0603E-14  8.6217E-15  4.4789E-17
  1.7187E-19  5.5921E-12  1.4727E-15  3.5982E-15  1.8694E-17
  2.8134E-20  1.6733E-12  1.8409E-16  5.1905E-16  7.8107E-18
  5.4042E-21  5.5712E-13  2.9778E-17  8.3958E-17  3.7951E-18
  4.0120E-10  1.7059E-04  7.1093E-06  1.2583E-08  1.6025E-10
  3.0918E-10  1.7055E-04  7.0864E-06  1.2547E-08  1.5945E-10
  2.1661E-10  1.7048E-04  7.0479E-06  1.2492E-08  1.5821E-10
  1.4913E-10  1.7038E-04  6.9895E-06  1.2409E-08  1.5640E-10
  9.4457E-11  1.5605E-04  6.6924E-06  1.1877E-08  1.4441E-10
  4.9412E-11  5.3085E-05  4.2826E-06  7.3094E-09  6.7323E-11
  2.4468E-11  1.6050E-05  2.1877E-06  3.6075E-09  2.7757E-11
  1.2688E-11  5.3627E-06  1.0107E-06  1.6330E-09  1.1545E-11
  5.8885E-12  1.6102E-06  3.7274E-07  5.9472E-10  4.0315E-12
  2.7261E-12  5.3647E-07  1.3627E-07  2.1623E-10  1.4438E-12
  1.0570E-12  1.6002E-07  4.2597E-08  6.7412E-11  4.4741E-13
  3.6440E-13  5.2488E-08  1.4317E-08  2.2640E-11  1.4999E-13
  1.0739E-13  1.5470E-08  2.9253E-09  6.8985E-12  4.5671E-14
  2.1100E-14  5.1321E-09  3.3516E-10  2.3851E-12  1.5786E-14
  3.5076E-15  1.5382E-09  3.2077E-11  7.6228E-13  5.0444E-15
  6.7853E-16  5.1233E-10  3.9047E-12  2.7875E-13  1.8445E-15
  1.1156E-16  1.5339E-10  4.1065E-13  9.7949E-14  6.4812E-16
  2.1430E-17  5.1014E-11  5.6286E-14  4.0381E-14  2.6718E-16
  1.4605E-09  1.7070E-04  7.6795E-06  1.3755E-08  2.2460E-10
  1.3189E-09  1.7046E-04  7.6142E-06  1.3629E-08  2.2050E-10
  1.1311E-09  1.7028E-04  7.5624E-06  1.3533E-08  2.1749E-10
  9.2874E-10  1.7016E-04  7.5187E-06  1.3460E-08  2.1524E-10
  6.9420E-10  1.7002E-04  7.4592E-06  1.3366E-08  2.1249E-10
  4.9730E-10  1.6985E-04  7.3772E-06  1.3242E-08  2.0896E-10
  3.2485E-10  1.6956E-04  7.2297E-06  1.3023E-08  2.0284E-10
  2.1250E-10  1.6911E-04  7.0075E-06  1.2693E-08  1.9394E-10
  1.0868E-10  5.7599E-05  4.5770E-06  8.0029E-09  9.2040E-11
  5.7916E-11  1.9354E-05  2.5609E-06  4.3341E-09  4.1721E-11
  2.8422E-11  5.8213E-06  1.1442E-06  1.8872E-09  1.6369E-11
  1.3842E-11  1.9362E-06  4.7570E-07  7.7351E-10  6.4164E-12
  5.4004E-12  5.7294E-07  1.5882E-07  2.5645E-10  2.0849E-12
  2.1796E-12  1.8749E-07  5.5560E-08  8.9370E-11  7.2167E-13
  8.5233E-13  5.5782E-08  1.7860E-08  2.8606E-11  2.3029E-13
  3.6377E-13  1.8566E-08  2.4196E-09  1.0459E-11  8.4099E-14
  7.9244E-14  5.5628E-09  2.3643E-10  3.4267E-12  2.7534E-14
  1.5496E-14  1.8501E-09  2.9181E-11  1.2747E-12  1.0239E-14
  3.7106E-09  1.7338E-04  8.7829E-06  1.6041E-08  3.5300E-10
  3.0059E-09  1.7217E-04  8.4610E-06  1.5378E-08  3.2109E-10
  2.3874E-09  1.7122E-04  8.2170E-06  1.4883E-08  2.9927E-10
  1.8782E-09  1.7064E-04  8.0687E-06  1.4587E-08  2.8700E-10
  1.3617E-09  1.7020E-04  7.9545E-06  1.4368E-08  2.7831E-10
  9.5307E-10  1.6992E-04  7.8679E-06  1.4213E-08  2.7240E-10
  6.0412E-10  1.6963E-04  7.7634E-06  1.4040E-08  2.6611E-10
  3.8040E-10  1.6932E-04  7.6307E-06  1.3831E-08  2.5881E-10
  2.2133E-10  1.6879E-04  7.4031E-06  1.3480E-08  2.4704E-10
  1.3241E-10  1.6798E-04  7.0717E-06  1.2969E-08  2.3080E-10
  7.3177E-11  1.0538E-04  5.7423E-06  1.0465E-08  1.6017E-10
  4.1072E-11  3.5620E-05  3.5015E-06  6.1789E-09  7.5710E-11
  2.0251E-11  1.0711E-05  1.6856E-06  2.8886E-09  3.0652E-11
  8.7438E-12  3.5333E-06  7.1601E-07  1.2086E-09  1.2002E-11
  3.3508E-12  1.0392E-06  2.4982E-07  4.1696E-10  4.0169E-12
  1.6737E-12  3.4361E-07  9.6906E-08  1.5977E-10  1.5216E-12
  8.4293E-13  1.0288E-07  3.3019E-08  5.5935E-11  5.2951E-13
  4.5069E-13  3.4237E-08  4.3619E-09  2.2566E-11  2.1308E-13
  1.5745E-08  1.7834E-04  1.0498E-05  1.9682E-08  6.4593E-10
  1.1146E-08  1.7680E-04  1.0020E-05  1.8668E-08  5.5922E-10
  8.0084E-09  1.7498E-04  9.4923E-06  1.7553E-08  4.7755E-10
  6.1616E-09  1.7341E-04  9.0713E-06  1.6673E-08  4.2229E-10
  4.7254E-09  1.7198E-04  8.7118E-06  1.5933E-08  3.8123E-10
  3.6786E-09  1.7102E-04  8.4731E-06  1.5452E-08  3.5687E-10
  2.6845E-09  1.7026E-04  8.2790E-06  1.5076E-08  3.3907E-10
  1.9064E-09  1.6973E-04  8.1278E-06  1.4801E-08  3.2678E-10
  1.2293E-09  1.6917E-04  7.9458E-06  1.4491E-08  3.1378E-10
  7.8403E-10  1.6855E-04  7.7191E-06  1.4125E-08  2.9920E-10
  4.6049E-10  1.6751E-04  7.3425E-06  1.3524E-08  2.7681E-10
  2.7660E-10  1.6596E-04  6.8194E-06  1.2688E-08  2.4804E-10
  1.5197E-10  1.1647E-04  5.5229E-06  1.0317E-08  1.7704E-10
  7.8628E-11  3.9306E-05  3.2972E-06  6.0134E-09  8.3459E-11
  3.0721E-11  1.1689E-05  1.4467E-06  2.5909E-09  3.1218E-11
  1.3030E-11  3.8323E-06  6.0242E-07  1.0616E-09  1.2067E-11
  6.2595E-12  1.1414E-06  2.3710E-07  4.0814E-10  4.5128E-12
  3.4148E-12  3.7980E-07  1.0033E-07  1.6941E-10  1.8499E-12
  6.1137E-08  1.8054E-04  1.1391E-05  2.1423E-08  8.0584E-10
  4.3262E-08  1.8015E-04  1.1204E-05  2.1136E-08  8.1060E-10
  2.8935E-08  1.7913E-04  1.0864E-05  2.0467E-08  7.5503E-10
  2.0165E-08  1.7777E-04  1.0454E-05  1.9609E-08  6.7456E-10
  1.3963E-08  1.7597E-04  9.9476E-06  1.8539E-08  5.8320E-10
  1.0296E-08  1.7425E-04  9.4974E-06  1.7595E-08  5.1320E-10
  7.5321E-09  1.7255E-04  9.0738E-06  1.6722E-08  4.5647E-10
  5.6400E-09  1.7128E-04  8.7652E-06  1.6101E-08  4.2036E-10
  3.9717E-09  1.7017E-04  8.4889E-06  1.5569E-08  3.9204E-10
  2.7490E-09  1.6932E-04  8.2504E-06  1.5138E-08  3.7084E-10
  1.7363E-09  1.6830E-04  7.9411E-06  1.4612E-08  3.4683E-10
  1.0929E-09  1.6707E-04  7.5491E-06  1.3966E-08  3.1957E-10
  6.3456E-10  1.6494E-04  6.9177E-06  1.2930E-08  2.7993E-10
  3.7202E-10  1.6174E-04  6.0758E-06  1.1533E-08  2.3282E-10
  1.7628E-10  8.5725E-05  4.1087E-06  7.8513E-09  1.3251E-10
  7.2082E-11  2.8448E-05  2.0319E-06  3.8464E-09  5.4859E-11
  2.9728E-11  8.4205E-06  8.4968E-07  1.5756E-09  2.0611E-11
  1.5812E-11  2.7967E-06  3.9544E-07  7.1353E-10  9.0067E-12
  1.2463E-07  1.8018E-04  1.1404E-05  2.0618E-08  5.9693E-10
  1.0460E-07  1.8031E-04  1.1460E-05  2.1217E-08  7.3045E-10
  8.0325E-08  1.8046E-04  1.1428E-05  2.1450E-08  8.2554E-10
  5.9437E-08  1.8025E-04  1.1295E-05  2.1309E-08  8.5026E-10
  4.0843E-08  1.7938E-04  1.1011E-05  2.0782E-08  8.1363E-10
  2.8570E-08  1.7809E-04  1.0644E-05  2.0029E-08  7.4260E-10
  1.9464E-08  1.7629E-04  1.0163E-05  1.9022E-08  6.5193E-10
  1.3930E-08  1.7450E-04  9.7095E-06  1.8076E-08  5.7646E-10
  9.7440E-09  1.7261E-04  9.2511E-06  1.7139E-08  5.1085E-10
  6.9568E-09  1.7108E-04  8.8844E-06  1.6415E-08  4.6578E-10
  4.6451E-09  1.6960E-04  8.5114E-06  1.5716E-08  4.2651E-10
  3.0783E-09  1.6822E-04  8.1407E-06  1.5059E-08  3.9312E-10
  1.8720E-09  1.6632E-04  7.6158E-06  1.4166E-08  3.5203E-10
  1.1453E-09  1.6376E-04  6.9451E-06  1.3039E-08  3.0576E-10
  6.2509E-10  1.5904E-04  5.8658E-06  1.1219E-08  2.4105E-10
  2.9870E-10  1.4926E-04  4.2873E-06  8.4496E-09  1.6083E-10
  1.1136E-10  4.4799E-05  2.0077E-06  3.9419E-09  6.2451E-11
  5.3692E-11  1.4851E-05  9.8260E-07  1.8919E-09  2.7768E-11
  1.5540E-07  1.7910E-04  1.0763E-05  1.7341E-08  3.1806E-10
  1.4543E-07  1.7965E-04  1.1144E-05  1.9237E-08  4.6195E-10
  1.3067E-07  1.8007E-04  1.1367E-05  2.0545E-08  6.2988E-10
  1.1203E-07  1.8013E-04  1.1436E-05  2.1170E-08  7.6064E-10
  8.8662E-08  1.8036E-04  1.1422E-05  2.1443E-08  8.5249E-10
  6.7088E-08  1.8017E-04  1.1299E-05  2.1329E-08  8.7614E-10
  4.6767E-08  1.7924E-04  1.1026E-05  2.0828E-08  8.4135E-10
  3.2750E-08  1.7789E-04  1.0664E-05  2.0095E-08  7.7288E-10
  2.1998E-08  1.7601E-04  1.0183E-05  1.9099E-08  6.8335E-10
  1.5315E-08  1.7407E-04  9.7150E-06  1.8138E-08  6.0638E-10
  1.0236E-08  1.7195E-04  9.2125E-06  1.7137E-08  5.3586E-10
  6.9443E-09  1.7006E-04  8.7638E-06  1.6281E-08  4.8268E-10
  4.3788E-09  1.6790E-04  8.2319E-06  1.5317E-08  4.2962E-10
  2.7702E-09  1.6545E-04  7.6322E-06  1.4272E-08  3.7873E-10
  1.6014E-09  1.6153E-04  6.7386E-06  1.2743E-08  3.1378E-10
  8.7417E-10  1.5527E-04  5.5112E-06  1.0635E-08  2.3802E-10
  3.5190E-10  1.3918E-04  3.4943E-06  6.9740E-09  1.3457E-10
  1.5161E-10  5.9662E-05  1.8215E-06  3.6436E-09  6.2179E-11
  1.6385E-07  1.7621E-04  9.0049E-06  1.1613E-08  1.4119E-10
  1.6118E-07  1.7802E-04  1.0073E-05  1.4924E-08  2.3569E-10
  1.5432E-07  1.7911E-04  1.0785E-05  1.7749E-08  3.7720E-10
  1.4359E-07  1.7960E-04  1.1149E-05  1.9503E-08  5.2948E-10
  1.2867E-07  1.7997E-04  1.1358E-05  2.0683E-08  6.9407E-10
  1.0987E-07  1.7995E-04  1.1410E-05  2.1215E-08  8.1084E-10
  8.6881E-08  1.8026E-04  1.1388E-05  2.1427E-08  8.8383E-10
  6.5505E-08  1.7987E-04  1.1237E-05  2.1234E-08  8.9124E-10
  4.5323E-08  1.7872E-04  1.0929E-05  2.0656E-08  8.4498E-10
  3.1353E-08  1.7717E-04  1.0535E-05  1.9861E-08  7.7176E-10
  2.0574E-08  1.7500E-04  1.0014E-05  1.8801E-08  6.8050E-10
  1.3854E-08  1.7278E-04  9.4924E-06  1.7764E-08  6.0154E-10
  8.8148E-09  1.7014E-04  8.8874E-06  1.6605E-08  5.2465E-10
  5.6865E-09  1.6744E-04  8.2722E-06  1.5477E-08  4.5969E-10
  3.3923E-09  1.6364E-04  7.4443E-06  1.4014E-08  3.8680E-10
  1.9957E-09  1.5848E-04  6.4180E-06  1.2237E-08  3.1125E-10
  9.1292E-10  1.4719E-04  4.6574E-06  9.1284E-09  2.0375E-10
  3.8002E-10  1.2502E-04  2.7645E-06  5.5538E-09  1.0866E-10
  1.6097E-07  1.6900E-04  5.7932E-06  5.6327E-09  5.4072E-11
  1.6339E-07  1.7374E-04  7.7750E-06  9.0852E-09  1.0482E-10
  1.6259E-07  1.7677E-04  9.3634E-06  1.3006E-08  1.9404E-10
  1.5852E-07  1.7832E-04  1.0298E-05  1.6077E-08  3.1088E-10
  1.4961E-07  1.7925E-04  1.0905E-05  1.8548E-08  4.7102E-10
  1.3655E-07  1.7963E-04  1.1205E-05  2.0003E-08  6.2659E-10
  1.1993E-07  1.7987E-04  1.1361E-05  2.0927E-08  7.7530E-10
  9.9960E-08  1.7990E-04  1.1380E-05  2.1295E-08  8.6587E-10
  7.6769E-08  1.7997E-04  1.1302E-05  2.1328E-08  9.0597E-10
  5.6364E-08  1.7921E-04  1.1084E-05  2.0969E-08  8.8723E-10
  3.7916E-08  1.7764E-04  1.0695E-05  2.0218E-08  8.2146E-10
  2.5545E-08  1.7565E-04  1.0220E-05  1.9272E-08  7.3866E-10
  1.6195E-08  1.7291E-04  9.5935E-06  1.8038E-08  6.4184E-10
  1.0484E-08  1.6994E-04  8.9390E-06  1.6788E-08  5.5681E-10
  6.3450E-09  1.6595E-04  8.1022E-06  1.5250E-08  4.6736E-10
  3.8680E-09  1.6104E-04  7.1509E-06  1.3559E-08  3.8401E-10
  1.9807E-09  1.5215E-04  5.6519E-06  1.0931E-08  2.7673E-10
  8.5798E-10  1.3469E-04  3.6939E-06  7.3301E-09  1.6163E-10
  1.4940E-07  1.5389E-04  2.5024E-06  1.9949E-09  1.8024E-11
  1.5747E-07  1.6436E-04  4.4925E-06  4.1288E-09  4.0951E-11
  1.6194E-07  1.7140E-04  6.8296E-06  7.5884E-09  8.9017E-11
  1.6253E-07  1.7518E-04  8.5661E-06  1.1216E-08  1.6214E-10
  1.5942E-07  1.7757E-04  9.8708E-06  1.4899E-08  2.8114E-10
  1.5264E-07  1.7876E-04  1.0605E-05  1.7524E-08  4.2268E-10
  1.3993E-07  1.7940E-04  1.1061E-05  1.9476E-08  5.9412E-10
  1.2329E-07  1.7960E-04  1.1264E-05  2.0535E-08  7.3744E-10
  1.0452E-07  1.7965E-04  1.1338E-05  2.1125E-08  8.5216E-10
  8.3081E-08  1.7979E-04  1.1302E-05  2.1279E-08  9.0460E-10
  6.0792E-08  1.7920E-04  1.1108E-05  2.1018E-08  9.0168E-10
  4.2720E-08  1.7784E-04  1.0773E-05  2.0398E-08  8.5161E-10
  2.7556E-08  1.7553E-04  1.0237E-05  1.9356E-08  7.6265E-10
  1.7916E-08  1.7266E-04  9.6040E-06  1.8128E-08  6.6714E-10
  1.0900E-08  1.6856E-04  8.7574E-06  1.6527E-08  5.5966E-10
  6.7481E-09  1.6362E-04  7.8188E-06  1.4808E-08  4.6229E-10
  3.7031E-09  1.5565E-04  6.4657E-06  1.2405E-08  3.4928E-10
  1.7468E-09  1.4177E-04  4.6326E-06  9.0959E-09  2.2497E-10
  1.3008E-07  1.2834E-04  8.6583E-07  6.5289E-10  6.1325E-12
  1.4398E-07  1.4667E-04  1.8889E-06  1.5215E-09  1.4821E-11
  1.5464E-07  1.6070E-04  3.8085E-06  3.4872E-09  3.6915E-11
  1.5998E-07  1.6872E-04  5.9468E-06  6.3765E-09  7.7005E-11
  1.6159E-07  1.7394E-04  8.0351E-06  1.0285E-08  1.5274E-10
  1.5939E-07  1.7668E-04  9.4167E-06  1.3796E-08  2.5744E-10
  1.5250E-07  1.7834E-04  1.0384E-05  1.6929E-08  4.0955E-10
  1.4134E-07  1.7912E-04  1.0896E-05  1.8934E-08  5.6664E-10
  1.2314E-07  1.7942E-04  1.1180E-05  2.0279E-08  7.2679E-10
  1.0488E-07  1.7943E-04  1.1274E-05  2.0916E-08  8.3641E-10
  8.3114E-08  1.7956E-04  1.1255E-05  2.1166E-08  9.0154E-10
  6.2595E-08  1.7900E-04  1.1083E-05  2.0964E-08  9.0477E-10
  4.2708E-08  1.7742E-04  1.0705E-05  2.0290E-08  8.5414E-10
  2.8451E-08  1.7500E-04  1.0172E-05  1.9274E-08  7.7111E-10
  1.7503E-08  1.7115E-04  9.3760E-06  1.7756E-08  6.5800E-10
  1.0932E-08  1.6626E-04  8.4532E-06  1.6029E-08  5.4756E-10
  6.2195E-09  1.5862E-04  7.1646E-06  1.3692E-08  4.2307E-10
  3.1970E-09  1.4686E-04  5.4896E-06  1.0690E-08  2.9344E-10
  1.0827E-07  9.6361E-05  3.1456E-07  2.4013E-10  2.4142E-12
  1.2454E-07  1.1996E-04  7.1854E-07  5.6350E-10  5.7480E-12
  1.4085E-07  1.4217E-04  1.6899E-06  1.4084E-09  1.4881E-11
  1.5166E-07  1.5677E-04  3.2748E-06  3.0184E-09  3.4082E-11
  1.5842E-07  1.6701E-04  5.5505E-06  5.9859E-09  7.6993E-11
  1.6036E-07  1.7258E-04  7.5354E-06  9.4921E-09  1.4547E-10
  1.5809E-07  1.7610E-04  9.1796E-06  1.3397E-08  2.6020E-10
  1.5166E-07  1.7788E-04  1.0160E-05  1.6380E-08  3.9946E-10
  1.3903E-07  1.7888E-04  1.0794E-05  1.8709E-08  5.7155E-10
  1.2194E-07  1.7919E-04  1.1087E-05  2.0019E-08  7.1757E-10
  9.9067E-08  1.7906E-04  1.1189E-05  2.0741E-08  8.3469E-10
  8.0848E-08  1.7919E-04  1.1177E-05  2.0993E-08  8.9386E-10
  5.9317E-08  1.7841E-04  1.0967E-05  2.0751E-08  8.9581E-10
  4.1576E-08  1.7664E-04  1.0575E-05  2.0059E-08  8.4582E-10
  2.6334E-08  1.7331E-04  9.8931E-06  1.8781E-08  7.4744E-10
  1.6666E-08  1.6870E-04  9.0288E-06  1.7153E-08  6.3409E-10
  9.6856E-09  1.6131E-04  7.7891E-06  1.4867E-08  4.9897E-10
  5.3165E-09  1.5071E-04  6.2390E-06  1.2077E-08  3.6352E-10
  7.8553E-08  5.0082E-05  8.3708E-08  6.7060E-11  7.4961E-13
  9.4270E-08  7.3685E-05  1.8947E-07  1.5305E-10  1.7187E-12
  1.1233E-07  1.0123E-04  4.6655E-07  3.8412E-10  4.3608E-12
  1.2917E-07  1.2540E-04  1.0415E-06  8.8857E-10  1.0304E-11
  1.4437E-07  1.4665E-04  2.2973E-06  2.1120E-09  2.5726E-11
  1.5339E-07  1.5991E-04  4.0989E-06  4.2115E-09  5.5887E-11
  1.5787E-07  1.6889E-04  6.3726E-06  7.6393E-09  1.1811E-10
  1.5739E-07  1.7369E-04  8.1790E-06  1.1261E-08  2.1016E-10
  1.5169E-07  1.7664E-04  9.5889E-06  1.4922E-08  3.5156E-10
  1.4121E-07  1.7806E-04  1.0389E-05  1.7489E-08  5.0571E-10
  1.2344E-07  1.7869E-04  1.0865E-05  1.9332E-08  6.7201E-10
  1.0227E-07  1.7862E-04  1.1029E-05  2.0232E-08  7.9044E-10
  7.8642E-08  1.7826E-04  1.1007E-05  2.0586E-08  8.6417E-10
  6.1343E-08  1.7762E-04  1.0847E-05  2.0477E-08  8.8001E-10
  4.2452E-08  1.7533E-04  1.0396E-05  1.9725E-08  8.3374E-10
  2.8126E-08  1.7147E-04  9.6945E-06  1.8438E-08  7.4279E-10
  1.6894E-08  1.6467E-04  8.5775E-06  1.6367E-08  6.0834E-10
  9.8843E-09  1.5502E-04  7.1708E-06  1.3806E-08  4.6656E-10
  3.9712E-08  1.6329E-05  2.2566E-08  1.9050E-11  2.3491E-13
  6.2404E-08  3.3281E-05  5.6833E-08  4.8113E-11  5.9392E-13
  8.3468E-08  5.8086E-05  1.4450E-07  1.2318E-10  1.5265E-12
  1.0107E-07  8.3745E-05  3.3101E-07  2.8588E-10  3.5711E-12
  1.2080E-07  1.1264E-04  8.0796E-07  7.1864E-10  9.1453E-12
  1.3677E-07  1.3561E-04  1.7090E-06  1.6007E-09  2.1094E-11
  1.4904E-07  1.5393E-04  3.3971E-06  3.5061E-09  4.9784E-11
  1.5478E-07  1.6461E-04  5.4022E-06  6.3061E-09  1.0057E-10
  1.5529E-07  1.7158E-04  7.5270E-06  1.0160E-08  1.9432E-10
  1.5054E-07  1.7516E-04  9.0156E-06  1.3651E-08  3.1791E-10
  1.3912E-07  1.7722E-04  1.0076E-05  1.6739E-08  4.8345E-10
  1.2276E-07  1.7797E-04  1.0612E-05  1.8645E-08  6.3577E-10
  9.9384E-08  1.7784E-04  1.0839E-05  1.9780E-08  7.6740E-10
  7.5955E-08  1.7698E-04  1.0782E-05  2.0079E-08  8.3170E-10
  5.6487E-08  1.7566E-04  1.0538E-05  1.9869E-08  8.4442E-10
  4.0973E-08  1.7279E-04  1.0055E-05  1.9073E-08  7.9993E-10
  2.6169E-08  1.6684E-04  9.1301E-06  1.7394E-08  6.9246E-10
  1.6110E-08  1.5795E-04  7.8754E-06  1.5105E-08  5.5729E-10
  1.0996E-08  3.7479E-06  5.7871E-09  5.1312E-12  6.8997E-14
  2.5646E-08  9.8630E-06  1.6229E-08  1.4403E-11  1.9397E-13
  4.9886E-08  2.4246E-05  4.7019E-08  4.1830E-11  5.6383E-13
  7.2082E-08  4.4908E-05  1.1469E-07  1.0257E-10  1.3869E-12
  9.3660E-08  7.2903E-05  2.9011E-07  2.6265E-10  3.5793E-12
  1.1293E-07  1.0060E-04  6.6194E-07  6.1307E-10  8.4823E-12
  1.3203E-07  1.2843E-04  1.5268E-06  1.4838E-09  2.1240E-11
  1.4470E-07  1.4776E-04  2.9177E-06  3.0591E-09  4.6488E-11
  1.5205E-07  1.6171E-04  5.0095E-06  5.9205E-09  1.0077E-10
  1.5285E-07  1.6933E-04  6.9834E-06  9.3445E-09  1.8504E-10
  1.4730E-07  1.7403E-04  8.7210E-06  1.3193E-08  3.1939E-10
  1.3608E-07  1.7622E-04  9.7760E-06  1.6101E-08  4.6940E-10
  1.1710E-07  1.7707E-04  1.0413E-05  1.8264E-08  6.3266E-10
  9.5096E-08  1.7667E-04  1.0611E-05  1.9289E-08  7.4635E-10
  6.9528E-08  1.7504E-04  1.0474E-05  1.9489E-08  8.0432E-10
  5.0915E-08  1.7259E-04  1.0102E-05  1.9028E-08  7.9732E-10
  3.5671E-08  1.6761E-04  9.4058E-06  1.7848E-08  7.3416E-10
  2.3459E-08  1.5953E-04  8.3393E-06  1.5926E-08  6.2269E-10
  2.7340E-09  9.4162E-07  1.7596E-09  1.6312E-12  2.3723E-14
  7.1223E-09  2.5236E-06  4.7904E-09  4.4417E-12  6.4604E-14
  1.9099E-08  7.4058E-06  1.4772E-08  1.3708E-11  1.9966E-13
  3.8900E-08  1.7875E-05  3.9938E-08  3.7134E-11  5.4127E-13
  6.4600E-08  3.8276E-05  1.0992E-07  1.0274E-10  1.5024E-12
  8.6392E-08  6.3457E-05  2.6170E-07  2.4716E-10  3.6400E-12
  1.0909E-07  9.4702E-05  6.5323E-07  6.3153E-10  9.4548E-12
  1.2765E-07  1.2177E-04  1.4088E-06  1.4186E-09  2.1890E-11
  1.4236E-07  1.4484E-04  2.8746E-06  3.1250E-09  5.1360E-11
  1.4930E-07  1.5889E-04  4.7355E-06  5.6947E-09  1.0327E-10
  1.4970E-07  1.6814E-04  6.8795E-06  9.3921E-09  1.9928E-10
  1.4353E-07  1.7282E-04  8.4802E-06  1.2875E-08  3.2492E-10
  1.2950E-07  1.7528E-04  9.6434E-06  1.6009E-08  4.8861E-10
  1.1060E-07  1.7579E-04  1.0196E-05  1.7887E-08  6.3079E-10
  8.5667E-08  1.7466E-04  1.0327E-05  1.8818E-08  7.3834E-10
  6.2755E-08  1.7203E-04  1.0063E-05  1.8719E-08  7.6893E-10
  4.2812E-08  1.6701E-04  9.4104E-06  1.7736E-08  7.3079E-10
  3.0461E-08  1.5971E-04  8.5459E-06  1.6229E-08  6.5311E-10
  7.3289E-10  2.7027E-07  6.4809E-10  6.3304E-13  1.0099E-14
  1.6008E-09  5.9380E-07  1.4284E-09  1.3953E-12  2.2257E-14
  4.1451E-09  1.5601E-06  3.7882E-09  3.7011E-12  5.9046E-14
  1.0307E-08  4.0387E-06  1.0050E-08  9.8232E-12  1.5694E-13
  2.5636E-08  1.1257E-05  3.0163E-08  2.9527E-11  4.7188E-13
  4.7837E-08  2.5320E-05  7.9307E-08  7.7912E-11  1.2480E-12
  7.4386E-08  5.0044E-05  2.1412E-07  2.1227E-10  3.4224E-12
  9.7451E-08  7.8579E-05  5.0633E-07  5.1076E-10  8.3416E-12
  1.2027E-07  1.1078E-04  1.2107E-06  1.2674E-09  2.1302E-11
  1.3589E-07  1.3525E-04  2.3925E-06  2.6559E-09  4.6915E-11
  1.4514E-07  1.5390E-04  4.2893E-06  5.2394E-09  1.0167E-10
  1.4604E-07  1.6432E-04  6.2363E-06  8.4659E-09  1.8666E-10
  1.3890E-07  1.7061E-04  8.0720E-06  1.2249E-08  3.2112E-10
  1.2517E-07  1.7318E-04  9.2084E-06  1.5152E-08  4.6682E-10
  1.0347E-07  1.7339E-04  9.8284E-06  1.7201E-08  6.1417E-10
  8.0414E-08  1.7133E-04  9.8743E-06  1.7907E-08  6.9897E-10
  5.6001E-08  1.6630E-04  9.4023E-06  1.7454E-08  7.1063E-10
  3.7550E-08  1.5829E-04  8.5055E-06  1.5994E-08  6.4660E-10
  3.2778E-10  1.2866E-07  3.8490E-10  3.9347E-13  6.8093E-15
  6.3673E-10  2.5085E-07  7.5131E-10  7.6806E-13  1.3290E-14
  1.3751E-09  5.4513E-07  1.6373E-09  1.6739E-12  2.8965E-14
  2.9737E-09  1.1908E-06  3.5987E-09  3.6797E-12  6.3677E-14
  7.5024E-09  3.0878E-06  9.5054E-09  9.7235E-12  1.6848E-13
  1.7551E-08  7.7267E-06  2.4909E-08  2.5508E-11  4.4207E-13
  3.8455E-08  1.9796E-05  7.2458E-08  7.4446E-11  1.2930E-12
  6.3306E-08  3.9881E-05  1.8419E-07  1.9063E-10  3.3294E-12
  9.0821E-08  7.0506E-05  4.8462E-07  5.1033E-10  9.0346E-12
  1.1355E-07  1.0123E-04  1.0920E-06  1.1861E-09  2.1533E-11
  1.3212E-07  1.3033E-04  2.3331E-06  2.6876E-09  5.1404E-11
  1.4100E-07  1.4921E-04  4.0099E-06  5.0037E-09  1.0377E-10
  1.4139E-07  1.6196E-04  6.0972E-06  8.4633E-09  2.0008E-10
  1.3342E-07  1.6814E-04  7.7526E-06  1.1835E-08  3.2417E-10
  1.1638E-07  1.7069E-04  8.9488E-06  1.4855E-08  4.7848E-10
  9.5212E-08  1.6986E-04  9.4071E-06  1.6470E-08  5.9822E-10
  6.9901E-08  1.6542E-04  9.2485E-06  1.6801E-08  6.6203E-10
  4.8846E-08  1.5767E-04  8.5510E-06  1.5849E-08  6.4073E-10
  1.4432E-10  6.0783E-08  2.3119E-10  2.4830E-13  4.6991E-15
  2.8454E-10  1.2004E-07  4.5684E-10  4.9066E-13  9.2852E-15
  5.8270E-10  2.4659E-07  9.3955E-10  1.0091E-12  1.9097E-14
  1.1219E-09  4.7697E-07  1.8214E-09  1.9564E-12  3.7022E-14
  2.3765E-09  1.0195E-06  3.9132E-09  4.2038E-12  7.9560E-14
  4.9904E-09  2.1754E-06  8.4426E-09  9.0724E-12  1.7192E-13
  1.1940E-08  5.4309E-06  2.1751E-08  2.3394E-11  4.4334E-13
  2.5819E-08  1.2870E-05  5.5518E-08  5.9847E-11  1.1359E-12
  5.0722E-08  3.0215E-05  1.5676E-07  1.7005E-10  3.2438E-12
  7.7449E-08  5.5834E-05  3.9002E-07  4.2871E-10  8.2667E-12
  1.0519E-07  9.0167E-05  9.8093E-07  1.1101E-09  2.1946E-11
  1.2452E-07  1.1947E-04  2.0168E-06  2.3917E-09  4.9361E-11
  1.3567E-07  1.4327E-04  3.7461E-06  4.8001E-09  1.0745E-10
  1.3596E-07  1.5678E-04  5.5974E-06  7.8325E-09  1.9539E-10
  1.2594E-07  1.6437E-04  7.3820E-06  1.1378E-08  3.2859E-10
  1.0886E-07  1.6622E-04  8.4193E-06  1.3955E-08  4.6080E-10
  8.4778E-08  1.6342E-04  8.7657E-06  1.5366E-08  5.6999E-10
  6.2117E-08  1.5623E-04  8.3795E-06  1.5168E-08  5.9869E-10
  6.0192E-11  2.6968E-08  1.2624E-10  1.4152E-13  2.8987E-15
  1.3163E-10  5.9018E-08  2.7635E-10  3.0980E-13  6.3454E-15
  2.8886E-10  1.2971E-07  6.0773E-10  6.8128E-13  1.3954E-14
  5.6463E-10  2.5414E-07  1.1922E-09  1.3365E-12  2.7375E-14
  1.1483E-09  5.1926E-07  2.4419E-09  2.7378E-12  5.6077E-14
  2.1995E-09  1.0019E-06  4.7330E-09  5.3074E-12  1.0873E-13
  4.6263E-09  2.1396E-06  1.0216E-08  1.1459E-11  2.3502E-13
  9.5499E-09  4.5472E-06  2.2214E-08  2.4937E-11  5.1147E-13
  2.1548E-08  1.1040E-05  5.7438E-08  6.4620E-11  1.3275E-12
  4.1672E-08  2.4327E-05  1.4474E-07  1.6369E-10  3.3773E-12
  7.1109E-08  5.0323E-05  3.9629E-07  4.5424E-10  9.4822E-12
  9.8089E-08  8.1721E-05  9.3119E-07  1.0946E-09  2.3399E-11
  1.2046E-07  1.1515E-04  2.0635E-06  2.5466E-09  5.7030E-11
  1.3037E-07  1.3811E-04  3.6216E-06  4.7758E-09  1.1485E-10
  1.2885E-07  1.5345E-04  5.5726E-06  8.0345E-09  2.1634E-10
  1.1723E-07  1.5979E-04  7.0714E-06  1.1055E-08  3.3688E-10
  9.6199E-08  1.5981E-04  7.9680E-06  1.3386E-08  4.6467E-10
  7.3607E-08  1.5398E-04  7.9761E-06  1.4022E-08  5.3190E-10
  2.2914E-11  1.0833E-08  6.0821E-11  7.0799E-14  1.5572E-15
  5.6175E-11  2.6566E-08  1.4918E-10  1.7365E-13  3.8194E-15
  1.3884E-10  6.5709E-08  3.6911E-10  4.2967E-13  9.4502E-15
  2.9504E-10  1.3981E-07  7.8585E-10  9.1481E-13  2.0120E-14
  6.3090E-10  2.9970E-07  1.6871E-09  1.9641E-12  4.3199E-14
  1.2139E-09  5.7898E-07  3.2676E-09  3.8045E-12  8.3683E-14
  2.4451E-09  1.1757E-06  6.6719E-09  7.7696E-12  1.7122E-13
  4.6661E-09  2.2742E-06  1.3038E-08  1.5189E-11  3.3449E-13
  9.7656E-09  4.9024E-06  2.8803E-08  3.3587E-11  7.3995E-13
  1.9603E-08  1.0419E-05  6.4507E-08  7.5377E-11  1.6634E-12
  4.0017E-08  2.4048E-05  1.7008E-07  1.9991E-10  4.4343E-12
  6.6730E-08  4.7117E-05  4.2176E-07  5.0206E-10  1.1265E-11
  9.6875E-08  8.1508E-05  1.0665E-06  1.3062E-09  3.0130E-11
  1.1684E-07  1.1219E-04  2.1663E-06  2.7750E-09  6.6962E-11
  1.2533E-07  1.3688E-04  3.8922E-06  5.3525E-09  1.3997E-10
  1.2057E-07  1.4966E-04  5.5716E-06  8.2707E-09  2.3935E-10
  1.0409E-07  1.5412E-04  6.9261E-06  1.1134E-08  3.6520E-10
  8.2899E-08  1.5052E-04  7.3604E-06  1.2521E-08  4.5486E-10
  8.2987E-12  4.1117E-09  2.7121E-11  3.2651E-14  7.6639E-16
  2.2525E-11  1.1161E-08  7.3625E-11  8.8638E-14  2.0805E-15
  6.2308E-11  3.0885E-08  2.0376E-10  2.4532E-13  5.7579E-15
  1.4669E-10  7.2755E-08  4.8018E-10  5.7811E-13  1.3569E-14
  3.4561E-10  1.7166E-07  1.1340E-09  1.3652E-12  3.2045E-14
  7.0570E-10  3.5134E-07  2.3247E-09  2.7991E-12  6.5704E-14
  1.4611E-09  7.3094E-07  4.8530E-09  5.8441E-12  1.3720E-13
  2.7605E-09  1.3919E-06  9.2969E-09  1.1199E-11  2.6325E-13
  5.5039E-09  2.8198E-06  1.9081E-08  2.2997E-11  5.4054E-13
  1.0450E-08  5.5050E-06  3.8184E-08  4.6069E-11  1.0835E-12
  2.1427E-08  1.2000E-05  8.8429E-08  1.0699E-10  2.5225E-12
  3.9963E-08  2.4857E-05  2.0693E-07  2.5190E-10  5.9729E-12
  6.9278E-08  5.0818E-05  5.4567E-07  6.7479E-10  1.6255E-11
  9.6343E-08  8.2512E-05  1.2379E-06  1.5750E-09  3.9009E-11
  1.1546E-07  1.1493E-04  2.5678E-06  3.4408E-09  9.0053E-11
  1.1896E-07  1.3529E-04  4.1553E-06  5.9386E-09  1.6797E-10
  1.0851E-07  1.4581E-04  5.7651E-06  8.9065E-09  2.8099E-10
  8.9910E-08  1.4557E-04  6.5840E-06  1.0836E-08  3.7900E-10
