T(K)  p(mbar)  mu(amu)  mean cp(kJ/kg/K)
       75.000000    0.0010000000       2.3522288       12.877898
       75.000000    0.0030000000       2.3522294       12.877898
       75.000000     0.010000000       2.3522288       12.877898
       75.000000     0.030000000       2.3522294       12.877898
       75.000000      0.10000000       2.3522287       12.877898
       75.000000      0.30000000       2.3522294       12.877898
       75.000000       1.0000000       2.3522287       12.877898
       75.000000       3.0000000       2.3522294       12.877898
       75.000000       10.000000       2.3522287       12.877898
       75.000000       30.000000       2.3522294       12.877898
       75.000000       100.00000       2.3522287       12.877898
       75.000000       300.00000       2.3522294       12.877898
       75.000000       1000.0000       2.3522287       12.877898
       75.000000       3000.0000       2.3522294       12.877898
       75.000000       10000.000       2.3514501       12.883787
       100.00000    0.0010000000       2.3542464       12.395393
       100.00000    0.0030000000       2.3542464       12.395393
       100.00000     0.010000000       2.3537680       12.395393
       100.00000     0.030000000       2.3527423       12.395393
       100.00000      0.10000000       2.3523832       12.395393
       100.00000      0.30000000       2.3522807       12.395393
       100.00000       1.0000000       2.3522447       12.395393
       100.00000       3.0000000       2.3522345       12.395393
       100.00000       10.000000       2.3522309       12.395393
       100.00000       30.000000       2.3522299       12.395393
       100.00000       100.00000       2.3522295       12.395393
       100.00000       300.00000       2.3522294       12.395393
       100.00000       1000.0000       2.3522294       12.395393
       100.00000       3000.0000       2.3522294       12.395393
       100.00000       10000.000       2.3522294       12.395393
       100.00000       30000.000       2.3522294       12.395393
       110.00000    0.0010000000       2.3542466       12.335179
       110.00000    0.0030000000       2.3542458       12.335180
       110.00000     0.010000000       2.3542464       12.335179
       110.00000     0.030000000       2.3542458       12.335180
       110.00000      0.10000000       2.3542464       12.335179
       110.00000      0.30000000       2.3536533       12.335180
       110.00000       1.0000000       2.3526568       12.335179
       110.00000       3.0000000       2.3523712       12.335180
       110.00000       10.000000       2.3522721       12.335179
       110.00000       30.000000       2.3522430       12.335180
       110.00000       100.00000       2.3522336       12.335179
       110.00000       300.00000       2.3522301       12.335180
       110.00000       1000.0000       2.3522298       12.335179
       110.00000       3000.0000       2.3522289       12.335180
       110.00000       10000.000       2.3522294       12.335179
       110.00000       30000.000       2.3522287       12.335180
       110.00000       100000.00       2.3522294       12.335179
       120.00000    0.0010000000       2.3542560       12.336618
       120.00000    0.0030000000       2.3542498       12.336618
       120.00000     0.010000000       2.3542468       12.336618
       120.00000     0.030000000       2.3542467       12.336618
       120.00000      0.10000000       2.3542459       12.336618
       120.00000      0.30000000       2.3542464       12.336618
       120.00000       1.0000000       2.3542458       12.336618
       120.00000       3.0000000       2.3542464       12.336618
       120.00000       10.000000       2.3529108       12.336618
       120.00000       30.000000       2.3524567       12.336618
       120.00000       100.00000       2.3522970       12.336618
       120.00000       300.00000       2.3522521       12.336618
       120.00000       1000.0000       2.3522356       12.336618
       120.00000       3000.0000       2.3522316       12.336618
       120.00000       10000.000       2.3522294       12.336618
       120.00000       30000.000       2.3522296       12.336618
       120.00000       100000.00       2.3522288       12.336618
       130.00000    0.0010000000       2.3546055       12.390213
       130.00000    0.0030000000       2.3543657       12.390220
       130.00000     0.010000000       2.3542817       12.390223
       130.00000     0.030000000       2.3542578       12.390223
       130.00000      0.10000000       2.3542494       12.390224
       130.00000      0.30000000       2.3542470       12.390223
       130.00000       1.0000000       2.3542461       12.390224
       130.00000       3.0000000       2.3542459       12.390223
       130.00000       10.000000       2.3542458       12.390224
       130.00000       30.000000       2.3542458       12.390223
       130.00000       100.00000       2.3529396       12.390224
       130.00000       300.00000       2.3524657       12.390223
       130.00000       1000.0000       2.3522998       12.390224
       130.00000       3000.0000       2.3522524       12.390223
       130.00000       10000.000       2.3522358       12.390224
       130.00000       30000.000       2.3522311       12.390223
       130.00000       100000.00       2.3522294       12.390224
       140.00000    0.0010000000       2.3550984       12.486188
       140.00000    0.0030000000       2.3550684       12.486403
       140.00000     0.010000000       2.3550078       12.486478
       140.00000     0.030000000       2.3545002       12.486500
       140.00000      0.10000000       2.3543225       12.486507
       140.00000      0.30000000       2.3542718       12.486510
       140.00000       1.0000000       2.3542540       12.486510
       140.00000       3.0000000       2.3542490       12.486511
       140.00000       10.000000       2.3542472       12.486511
       140.00000       30.000000       2.3542467       12.486511
       140.00000       100.00000       2.3542465       12.486511
       140.00000       300.00000       2.3539961       12.486511
       140.00000       1000.0000       2.3527594       12.486511
       140.00000       3000.0000       2.3524061       12.486511
       140.00000       10000.000       2.3522824       12.486511
       140.00000       30000.000       2.3522470       12.486511
       140.00000       100000.00       2.3522347       12.486511
       150.00000    0.0010000000       2.3559052       12.609812
       150.00000    0.0030000000       2.3553375       12.613933
       150.00000     0.010000000       2.3551380       12.615376
       150.00000     0.030000000       2.3550818       12.615788
       150.00000      0.10000000       2.3550612       12.615933
       150.00000      0.30000000       2.3546041       12.615974
       150.00000       1.0000000       2.3543531       12.615988
       150.00000       3.0000000       2.3542822       12.615992
       150.00000       10.000000       2.3542565       12.615994
       150.00000       30.000000       2.3542500       12.615994
       150.00000       100.00000       2.3542469       12.615994
       150.00000       300.00000       2.3542468       12.615994
       150.00000       1000.0000       2.3542459       12.615994
       150.00000       3000.0000       2.3532372       12.615994
       150.00000       10000.000       2.3525311       12.615994
       150.00000       30000.000       2.3523302       12.615994
       150.00000       100000.00       2.3522590       12.615994
       160.00000    0.0010000000       2.3662036       12.687644
       160.00000    0.0030000000       2.3587665       12.741875
       160.00000     0.010000000       2.3561661       12.760983
       160.00000     0.030000000       2.3554252       12.766454
       160.00000      0.10000000       2.3551649       12.768369
       160.00000      0.30000000       2.3550906       12.768916
       160.00000       1.0000000       2.3550645       12.769108
       160.00000       3.0000000       2.3546089       12.769163
       160.00000       10.000000       2.3543551       12.769182
       160.00000       30.000000       2.3542827       12.769187
       160.00000       100.00000       2.3542573       12.769189
       160.00000       300.00000       2.3542500       12.769190
       160.00000       1000.0000       2.3542475       12.769190
       160.00000       3000.0000       2.3542468       12.769190
       160.00000       10000.000       2.3536167       12.769190
       160.00000       30000.000       2.3526919       12.769190
       160.00000       100000.00       2.3523681       12.769190
       170.00000    0.0010000000       2.3678821       12.841447
       170.00000    0.0030000000       2.3678821       12.841446
       170.00000     0.010000000       2.3658423       12.856470
       170.00000     0.030000000       2.3586462       12.909772
       170.00000      0.10000000       2.3561261       12.928550
       170.00000      0.30000000       2.3554092       12.933926
       170.00000       1.0000000       2.3551578       12.935808
       170.00000       3.0000000       2.3550891       12.936345
       170.00000       10.000000       2.3550641       12.936531
       170.00000       30.000000       2.3545262       12.936585
       170.00000       100.00000       2.3543304       12.936604
       170.00000       300.00000       2.3542777       12.936608
       170.00000       1000.0000       2.3542581       12.936610
       170.00000       3000.0000       2.3542525       12.936611
       170.00000       10000.000       2.3542505       12.936611
       170.00000       30000.000       2.3540065       12.936611
       170.00000       100000.00       2.3527648       12.936611
       180.00000    0.0010000000       2.3678886       13.012125
       180.00000    0.0030000000       2.3678888       13.012123
       180.00000     0.010000000       2.3678888       13.012123
       180.00000     0.030000000       2.3678887       13.012123
       180.00000      0.10000000       2.3631724       13.047460
       180.00000      0.30000000       2.3577598       13.088266
       180.00000       1.0000000       2.3558647       13.102617
       180.00000       3.0000000       2.3553231       13.106724
       180.00000       10.000000       2.3551376       13.108160
       180.00000       30.000000       2.3550867       13.108570
       180.00000       100.00000       2.3547695       13.108713
       180.00000       300.00000       2.3544250       13.108754
       180.00000       1000.0000       2.3543045       13.108768
       180.00000       3000.0000       2.3542700       13.108773
       180.00000       10000.000       2.3542580       13.108774
       180.00000       30000.000       2.3542545       13.108774
       180.00000       100000.00       2.3539939       13.108774
       190.00000    0.0010000000       2.3678931       13.178097
       190.00000    0.0030000000       2.3678923       13.178098
       190.00000     0.010000000       2.3678930       13.178098
       190.00000     0.030000000       2.3678923       13.178098
       190.00000      0.10000000       2.3678931       13.178097
       190.00000      0.30000000       2.3678923       13.178099
       190.00000       1.0000000       2.3599952       13.238272
       190.00000       3.0000000       2.3567022       13.263529
       190.00000       10.000000       2.3555535       13.272393
       190.00000       30.000000       2.3552276       13.274927
       190.00000       100.00000       2.3551158       13.275812
       190.00000       300.00000       2.3550828       13.276066
       190.00000       1000.0000       2.3545221       13.276155
       190.00000       3000.0000       2.3543469       13.276182
       190.00000       10000.000       2.3542856       13.276189
       190.00000       30000.000       2.3542681       13.276191
       190.00000       100000.00       2.3542620       13.276192
       200.00000    0.0010000000       2.3678930       13.329969
       200.00000    0.0030000000       2.3678930       13.329970
       200.00000     0.010000000       2.3678929       13.329970
       200.00000     0.030000000       2.3678930       13.329970
       200.00000      0.10000000       2.3678931       13.329969
       200.00000      0.30000000       2.3678929       13.329971
       200.00000       1.0000000       2.3678929       13.329972
       200.00000       3.0000000       2.3634123       13.364500
       200.00000       10.000000       2.3575672       13.409847
       200.00000       30.000000       2.3558989       13.422869
       200.00000       100.00000       2.3553146       13.427430
       200.00000       300.00000       2.3551499       13.428735
       200.00000       1000.0000       2.3550920       13.429193
       200.00000       3000.0000       2.3546382       13.429332
       200.00000       10000.000       2.3543736       13.429369
       200.00000       30000.000       2.3542972       13.429379
       200.00000       100000.00       2.3542713       13.429383
       210.00000    0.0010000000       2.3678923       13.460816
       210.00000    0.0030000000       2.3678928       13.460818
       210.00000     0.010000000       2.3678923       13.460819
       210.00000     0.030000000       2.3678929       13.460819
       210.00000      0.10000000       2.3678923       13.460819
       210.00000      0.30000000       2.3678929       13.460820
       210.00000       1.0000000       2.3678923       13.460820
       210.00000       3.0000000       2.3678931       13.460825
       210.00000       10.000000       2.3659596       13.475900
       210.00000       30.000000       2.3586947       13.532758
       210.00000       100.00000       2.3561537       13.552778
       210.00000       300.00000       2.3554305       13.558513
       210.00000       1000.0000       2.3551754       13.560527
       210.00000       3000.0000       2.3551033       13.561137
       210.00000       10000.000       2.3546871       13.561301
       210.00000       30000.000       2.3544025       13.561347
       210.00000       100000.00       2.3543021       13.561363
       220.00000    0.0010000000       2.3678920       13.573641
       220.00000    0.0030000000       2.3678928       13.573665
       220.00000     0.010000000       2.3678928       13.573669
       220.00000     0.030000000       2.3678928       13.573669
       220.00000      0.10000000       2.3678929       13.573669
       220.00000      0.30000000       2.3678930       13.573669
       220.00000       1.0000000       2.3678930       13.573671
       220.00000       3.0000000       2.3678931       13.573675
       220.00000       10.000000       2.3678930       13.573684
       220.00000       30.000000       2.3678968       13.573736
       220.00000       100.00000       2.3592122       13.642254
       220.00000       300.00000       2.3564496       13.664230
       220.00000       1000.0000       2.3554813       13.671963
       220.00000       3000.0000       2.3552046       13.674305
       220.00000       10000.000       2.3551078       13.674935
       220.00000       30000.000       2.3547353       13.675112
       220.00000       100000.00       2.3544021       13.675175
       230.00000    0.0010000000       2.3678917       13.673651
       230.00000    0.0030000000       2.3678955       13.673862
       230.00000     0.010000000       2.3678928       13.673887
       230.00000     0.030000000       2.3678928       13.673889
       230.00000      0.10000000       2.3678929       13.673890
       230.00000      0.30000000       2.3678930       13.673890
       230.00000       1.0000000       2.3678930       13.673892
       230.00000       3.0000000       2.3678931       13.673896
       230.00000       10.000000       2.3678931       13.673903
       230.00000       30.000000       2.3678968       13.673956
       230.00000       100.00000       2.3679004       13.674023
       230.00000       300.00000       2.3597513       13.738893
       230.00000       1000.0000       2.3564727       13.765233
       230.00000       3000.0000       2.3555349       13.773226
       230.00000       10000.000       2.3552075       13.775383
       230.00000       30000.000       2.3551131       13.775989
       230.00000       100000.00       2.3546894       13.776202
       240.00000    0.0010000000       2.3678546       13.762176
       240.00000    0.0030000000       2.3678965       13.763389
       240.00000     0.010000000       2.3678960       13.763558
       240.00000     0.030000000       2.3678959       13.763576
       240.00000      0.10000000       2.3678922       13.763578
       240.00000      0.30000000       2.3678929       13.763579
       240.00000       1.0000000       2.3678923       13.763580
       240.00000       3.0000000       2.3678930       13.763585
       240.00000       10.000000       2.3678925       13.763592
       240.00000       30.000000       2.3678967       13.763645
       240.00000       100.00000       2.3679005       13.763711
       240.00000       300.00000       2.3679045       13.764008
       240.00000       1000.0000       2.3593672       13.832722
       240.00000       3000.0000       2.3565009       13.857294
       240.00000       10000.000       2.3554965       13.863951
       240.00000       30000.000       2.3552103       13.865824
       240.00000       100000.00       2.3551093       13.866479
       250.00000    0.0010000000       2.3677886       13.836878
       250.00000    0.0030000000       2.3678648       13.840553
       250.00000     0.010000000       2.3678979       13.841455
       250.00000     0.030000000       2.3678958       13.841547
       250.00000      0.10000000       2.3678959       13.841558
       250.00000      0.30000000       2.3678928       13.841560
       250.00000       1.0000000       2.3678929       13.841561
       250.00000       3.0000000       2.3678929       13.841567
       250.00000       10.000000       2.3678931       13.841573
       250.00000       30.000000       2.3678966       13.841627
       250.00000       100.00000       2.3679010       13.841693
       250.00000       300.00000       2.3679040       13.841989
       250.00000       1000.0000       2.3670956       13.850036
       250.00000       3000.0000       2.3590778       13.918764
       250.00000       10000.000       2.3562706       13.937499
       250.00000       30000.000       2.3554675       13.942778
       250.00000       100000.00       2.3551873       13.944625
       260.00000    0.0010000000       2.3676775       13.898798
       260.00000    0.0030000000       2.3678144       13.903823
       260.00000     0.010000000       2.3678739       13.906808
       260.00000     0.030000000       2.3678989       13.907259
       260.00000      0.10000000       2.3678960       13.907316
       260.00000      0.30000000       2.3678962       13.907321
       260.00000       1.0000000       2.3678921       13.907325
       260.00000       3.0000000       2.3678929       13.907331
       260.00000       10.000000       2.3678924       13.907337
       260.00000       30.000000       2.3678966       13.907391
       260.00000       100.00000       2.3679002       13.907459
       260.00000       300.00000       2.3679046       13.907752
       260.00000       1000.0000       2.3679040       13.909434
       260.00000       3000.0000       2.3654334       13.942678
       260.00000       10000.000       2.3581776       13.991167
       260.00000       30000.000       2.3561042       14.004882
       260.00000       100000.00       2.3553775       14.009688
       260.00000       300000.00       2.3551706       14.011063
       270.00000    0.0010000000       2.3675191       13.953035
       270.00000    0.0030000000       2.3677136       13.956461
       270.00000     0.010000000       2.3678466       13.961639
       270.00000     0.030000000       2.3678778       13.963308
       270.00000      0.10000000       2.3678989       13.963561
       270.00000      0.30000000       2.3678961       13.963586
       270.00000       1.0000000       2.3678962       13.963589
       270.00000       3.0000000       2.3678961       13.963596
       270.00000       10.000000       2.3678963       13.963603
       270.00000       30.000000       2.3678966       13.963658
       270.00000       100.00000       2.3679003       13.963724
       270.00000       300.00000       2.3679039       13.964020
       270.00000       1000.0000       2.3679047       13.965701
       270.00000       3000.0000       2.3679040       13.982605
       270.00000       10000.000       2.3625617       14.018764
       270.00000       30000.000       2.3575653       14.051871
       270.00000       100000.00       2.3558167       14.063504
       270.00000       300000.00       2.3553162       14.066834
       275.00000    0.0010000000       2.3674006       13.978649
       275.00000    0.0030000000       2.3676654       13.980597
       275.00000     0.010000000       2.3678216       13.986008
       275.00000     0.030000000       2.3678761       13.988698
       275.00000      0.10000000       2.3678819       13.989207
       275.00000      0.30000000       2.3678992       13.989257
       275.00000       1.0000000       2.3678961       13.989264
       275.00000       3.0000000       2.3678962       13.989269
       275.00000       10.000000       2.3678963       13.989277
       275.00000       30.000000       2.3678966       13.989332
       275.00000       100.00000       2.3679003       13.989398
       275.00000       300.00000       2.3679040       13.989693
       275.00000       1000.0000       2.3679040       13.991375
       275.00000       3000.0000       2.3679040       14.008279
       275.00000       10000.000       2.3663324       14.019605
       275.00000       30000.000       2.3588235       14.069343
       275.00000       100000.00       2.3561936       14.086863
       275.00000       300000.00       2.3554421       14.091881
       280.00000    0.0010000000       2.3672375       14.003588
       280.00000    0.0030000000       2.3675802       14.004037
       280.00000     0.010000000       2.3677855       14.008942
       280.00000     0.030000000       2.3678670       14.012720
       280.00000      0.10000000       2.3678817       14.013667
       280.00000      0.30000000       2.3678991       14.013768
       280.00000       1.0000000       2.3678958       14.013783
       280.00000       3.0000000       2.3678962       14.013787
       280.00000       10.000000       2.3678963       14.013795
       280.00000       30.000000       2.3678965       14.013851
       280.00000       100.00000       2.3679010       14.013916
       280.00000       300.00000       2.3679047       14.014211
       280.00000       1000.0000       2.3679045       14.015894
       280.00000       3000.0000       2.3679047       14.032798
       280.00000       10000.000       2.3679046       14.033770
       280.00000       30000.000       2.3603349       14.083941
       280.00000       100000.00       2.3566476       14.108536
       280.00000       300000.00       2.3555939       14.115587
       290.00000    0.0010000000       2.3670078       14.049664
       290.00000    0.0030000000       2.3673686       14.048677
       290.00000     0.010000000       2.3676780       14.050987
       290.00000     0.030000000       2.3678256       14.055936
       290.00000      0.10000000       2.3678793       14.058517
       290.00000      0.30000000       2.3678820       14.058878
       290.00000       1.0000000       2.3678998       14.058924
       290.00000       3.0000000       2.3678995       14.058932
       290.00000       10.000000       2.3678961       14.058942
       290.00000       30.000000       2.3678966       14.058997
       290.00000       100.00000       2.3679009       14.059063
       290.00000       300.00000       2.3679038       14.059359
       290.00000       1000.0000       2.3679046       14.061039
       290.00000       3000.0000       2.3679040       14.077944
       290.00000       10000.000       2.3679046       14.078916
       290.00000       30000.000       2.3650657       14.097753
       290.00000       100000.00       2.3580680       14.144472
       290.00000       300000.00       2.3560668       14.157906
       300.00000    0.0010000000       2.3674757       14.083615
       300.00000    0.0030000000       2.3675102       14.084460
       300.00000     0.010000000       2.3675589       14.087021
       300.00000     0.030000000       2.3676731       14.091781
       300.00000      0.10000000       2.3677626       14.096468
       300.00000      0.30000000       2.3678017       14.097586
       300.00000       1.0000000       2.3678045       14.097738
       300.00000       3.0000000       2.3678048       14.097757
       300.00000       10.000000       2.3678049       14.097766
       300.00000       30.000000       2.3678049       14.097824
       300.00000       100.00000       2.3678049       14.097895
       300.00000       300.00000       2.3678049       14.098195
       300.00000       1000.0000       2.3678049       14.099875
       300.00000       3000.0000       2.3678049       14.116770
       300.00000       10000.000       2.3678049       14.117741
       300.00000       30000.000       2.3678049       14.117730
       300.00000       100000.00       2.3604321       14.166955
       300.00000       300000.00       2.3567940       14.191429
       310.00000    0.0010000000       2.3674724       14.114892
       310.00000    0.0030000000       2.3674806       14.115371
       310.00000     0.010000000       2.3675309       14.116922
       310.00000     0.030000000       2.3675965       14.120424
       310.00000      0.10000000       2.3677269       14.126119
       310.00000      0.30000000       2.3677958       14.128732
       310.00000       1.0000000       2.3678039       14.129210
       310.00000       3.0000000       2.3678047       14.129261
       310.00000       10.000000       2.3678048       14.129273
       310.00000       30.000000       2.3678049       14.129331
       310.00000       100.00000       2.3678049       14.129403
       310.00000       300.00000       2.3678049       14.129702
       310.00000       1000.0000       2.3678049       14.131383
       310.00000       3000.0000       2.3678049       14.148277
       310.00000       10000.000       2.3678049       14.149248
       310.00000       30000.000       2.3678049       14.149237
       310.00000       100000.00       2.3645248       14.171073
       310.00000       300000.00       2.3581592       14.213888
       320.00000    0.0010000000       2.3674704       14.140843
       320.00000    0.0030000000       2.3674753       14.141121
       320.00000     0.010000000       2.3675112       14.142052
       320.00000     0.030000000       2.3675555       14.144377
       320.00000      0.10000000       2.3676773       14.149579
       320.00000      0.30000000       2.3677604       14.153923
       320.00000       1.0000000       2.3678020       14.155193
       320.00000       3.0000000       2.3678045       14.155334
       320.00000       10.000000       2.3678048       14.155358
       320.00000       30.000000       2.3678047       14.155417
       320.00000       100.00000       2.3678049       14.155488
       320.00000       300.00000       2.3678049       14.155787
       320.00000       1000.0000       2.3678049       14.157468
       320.00000       3000.0000       2.3678049       14.174362
       320.00000       10000.000       2.3678049       14.175334
       320.00000       30000.000       2.3678049       14.175323
       320.00000       100000.00       2.3678049       14.175180
       320.00000       300000.00       2.3603564       14.225197
       330.00000    0.0010000000       2.3674694       14.163812
       330.00000    0.0030000000       2.3674722       14.163979
       330.00000     0.010000000       2.3674821       14.164541
       330.00000     0.030000000       2.3675311       14.166029
       330.00000      0.10000000       2.3676047       14.170034
       330.00000      0.30000000       2.3677274       14.175276
       330.00000       1.0000000       2.3677973       14.177972
       330.00000       3.0000000       2.3678040       14.178355
       330.00000       10.000000       2.3678048       14.178408
       330.00000       30.000000       2.3678048       14.178469
       330.00000       100.00000       2.3678049       14.178541
       330.00000       300.00000       2.3678049       14.178841
       330.00000       1000.0000       2.3678049       14.180521
       330.00000       3000.0000       2.3678049       14.197415
       330.00000       10000.000       2.3678049       14.198387
       330.00000       30000.000       2.3678049       14.198376
       330.00000       100000.00       2.3678049       14.198233
       330.00000       300000.00       2.3637843       14.225075
       340.00000    0.0010000000       2.3674692       14.184554
       340.00000    0.0030000000       2.3674705       14.184652
       340.00000     0.010000000       2.3674773       14.184999
       340.00000     0.030000000       2.3675119       14.185947
       340.00000      0.10000000       2.3675688       14.188767
       340.00000      0.30000000       2.3676825       14.193749
       340.00000       1.0000000       2.3677666       14.198129
       340.00000       3.0000000       2.3678024       14.199065
       340.00000       10.000000       2.3678046       14.199194
       340.00000       30.000000       2.3678047       14.199263
       340.00000       100.00000       2.3678047       14.199335
       340.00000       300.00000       2.3678049       14.199635
       340.00000       1000.0000       2.3678049       14.201315
       340.00000       3000.0000       2.3678049       14.218209
       340.00000       10000.000       2.3678049       14.219181
       340.00000       30000.000       2.3678049       14.219170
       340.00000       100000.00       2.3678049       14.219027
       340.00000       300000.00       2.3678049       14.218674
       350.00000    0.0010000000       2.3674682       14.202208
       350.00000    0.0030000000       2.3674695       14.202269
       350.00000     0.010000000       2.3674733       14.202487
       350.00000     0.030000000       2.3674838       14.203092
       350.00000      0.10000000       2.3675404       14.205009
       350.00000      0.30000000       2.3676183       14.209071
       350.00000       1.0000000       2.3677419       14.214604
       350.00000       3.0000000       2.3677989       14.216552
       350.00000       10.000000       2.3678043       14.216867
       350.00000       30.000000       2.3678047       14.216953
       350.00000       100.00000       2.3678048       14.217027
       350.00000       300.00000       2.3678049       14.217327
       350.00000       1000.0000       2.3678049       14.219008
       350.00000       3000.0000       2.3678049       14.235902
       350.00000       10000.000       2.3678049       14.236873
       350.00000       30000.000       2.3678049       14.236862
       350.00000       100000.00       2.3678049       14.236720
       350.00000       300000.00       2.3678049       14.236367
       375.00000    0.0010000000       2.3674678       14.232314
       375.00000    0.0030000000       2.3674682       14.232336
       375.00000     0.010000000       2.3674698       14.232408
       375.00000     0.030000000       2.3674734       14.232619
       375.00000      0.10000000       2.3675055       14.233333
       375.00000      0.30000000       2.3675411       14.235180
       375.00000       1.0000000       2.3676291       14.239800
       375.00000       3.0000000       2.3677427       14.244813
       375.00000       10.000000       2.3678001       14.246789
       375.00000       30.000000       2.3678043       14.247084
       375.00000       100.00000       2.3678048       14.247182
       375.00000       300.00000       2.3678048       14.247480
       375.00000       1000.0000       2.3678049       14.249131
       375.00000       3000.0000       2.3678049       14.265687
       375.00000       10000.000       2.3678049       14.266713
       375.00000       30000.000       2.3678049       14.267044
       375.00000       100000.00       2.3678049       14.266914
       375.00000       300000.00       2.3678049       14.266554
       400.00000    0.0010000000       2.3674668       14.252789
       400.00000    0.0030000000       2.3674669       14.252797
       400.00000     0.010000000       2.3674674       14.252826
       400.00000     0.030000000       2.3674689       14.252907
       400.00000      0.10000000       2.3674738       14.253190
       400.00000      0.30000000       2.3675072       14.253965
       400.00000       1.0000000       2.3675520       14.256360
       400.00000       3.0000000       2.3676593       14.260997
       400.00000       10.000000       2.3677576       14.266023
       400.00000       30.000000       2.3678002       14.267396
       400.00000       100.00000       2.3678035       14.267638
       400.00000       300.00000       2.3678039       14.267889
       400.00000       1000.0000       2.3678038       14.269155
       400.00000       3000.0000       2.3678039       14.281294
       400.00000       10000.000       2.3678039       14.283034
       400.00000       30000.000       2.3678039       14.287827
       400.00000       100000.00       2.3678039       14.287867
       400.00000       300000.00       2.3678039       14.287405
       425.00000    0.0010000000       2.3674668       14.266146
       425.00000    0.0030000000       2.3674668       14.266149
       425.00000     0.010000000       2.3674672       14.266160
       425.00000     0.030000000       2.3674677       14.266196
       425.00000      0.10000000       2.3674700       14.266316
       425.00000      0.30000000       2.3674758       14.266659
       425.00000       1.0000000       2.3675153       14.267792
       425.00000       3.0000000       2.3675697       14.270540
       425.00000       10.000000       2.3676938       14.276119
       425.00000       30.000000       2.3677666       14.279942
       425.00000       100.00000       2.3678021       14.280895
       425.00000       300.00000       2.3678037       14.281164
       425.00000       1000.0000       2.3678039       14.282065
       425.00000       3000.0000       2.3678038       14.290068
       425.00000       10000.000       2.3678039       14.292509
       425.00000       30000.000       2.3678039       14.301463
       425.00000       100000.00       2.3678039       14.301671
       425.00000       300000.00       2.3678039       14.301105
       450.00000    0.0010000000       2.3674613       14.274203
       450.00000    0.0030000000       2.3674665       14.274191
       450.00000     0.010000000       2.3674668       14.274195
       450.00000     0.030000000       2.3674671       14.274211
       450.00000      0.10000000       2.3674682       14.274267
       450.00000      0.30000000       2.3674710       14.274428
       450.00000       1.0000000       2.3674805       14.274977
       450.00000       3.0000000       2.3675289       14.276431
       450.00000       10.000000       2.3676015       14.280382
       450.00000       30.000000       2.3677237       14.285705
       450.00000       100.00000       2.3677959       14.288561
       450.00000       300.00000       2.3678029       14.289091
       450.00000       1000.0000       2.3678038       14.289671
       450.00000       3000.0000       2.3678039       14.293782
       450.00000       10000.000       2.3678040       14.296907
       450.00000       30000.000       2.3678040       14.309763
       450.00000       100000.00       2.3678040       14.310135
       450.00000       300000.00       2.3678040       14.309466
       475.00000    0.0010000000       2.3674256       14.279796
       475.00000    0.0030000000       2.3674595       14.279609
       475.00000     0.010000000       2.3674664       14.279588
       475.00000     0.030000000       2.3674668       14.279595
       475.00000      0.10000000       2.3674674       14.279623
       475.00000      0.30000000       2.3674690       14.279703
       475.00000       1.0000000       2.3674737       14.279983
       475.00000       3.0000000       2.3675070       14.280751
       475.00000       10.000000       2.3675521       14.283127
       475.00000       30.000000       2.3676587       14.287758
       475.00000       100.00000       2.3677571       14.292836
       475.00000       300.00000       2.3678001       14.294276
       475.00000       1000.0000       2.3678035       14.294810
       475.00000       3000.0000       2.3678039       14.296954
       475.00000       10000.000       2.3678038       14.300069
       475.00000       30000.000       2.3678040       14.313115
       475.00000       100000.00       2.3678040       14.316512
       475.00000       300000.00       2.3678040       14.315789
       500.00000    0.0010000000       2.3669907       14.288044
       500.00000    0.0030000000       2.3674072       14.286176
       500.00000     0.010000000       2.3674580       14.285900
       500.00000     0.030000000       2.3674662       14.285878
       500.00000      0.10000000       2.3674671       14.285890
       500.00000      0.30000000       2.3674680       14.285931
       500.00000       1.0000000       2.3674706       14.286082
       500.00000       3.0000000       2.3674779       14.286504
       500.00000       10.000000       2.3675216       14.287883
       500.00000       30.000000       2.3675844       14.291102
       500.00000       100.00000       2.3677146       14.296874
       500.00000       300.00000       2.3677720       14.300036
       500.00000       1000.0000       2.3678027       14.300851
       500.00000       3000.0000       2.3678037       14.301491
       500.00000       10000.000       2.3678039       14.304463
       500.00000       30000.000       2.3678039       14.317015
       500.00000       100000.00       2.3678039       14.324005
       500.00000       300000.00       2.3678039       14.323079
       575.00000    0.0010000000       1.1817636       14.334681
       575.00000    0.0030000000       2.3643693       14.330480
       575.00000     0.010000000       2.3657883       14.325035
       575.00000     0.030000000       2.3670258       14.320192
       575.00000      0.10000000       2.3674215       14.318669
       575.00000      0.30000000       2.3674593       14.318508
       575.00000       1.0000000       2.3674671       14.318518
       575.00000       3.0000000       2.3674692       14.318604
       575.00000       10.000000       2.3674742       14.318912
       575.00000       30.000000       2.3675088       14.319753
       575.00000       100.00000       2.3675565       14.322314
       575.00000       300.00000       2.3676694       14.327133
       575.00000       1000.0000       2.3677607       14.332054
       575.00000       3000.0000       2.3678007       14.333505
       575.00000       10000.000       2.3678035       14.334874
       575.00000       30000.000       2.3678039       14.339591
       575.00000       100000.00       2.3678038       14.360271
       575.00000       300000.00       2.3678040       14.375951
       650.00000    0.0010000000       1.1811302       14.372932
       650.00000    0.0030000000       1.1813661       14.369474
       650.00000     0.010000000       2.3637173       14.362834
       650.00000     0.030000000       2.3641203       14.361442
       650.00000      0.10000000       2.3653418       14.357430
       650.00000      0.30000000       2.3667502       14.352697
       650.00000       1.0000000       2.3673892       14.350626
       650.00000       3.0000000       2.3674558       14.350389
       650.00000       10.000000       2.3674683       14.350445
       650.00000       30.000000       2.3674732       14.350698
       650.00000       100.00000       2.3675078       14.351550
       650.00000       300.00000       2.3675485       14.353716
       650.00000       1000.0000       2.3676631       14.358811
       650.00000       3000.0000       2.3677545       14.363625
       650.00000       10000.000       2.3678004       14.365693
       650.00000       30000.000       2.3678028       14.367787
       650.00000       100000.00       2.3678039       14.382869
       650.00000       300000.00       2.3678032       14.475196
       725.00000    0.0010000000       1.1810951       14.426608
       725.00000    0.0030000000       1.1811406       14.425957
       725.00000     0.010000000       1.1812754       14.423486
       725.00000     0.030000000       1.1817713       14.416428
       725.00000      0.10000000       2.3637602       14.415340
       725.00000      0.30000000       2.3642577       14.413887
       725.00000       1.0000000       2.3656172       14.410102
       725.00000       3.0000000       2.3669471       14.406345
       725.00000       10.000000       2.3674123       14.405052
       725.00000       30.000000       2.3674604       14.404997
       725.00000       100.00000       2.3674742       14.405303
       725.00000       300.00000       2.3675099       14.406192
       725.00000       1000.0000       2.3675595       14.408898
       725.00000       3000.0000       2.3676748       14.413890
       725.00000       10000.000       2.3677626       14.418912
       725.00000       30000.000       2.3678010       14.420985
       725.00000       100000.00       2.3678036       14.428508
       725.00000       300000.00       2.3678038       14.491979
       800.00000    0.0010000000       1.1810837       14.512916
       800.00000    0.0030000000       1.1810981       14.512733
       800.00000     0.010000000       1.1811416       14.512094
       800.00000     0.030000000       1.1812720       14.510244
       800.00000      0.10000000       1.1817302       14.503908
       800.00000      0.30000000       2.3637837       14.501979
       800.00000       1.0000000       2.3639931       14.501269
       800.00000       3.0000000       2.3648222       14.499238
       800.00000       10.000000       2.3664065       14.495479
       800.00000       30.000000       2.3672761       14.493450
       800.00000       100.00000       2.3674515       14.493172
       800.00000       300.00000       2.3674757       14.493538
       800.00000       1000.0000       2.3675197       14.494874
       800.00000       3000.0000       2.3675802       14.498048
       800.00000       10000.000       2.3677100       14.504058
       800.00000       30000.000       2.3677707       14.508009
       800.00000       100000.00       2.3678027       14.511738
       800.00000       300000.00       2.3678041       14.524866
       900.00000    0.0010000000       1.1813317       14.619676
       900.00000    0.0030000000       1.1812910       14.621485
       900.00000     0.010000000       1.1811317       14.629764
       900.00000     0.030000000       1.1811273       14.630909
       900.00000      0.10000000       1.1812279       14.629479
       900.00000      0.30000000       1.1815492       14.625207
       900.00000       1.0000000       2.3637602       14.620770
       900.00000       3.0000000       2.3638546       14.620688
       900.00000       10.000000       2.3643445       14.619793
       900.00000       30.000000       2.3654945       14.617732
       900.00000       100.00000       2.3669184       14.615030
       900.00000       300.00000       2.3674109       14.614282
       900.00000       1000.0000       2.3674793       14.614723
       900.00000       3000.0000       2.3675308       14.616250
       900.00000       10000.000       2.3676041       14.620458
       900.00000       30000.000       2.3677267       14.626230
       900.00000       100000.00       2.3677993       14.630670
       900.00000       300000.00       2.3678100       14.636461
       1000.0000    0.0010000000       2.3650304       14.755169
       1000.0000    0.0030000000       2.3650249       14.755200
       1000.0000     0.010000000       1.1815692       14.765470
       1000.0000     0.030000000       1.1813601       14.767271
       1000.0000      0.10000000       1.1813477       14.768436
       1000.0000      0.30000000       1.1812798       14.775014
       1000.0000       1.0000000       1.1815589       14.773172
       1000.0000       3.0000000       2.3637545       14.769043
       1000.0000       10.000000       2.3638077       14.768965
       1000.0000       30.000000       2.3641031       14.768649
       1000.0000       100.00000       2.3651090       14.767360
       1000.0000       300.00000       2.3665827       14.765489
       1000.0000       1000.0000       2.3674607       14.764628
       1000.0000       3000.0000       2.3675286       14.765245
       1000.0000       10000.000       2.3675719       14.767704
       1000.0000       30000.000       2.3676743       14.772643
       1000.0000       100000.00       2.3677811       14.778888
       1000.0000       300000.00       2.3678298       14.783442
       1100.0000    0.0010000000       2.3651567       14.922506
       1100.0000    0.0030000000       2.3650553       14.922633
       1100.0000     0.010000000       2.3650406       14.922676
       1100.0000     0.030000000       2.3650316       14.922696
       1100.0000      0.10000000       2.3649947       14.922890
       1100.0000      0.30000000       1.1817190       14.931371
       1100.0000       1.0000000       1.1815505       14.932776
       1100.0000       3.0000000       2.3635958       14.932336
       1100.0000       10.000000       2.3637518       14.936849
       1100.0000       30.000000       2.3637975       14.936872
       1100.0000       100.00000       2.3641053       14.936613
       1100.0000       300.00000       2.3649702       14.935918
       1100.0000       1000.0000       2.3665669       14.934673
       1100.0000       3000.0000       2.3674419       14.934342
       1100.0000       10000.000       2.3676700       14.935651
       1100.0000       30000.000       2.3677080       14.939154
       1100.0000       100000.00       2.3677745       14.945840
       1100.0000       300000.00       2.3678119       14.951092
       1200.0000    0.0010000000       2.3693608       15.104634
       1200.0000    0.0030000000       2.3674105       15.105435
       1200.0000     0.010000000       2.3660000       15.108097
       1200.0000     0.030000000       2.3654228       15.109170
       1200.0000      0.10000000       2.3651490       15.109645
       1200.0000      0.30000000       2.3650563       15.109803
       1200.0000       1.0000000       2.3650072       15.110044
       1200.0000       3.0000000       2.3644798       15.112754
       1200.0000       10.000000       2.3636892       15.117188
       1200.0000       30.000000       2.3636991       15.122822
       1200.0000       100.00000       2.3638174       15.124432
       1200.0000       300.00000       2.3641346       15.124309
       1200.0000       1000.0000       2.3651975       15.123898
       1200.0000       3000.0000       2.3666800       15.123367
       1200.0000       10000.000       2.3675347       15.124022
       1200.0000       30000.000       2.3677005       15.126400
       1200.0000       100000.00       2.3678295       15.132255
       1200.0000       300000.00       2.3678900       15.138545
       1300.0000    0.0010000000       2.3686634       15.301809
       1300.0000    0.0030000000       2.3691570       15.301675
       1300.0000     0.010000000       2.3694632       15.301603
       1300.0000     0.030000000       2.3686709       15.301558
       1300.0000      0.10000000       2.3673849       15.301538
       1300.0000      0.30000000       2.3663746       15.303816
       1300.0000       1.0000000       2.3655999       15.305693
       1300.0000       3.0000000       2.3652552       15.306423
       1300.0000       10.000000       2.3650221       15.307230
       1300.0000       30.000000       2.3642143       15.311845
       1300.0000       100.00000       2.3637550       15.317913
       1300.0000       300.00000       2.3638529       15.321828
       1300.0000       1000.0000       2.3643519       15.322004
       1300.0000       3000.0000       2.3654955       15.322086
       1300.0000       10000.000       2.3670348       15.323010
       1300.0000       30000.000       2.3675957       15.324765
       1300.0000       100000.00       2.3677648       15.329492
       1300.0000       300000.00       2.3678908       15.336190
       1400.0000    0.0010000000       2.3646614       15.528422
       1400.0000    0.0030000000       2.3668491       15.528283
       1400.0000     0.010000000       2.3682231       15.528139
       1400.0000     0.030000000       2.3689055       15.528065
       1400.0000      0.10000000       2.3693438       15.528014
       1400.0000      0.30000000       2.3693962       15.527992
       1400.0000       1.0000000       2.3676096       15.527973
       1400.0000       3.0000000       2.3671213       15.527966
       1400.0000       10.000000       2.3662887       15.530308
       1400.0000       30.000000       2.3656150       15.532179
       1400.0000       100.00000       2.3648768       15.535646
       1400.0000       300.00000       2.3641953       15.542300
       1400.0000       1000.0000       2.3639978       15.548934
       1400.0000       3000.0000       2.3646384       15.549887
       1400.0000       10000.000       2.3661283       15.551669
       1400.0000       30000.000       2.3673180       15.553929
       1400.0000       100000.00       2.3677104       15.557930
       1400.0000       300000.00       2.3678562       15.564404
       1500.0000    0.0010000000       2.3510659       15.773568
       1500.0000    0.0030000000       2.3589913       15.774102
       1500.0000     0.010000000       2.3639095       15.774209
       1500.0000     0.030000000       2.3664306       15.774161
       1500.0000      0.10000000       2.3679975       15.774114
       1500.0000      0.30000000       2.3687909       15.774090
       1500.0000       1.0000000       2.3693016       15.774072
       1500.0000       3.0000000       2.3693221       15.774066
       1500.0000       10.000000       2.3675970       15.774054
       1500.0000       30.000000       2.3671292       15.774056
       1500.0000       100.00000       2.3669128       15.774434
       1500.0000       300.00000       2.3658398       15.778818
       1500.0000       1000.0000       2.3647862       15.788307
       1500.0000       3000.0000       2.3642921       15.796146
       1500.0000       10000.000       2.3652529       15.799449
       1500.0000       30000.000       2.3667317       15.803488
       1500.0000       100000.00       2.3675860       15.808092
       1500.0000       300000.00       2.3677959       15.814167
       1600.0000    0.0010000000       2.3126407       15.975651
       1600.0000    0.0030000000       2.3364855       15.978559
       1600.0000     0.010000000       2.3514777       15.980032
       1600.0000     0.030000000       2.3592390       15.980543
       1600.0000      0.10000000       2.3640542       15.980708
       1600.0000      0.30000000       2.3665356       15.980743
       1600.0000       1.0000000       2.3680615       15.980761
       1600.0000       3.0000000       2.3688576       15.980772
       1600.0000       10.000000       2.3693376       15.980781
       1600.0000       30.000000       2.3686301       15.980786
       1600.0000       100.00000       2.3674103       15.980799
       1600.0000       300.00000       2.3671017       15.980883
       1600.0000       1000.0000       2.3670686       15.981819
       1600.0000       3000.0000       2.3654620       15.995247
       1600.0000       10000.000       2.3649217       16.006241
       1600.0000       30000.000       2.3660153       16.013307
       1600.0000       100000.00       2.3673412       16.020851
       1600.0000       300000.00       2.3677434       16.027174
       1700.0000    0.0010000000       2.2215247       16.168599
       1700.0000    0.0030000000       2.2815784       16.177862
       1700.0000     0.010000000       2.3206357       16.183123
       1700.0000     0.030000000       2.3411991       16.185483
       1700.0000      0.10000000       2.3540838       16.186650
       1700.0000      0.30000000       2.3607560       16.187083
       1700.0000       1.0000000       2.3648938       16.187281
       1700.0000       3.0000000       2.3670336       16.187364
       1700.0000       10.000000       2.3683549       16.187414
       1700.0000       30.000000       2.3690346       16.187450
       1700.0000       100.00000       2.3694539       16.187481
       1700.0000       300.00000       2.3678642       16.187538
       1700.0000       1000.0000       2.3672724       16.187899
       1700.0000       3000.0000       2.3674207       16.189305
       1700.0000       10000.000       2.3662215       16.205237
       1700.0000       30000.000       2.3659397       16.220254
       1700.0000       100000.00       2.3670016       16.234288
       1700.0000       300000.00       2.3676575       16.243006
       1800.0000    0.0010000000       2.0450796       16.328751
       1800.0000    0.0030000000       2.1677491       16.355594
       1800.0000     0.010000000       2.2539378       16.370327
       1800.0000     0.030000000       2.3013706       16.377217
       1800.0000      0.10000000       2.3318367       16.381044
       1800.0000      0.30000000       2.3477689       16.382709
       1800.0000       1.0000000       2.3577350       16.383542
       1800.0000       3.0000000       2.3628950       16.383896
       1800.0000       10.000000       2.3660763       16.384096
       1800.0000       30.000000       2.3677352       16.384191
       1800.0000       100.00000       2.3687552       16.384259
       1800.0000       300.00000       2.3692639       16.384335
       1800.0000       1000.0000       2.3682619       16.384610
       1800.0000       3000.0000       2.3675538       16.385778
       1800.0000       10000.000       2.3678876       16.389936
       1800.0000       30000.000       2.3672366       16.409517
       1800.0000       100000.00       2.3673380       16.434791
       1800.0000       300000.00       2.3677100       16.451043
       1900.0000    0.0010000000       1.7861681       16.414711
       1900.0000    0.0030000000       1.9741734       16.494994
       1900.0000     0.010000000       2.1298279       16.534631
       1900.0000     0.030000000       2.2238046       16.552176
       1900.0000      0.10000000       2.2872485       16.561996
       1900.0000      0.30000000       2.3213961       16.566544
       1900.0000       1.0000000       2.3430841       16.569008
       1900.0000       3.0000000       2.3543547       16.570086
       1900.0000       10.000000       2.3613896       16.570666
       1900.0000       30.000000       2.3650185       16.570945
       1900.0000       100.00000       2.3672601       16.571122
       1900.0000       300.00000       2.3684157       16.571238
       1900.0000       1000.0000       2.3691448       16.571481
       1900.0000       3000.0000       2.3686816       16.572445
       1900.0000       10000.000       2.3679415       16.576420
       1900.0000       30000.000       2.3685320       16.586031
       1900.0000       100000.00       2.3683705       16.619038
       1900.0000       300000.00       2.3685308       16.647957
       2000.0000    0.0010000000       1.5328894       16.291397
       2000.0000    0.0030000000       1.7239277       16.548305
       2000.0000     0.010000000       1.9376951       16.659159
       2000.0000     0.030000000       2.0922406       16.703061
       2000.0000      0.10000000       2.2073286       16.726190
       2000.0000      0.30000000       2.2727860       16.736786
       2000.0000       1.0000000       2.3156051       16.742721
       2000.0000       3.0000000       2.3382347       16.745425
       2000.0000       10.000000       2.3524649       16.746906
       2000.0000       30.000000       2.3598499       16.747589
       2000.0000       100.00000       2.3644285       16.747994
       2000.0000       300.00000       2.3667844       16.748223
       2000.0000       1000.0000       2.3682490       16.748499
       2000.0000       3000.0000       2.3690489       16.749311
       2000.0000       10000.000       2.3688551       16.753007
       2000.0000       30000.000       2.3684869       16.762806
       2000.0000       100000.00       2.3696336       16.787939
       2000.0000       300000.00       2.3696600       16.830977
       2150.0000    0.0010000000       1.3442866       14.746151
       2150.0000    0.0030000000       1.4273690       16.102189
       2150.0000     0.010000000       1.5974372       16.660102
       2150.0000     0.030000000       1.7971304       16.846554
       2150.0000      0.10000000       1.9990024       16.930014
       2150.0000      0.30000000       2.1360443       16.964255
       2150.0000       1.0000000       2.2345946       16.982662
       2150.0000       3.0000000       2.2895666       16.991141
       2150.0000       10.000000       2.3251567       16.995884
       2150.0000       30.000000       2.3438672       16.998087
       2150.0000       100.00000       2.3556205       16.999349
       2150.0000       300.00000       2.3616805       16.999979
       2150.0000       1000.0000       2.3654513       17.000467
       2150.0000       3000.0000       2.3674036       17.001211
       2150.0000       10000.000       2.3687784       17.004448
       2150.0000       30000.000       2.3698932       17.014185
       2150.0000       100000.00       2.3694311       17.042089
       2150.0000       300000.00       2.3706551       17.090034
       2300.0000    0.0010000000       1.3010612       9.9216893
       2300.0000    0.0030000000       1.3222224       13.667071
       2300.0000     0.010000000       1.3849465       15.891210
       2300.0000     0.030000000       1.5080277       16.693504
       2300.0000      0.10000000       1.7126346       17.015628
       2300.0000      0.30000000       1.9102459       17.128303
       2300.0000       1.0000000       2.0849206       17.181940
       2300.0000       3.0000000       2.1944325       17.205017
       2300.0000       10.000000       2.2699048       17.217719
       2300.0000       30.000000       2.3109939       17.223615
       2300.0000       100.00000       2.3372683       17.226965
       2300.0000       300.00000       2.3509895       17.228580
       2300.0000       1000.0000       2.3595483       17.229627
       2300.0000       3000.0000       2.3639867       17.230530
       2300.0000       10000.000       2.3668159       17.233408
       2300.0000       30000.000       2.3685682       17.242801
       2300.0000       100000.00       2.3703154       17.272261
       2300.0000       300000.00       2.3705298       17.331360
       2450.0000    0.0010000000       1.2918683       4.8019141
       2450.0000    0.0030000000       1.2973752       8.6005813
       2450.0000     0.010000000       1.3150620       13.091811
       2450.0000     0.030000000       1.3594543       15.613406
       2450.0000      0.10000000       1.4726939       16.782831
       2450.0000      0.30000000       1.6464184       17.170194
       2450.0000       1.0000000       1.8661238       17.331126
       2450.0000       3.0000000       2.0384173       17.392226
       2450.0000       10.000000       2.1727475       17.423417
       2450.0000       30.000000       2.2511579       17.437446
       2450.0000       100.00000       2.3031617       17.445316
       2450.0000       300.00000       2.3308729       17.449052
       2450.0000       1000.0000       2.3483991       17.451296
       2450.0000       3000.0000       2.3574858       17.452711
       2450.0000       10000.000       2.3631841       17.455481
       2450.0000       30000.000       2.3663190       17.464338
       2450.0000       100000.00       2.3688078       17.494541
       2450.0000       300000.00       2.3709717       17.561801
       2600.0000    0.0010000000       1.2894067       2.4701107
       2600.0000    0.0030000000       1.2910626       4.3403636
       2600.0000     0.010000000       1.2963771       8.3331551
       2600.0000     0.030000000       1.3104458       12.594499
       2600.0000      0.10000000       1.3539206       15.645317
       2600.0000      0.30000000       1.4482715       16.855106
       2600.0000       1.0000000       1.6301270       17.346492
       2600.0000       3.0000000       1.8311902       17.512139
       2600.0000       10.000000       2.0258708       17.587539
       2600.0000       30.000000       2.1546172       17.618915
       2600.0000       100.00000       2.2459196       17.635918
       2600.0000       300.00000       2.2964721       17.643812
       2600.0000       1000.0000       2.3290681       17.648415
       2600.0000       3000.0000       2.3461746       17.650894
       2600.0000       10000.000       2.3569133       17.653943
       2600.0000       30000.000       2.3625655       17.662236
       2600.0000       100000.00       2.3665049       17.692553
       2600.0000       300000.00       2.3692805       17.765818
       2800.0000    0.0010000000       1.2883411       1.6000961
       2800.0000    0.0030000000       1.2888893       2.1198749
       2800.0000     0.010000000       1.2901894       3.6979926
       2800.0000     0.030000000       1.2935376       6.8400063
       2800.0000      0.10000000       1.3045852       11.627768
       2800.0000      0.30000000       1.3334264       15.035703
       2800.0000       1.0000000       1.4144355       16.840460
       2800.0000       3.0000000       1.5593035       17.461673
       2800.0000       10.000000       1.7745502       17.712348
       2800.0000       30.000000       1.9643856       17.802664
       2800.0000       100.00000       2.1230309       17.846949
       2800.0000       300.00000       2.2193365       17.866413
       2800.0000       1000.0000       2.2845894       17.877341
       2800.0000       3000.0000       2.3197740       17.882730
       2800.0000       10000.000       2.3421548       17.887095
       2800.0000       30000.000       2.3538578       17.894915
       2800.0000       100000.00       2.3614451       17.924462
       2800.0000       300000.00       2.3659440       18.003156
       3000.0000    0.0010000000       1.2868947       1.4097659
       3000.0000    0.0030000000       1.2877176       1.5613158
       3000.0000     0.010000000       1.2885112       2.0641768
       3000.0000     0.030000000       1.2896375       3.3366970
       3000.0000      0.10000000       1.2928134       6.5277105
       3000.0000      0.30000000       1.3013146       10.913754
       3000.0000       1.0000000       1.3287775       14.954984
       3000.0000       3.0000000       1.3940913       16.832023
       3000.0000       10.000000       1.5413933       17.633086
       3000.0000       30.000000       1.7343305       17.896894
       3000.0000       100.00000       1.9467199       18.010813
       3000.0000       300.00000       2.0986996       18.056112
       3000.0000       1000.0000       2.2112793       18.080079
       3000.0000       3000.0000       2.2751417       18.091281
       3000.0000       10000.000       2.3168483       18.098654
       3000.0000       30000.000       2.3389074       18.106844
       3000.0000       100000.00       2.3529372       18.134918
       3000.0000       300000.00       2.3606511       18.216339
       3250.0000    0.0010000000       1.2826593       1.3619406
       3250.0000    0.0030000000       1.2845918       1.4041875
       3250.0000     0.010000000       1.2862398       1.5421453
       3250.0000     0.030000000       1.2874585       1.9103773
       3250.0000      0.10000000       1.2888813       3.0566276
       3250.0000      0.30000000       1.2913150       5.5695503
       3250.0000       1.0000000       1.2986463       10.197909
       3250.0000       3.0000000       1.3180893       14.295138
       3250.0000       10.000000       1.3764250       16.820218
       3250.0000       30.000000       1.4935040       17.747704
       3250.0000       100.00000       1.6942411       18.119735
       3250.0000       300.00000       1.8933910       18.248248
       3250.0000       1000.0000       2.0725424       18.308814
       3250.0000       3000.0000       2.1860332       18.334878
       3250.0000       10000.000       2.2646946       18.350012
       3250.0000       30000.000       2.3076923       18.360749
       3250.0000       100000.00       2.3352670       18.387333
       3250.0000       300000.00       2.3499498       18.468791
       3500.0000    0.0010000000       1.2759381       1.3619306
       3500.0000    0.0030000000       1.2785889       1.3786772
       3500.0000     0.010000000       1.2815659       1.4296316
       3500.0000     0.030000000       1.2838875       1.5596450
       3500.0000      0.10000000       1.2859769       1.9690364
       3500.0000      0.30000000       1.2877858       2.9898023
       3500.0000       1.0000000       1.2907471       5.6796766
       3500.0000       3.0000000       1.2971800       9.8835021
       3500.0000       10.000000       1.3174351       14.465241
       3500.0000       30.000000       1.3675567       16.888310
       3500.0000       100.00000       1.4911038       17.982791
       3500.0000       300.00000       1.6718428       18.343630
       3500.0000       1000.0000       1.8905139       18.494597
       3500.0000       3000.0000       2.0569636       18.552749
       3500.0000       10000.000       2.1845135       18.583410
       3500.0000       30000.000       2.2582831       18.600272
       3500.0000       100000.00       2.3069497       18.627424
       3500.0000       300000.00       2.3329622       18.706923
       3750.0000    0.0010000000       1.2728570       1.4030509
       3750.0000    0.0030000000       1.2736526       1.4105196
       3750.0000     0.010000000       1.2755271       1.4344577
       3750.0000     0.030000000       1.2781402       1.4943216
       3750.0000      0.10000000       1.2812856       1.6739218
       3750.0000      0.30000000       1.2839159       2.1170820
       3750.0000       1.0000000       1.2866492       3.4033240
       3750.0000       3.0000000       1.2900034       6.0627940
       3750.0000       10.000000       1.2981187       10.753780
       3750.0000       30.000000       1.3182706       14.820800
       3750.0000       100.00000       1.3778137       17.318651
       3750.0000       300.00000       1.4964549       18.238735
       3750.0000       1000.0000       1.6982900       18.608610
       3750.0000       3000.0000       1.8971022       18.736500
       3750.0000       10000.000       2.0751474       18.797354
       3750.0000       30000.000       2.1875917       18.825932
       3750.0000       100000.00       2.2653768       18.857005
       3750.0000       300000.00       2.3078756       18.934740
       4000.0000    0.0010000000       1.2724097       1.5521669
       4000.0000    0.0030000000       1.2725392       1.5552751
       4000.0000     0.010000000       1.2729081       1.5659405
       4000.0000     0.030000000       1.2737866       1.5951502
       4000.0000      0.10000000       1.2758047       1.6878506
       4000.0000      0.30000000       1.2785748       1.9159028
       4000.0000       1.0000000       1.2819821       2.5746470
       4000.0000       3.0000000       1.2852116       4.0524498
       4000.0000       10.000000       1.2900401       7.4202564
       4000.0000       30.000000       1.2993497       11.810630
       4000.0000       100.00000       1.3268358       15.841747
       4000.0000       300.00000       1.3913168       17.757417
       4000.0000       1000.0000       1.5372737       18.590916
       4000.0000       3000.0000       1.7296750       18.867044
       4000.0000       10000.000       1.9426037       18.986274
       4000.0000       30000.000       2.0954740       19.035727
       4000.0000       100000.00       2.2088206       19.075356
       4000.0000       300000.00       2.2731363       19.152947
