Li Na K Rb Cs
  4.5054E-38  4.5054E-38  4.5054E-38  4.5054E-38  4.5054E-38
  4.5054E-38  4.5054E-38  4.5054E-38  4.5054E-38  4.5054E-38
  4.5054E-38  4.5054E-38  4.5054E-38  4.5054E-38  4.5054E-38
  4.5054E-38  4.5054E-38  4.5054E-38  4.5054E-38  4.5054E-38
  4.5054E-38  4.5054E-38  4.5054E-38  4.5054E-38  4.5054E-38
  4.5054E-38  4.5054E-38  4.5054E-38  4.5054E-38  4.5054E-38
  4.5054E-38  4.5054E-38  4.5054E-38  4.5054E-38  4.5054E-38
  4.5054E-38  4.5054E-38  4.5054E-38  4.5054E-38  4.5054E-38
  4.5054E-38  4.5054E-38  4.5054E-38  4.5054E-38  4.5054E-38
  4.5054E-38  4.5054E-38  4.5054E-38  4.5054E-38  4.5054E-38
  4.5054E-38  4.5054E-38  4.5054E-38  4.5054E-38  4.5054E-38
  4.5054E-38  4.5054E-38  4.5054E-38  4.5054E-38  4.5054E-38
  4.5054E-38  4.5054E-38  4.5054E-38  4.5054E-38  4.5054E-38
  4.5054E-38  4.5054E-38  4.5054E-38  4.5054E-38  4.5054E-38
  4.5057E-38  4.5057E-38  4.5057E-38  4.5057E-38  4.5057E-38
  4.5048E-38  4.5048E-38  4.5048E-38  4.5048E-38  4.5048E-38
  4.5048E-38  4.5048E-38  4.5048E-38  4.5048E-38  4.5048E-38
  4.5050E-38  4.5050E-38  4.5050E-38  4.5050E-38  4.5050E-38
  4.5053E-38  4.5053E-38  4.5053E-38  4.5053E-38  4.5053E-38
  4.5054E-38  4.5054E-38  4.5054E-38  4.5054E-38  4.5054E-38
  4.5054E-38  4.5054E-38  4.5054E-38  4.5054E-38  4.5054E-38
  4.5054E-38  4.5054E-38  4.5054E-38  4.5054E-38  4.5054E-38
  4.5055E-38  4.5055E-38  4.5055E-38  4.5055E-38  4.5055E-38
  4.5054E-38  4.5054E-38  4.5054E-38  4.5054E-38  4.5054E-38
  4.5055E-38  4.5055E-38  4.5055E-38  4.5055E-38  4.5055E-38
  4.5054E-38  4.5054E-38  4.5054E-38  4.5054E-38  4.5054E-38
  4.5055E-38  4.5055E-38  4.5055E-38  4.5055E-38  4.5055E-38
  4.5054E-38  4.5054E-38  4.5054E-38  4.5054E-38  4.5054E-38
  4.5055E-38  4.5055E-38  4.5055E-38  4.5055E-38  4.5055E-38
  4.5054E-38  4.5054E-38  4.5054E-38  4.5054E-38  4.5054E-38
  4.5055E-38  4.5055E-38  4.5055E-38  4.5055E-38  4.5055E-38
  4.5048E-38  4.5048E-38  4.5048E-38  4.5048E-38  4.5048E-38
  4.5048E-38  4.5048E-38  4.5048E-38  4.5048E-38  4.5048E-38
  4.5048E-38  4.5048E-38  4.5048E-38  4.5048E-38  4.5048E-38
  4.5048E-38  4.5048E-38  4.5048E-38  4.5048E-38  4.5048E-38
  4.5048E-38  4.5048E-38  4.5048E-38  4.5048E-38  4.5048E-38
  4.5050E-38  4.5050E-38  4.5050E-38  4.5050E-38  4.5050E-38
  4.5053E-38  4.5053E-38  4.5053E-38  4.5053E-38  4.5053E-38
  4.5054E-38  4.5054E-38  4.5054E-38  4.5054E-38  4.5054E-38
  4.5054E-38  4.5054E-38  4.5054E-38  4.5054E-38  4.5054E-38
  4.5054E-38  4.5054E-38  4.5054E-38  4.5054E-38  4.5054E-38
  4.5055E-38  4.5055E-38  4.5055E-38  4.5055E-38  4.5055E-38
  4.5054E-38  4.5054E-38  4.5054E-38  4.5054E-38  4.5054E-38
  4.5055E-38  4.5055E-38  4.5055E-38  4.5055E-38  4.5055E-38
  4.5054E-38  4.5054E-38  4.5054E-38  4.5054E-38  4.5054E-38
  4.5055E-38  4.5055E-38  4.5055E-38  4.5055E-38  4.5055E-38
  4.5054E-38  4.5054E-38  4.5054E-38  4.5054E-38  4.5054E-38
  4.5055E-38  4.5055E-38  4.5055E-38  4.5055E-38  4.5055E-38
  4.5048E-38  4.5048E-38  4.5048E-38  4.5048E-38  4.5048E-38
  4.5048E-38  4.5048E-38  4.5048E-38  4.5048E-38  4.5048E-38
  4.5048E-38  4.5048E-38  4.5048E-38  4.5048E-38  4.5048E-38
  4.5048E-38  4.5048E-38  4.5048E-38  4.5048E-38  4.5048E-38
  4.5048E-38  4.5048E-38  4.5048E-38  4.5048E-38  4.5048E-38
  4.5048E-38  4.5048E-38  4.5048E-38  4.5048E-38  4.5048E-38
  4.5048E-38  4.5048E-38  4.5048E-38  4.5048E-38  4.5048E-38
  4.5048E-38  4.5048E-38  4.5048E-38  4.5048E-38  4.5048E-38
  4.5052E-38  4.5052E-38  4.5052E-38  4.5052E-38  4.5052E-38
  4.5054E-38  4.5054E-38  4.5054E-38  4.5054E-38  4.5054E-38
  4.5054E-38  4.5054E-38  4.5054E-38  4.5054E-38  4.5054E-38
  4.5054E-38  4.5054E-38  4.5054E-38  4.5054E-38  4.5054E-38
  4.5054E-38  4.5054E-38  4.5054E-38  4.5054E-38  4.5054E-38
  4.5054E-38  4.5054E-38  4.5054E-38  4.5054E-38  4.5054E-38
  4.5054E-38  4.5054E-38  4.5054E-38  4.5054E-38  4.5054E-38
  4.5054E-38  4.5054E-38  4.5054E-38  4.5054E-38  4.5054E-38
  4.5054E-38  4.5054E-38  4.5054E-38  4.5054E-38  4.5054E-38
  4.5048E-38  4.5048E-38  4.5048E-38  4.5048E-38  4.5048E-38
  4.5048E-38  4.5048E-38  4.5048E-38  4.5048E-38  4.5048E-38
  4.5048E-38  4.5048E-38  4.5048E-38  4.5048E-38  4.5048E-38
  4.5048E-38  4.5048E-38  4.5048E-38  4.5048E-38  4.5048E-38
  4.5048E-38  4.5048E-38  4.5048E-38  4.5048E-38  4.5048E-38
  4.5048E-38  4.5048E-38  4.5048E-38  4.5048E-38  4.5048E-38
  4.5048E-38  4.5048E-38  4.5048E-38  4.5048E-38  4.5048E-38
  4.5048E-38  4.5048E-38  4.5048E-38  4.5048E-38  4.5048E-38
  4.5048E-38  4.5048E-38  4.5048E-38  4.5048E-38  4.5048E-38
  4.5048E-38  4.5048E-38  4.5048E-38  4.5048E-38  4.5048E-38
  4.5052E-38  4.5052E-38  4.5052E-38  4.5052E-38  4.5052E-38
  4.5054E-38  4.5054E-38  4.5054E-38  4.5054E-38  4.5054E-38
  4.5054E-38  4.5054E-38  4.5054E-38  4.5054E-38  4.5054E-38
  4.5054E-38  4.5054E-38  4.5054E-38  4.5054E-38  4.5054E-38
  4.5054E-38  4.5054E-38  4.5054E-38  4.5054E-38  4.5054E-38
  4.5054E-38  4.5054E-38  4.5054E-38  4.5054E-38  4.5054E-38
  4.5054E-38  4.5054E-38  4.5054E-38  4.5054E-38  4.5054E-38
  4.5047E-38  4.5047E-38  4.5047E-38  4.5047E-38  4.5047E-38
  4.5047E-38  4.5047E-38  4.5047E-38  4.5047E-38  4.5047E-38
  4.5047E-38  4.5047E-38  4.5047E-38  4.5047E-38  4.5047E-38
  4.5048E-38  4.5048E-38  4.5048E-38  4.5048E-38  4.5048E-38
  4.5048E-38  4.5048E-38  4.5048E-38  4.5048E-38  4.5048E-38
  4.5048E-38  4.5048E-38  4.5048E-38  4.5048E-38  4.5048E-38
  4.5048E-38  4.5048E-38  4.5048E-38  4.5048E-38  4.5048E-38
  4.5048E-38  4.5048E-38  4.5048E-38  4.5048E-38  4.5048E-38
  4.5048E-38  4.5048E-38  4.5048E-38  4.5048E-38  4.5048E-38
  4.5048E-38  4.5048E-38  4.5048E-38  4.5048E-38  4.5048E-38
  4.5048E-38  4.5048E-38  4.5048E-38  4.5048E-38  4.5048E-38
  4.5049E-38  4.5049E-38  4.5049E-38  4.5049E-38  4.5049E-38
  4.5053E-38  4.5053E-38  4.5053E-38  4.5053E-38  4.5053E-38
  4.5054E-38  4.5054E-38  4.5054E-38  4.5054E-38  4.5054E-38
  4.5054E-38  4.5054E-38  4.5054E-38  4.5054E-38  4.5054E-38
  4.5054E-38  4.5054E-38  4.5054E-38  4.5054E-38  4.5054E-38
  4.5054E-38  4.5054E-38  4.5054E-38  4.5054E-38  4.5054E-38
  4.5045E-38  4.5045E-38  4.5045E-38  4.5045E-38  4.5045E-38
  4.5046E-38  4.5046E-38  4.5046E-38  4.5046E-38  4.5046E-38
  4.5047E-38  4.5047E-38  4.5047E-38  4.5047E-38  4.5047E-38
  4.5047E-38  4.5047E-38  4.5047E-38  4.5047E-38  4.5047E-38
  4.5047E-38  4.5047E-38  4.5047E-38  4.5047E-38  4.5047E-38
  4.5048E-38  4.5048E-38  4.5048E-38  4.5048E-38  4.5048E-38
  4.5048E-38  4.5048E-38  4.5048E-38  4.5048E-38  4.5048E-38
  4.5048E-38  4.5048E-38  4.5048E-38  4.5048E-38  4.5048E-38
  4.5048E-38  4.5048E-38  4.5048E-38  4.5048E-38  4.5048E-38
  4.5048E-38  4.5048E-38  4.5048E-38  4.5048E-38  4.5048E-38
  4.5048E-38  4.5048E-38  4.5048E-38  4.5048E-38  4.5048E-38
  4.5048E-38  4.5048E-38  4.5048E-38  4.5048E-38  4.5048E-38
  4.5048E-38  4.5048E-38  4.5048E-38  4.5048E-38  4.5048E-38
  4.5051E-38  4.5051E-38  4.5051E-38  4.5051E-38  4.5051E-38
  4.5054E-38  4.5054E-38  4.5054E-38  4.5054E-38  4.5054E-38
  4.5054E-38  4.5054E-38  4.5054E-38  4.5054E-38  4.5054E-38
  4.5054E-38  4.5054E-38  4.5054E-38  4.5054E-38  4.5054E-38
  4.5014E-38  4.5014E-38  4.5014E-38  4.5014E-38  4.5014E-38
  4.5036E-38  4.5036E-38  4.5036E-38  4.5036E-38  4.5036E-38
  4.5043E-38  4.5043E-38  4.5043E-38  4.5043E-38  4.5043E-38
  4.5046E-38  4.5046E-38  4.5046E-38  4.5046E-38  4.5046E-38
  4.5047E-38  4.5047E-38  4.5047E-38  4.5047E-38  4.5047E-38
  4.5047E-38  4.5047E-38  4.5047E-38  4.5047E-38  4.5047E-38
  4.5047E-38  4.5047E-38  4.5047E-38  4.5047E-38  4.5047E-38
  4.5048E-38  4.5048E-38  4.5048E-38  4.5048E-38  4.5048E-38
  4.5048E-38  4.5048E-38  4.5048E-38  4.5048E-38  4.5048E-38
  4.5048E-38  4.5048E-38  4.5048E-38  4.5048E-38  4.5048E-38
  4.5048E-38  4.5048E-38  4.5048E-38  4.5048E-38  4.5048E-38
  4.5048E-38  4.5048E-38  4.5048E-38  4.5048E-38  4.5048E-38
  4.5048E-38  4.5048E-38  4.5048E-38  4.5048E-38  4.5048E-38
  4.5048E-38  4.5048E-38  4.5048E-38  4.5048E-38  4.5048E-38
  4.5050E-38  4.5050E-38  4.5050E-38  4.5050E-38  4.5050E-38
  4.5053E-38  4.5053E-38  4.5053E-38  4.5053E-38  4.5053E-38
  4.5054E-38  4.5054E-38  4.5054E-38  4.5054E-38  4.5054E-38
  4.5009E-38  4.5009E-38  4.5009E-38  4.5009E-38  4.5009E-38
  4.5009E-38  4.5009E-38  4.5009E-38  4.5009E-38  4.5009E-38
  4.5015E-38  4.5015E-38  4.5015E-38  4.5015E-38  4.5015E-38
  4.5036E-38  4.5036E-38  4.5036E-38  4.5036E-38  4.5036E-38
  4.5043E-38  4.5043E-38  4.5043E-38  4.5043E-38  4.5043E-38
  4.5046E-38  4.5046E-38  4.5046E-38  4.5046E-38  4.5046E-38
  4.5046E-38  4.5046E-38  4.5046E-38  4.5046E-38  4.5046E-38
  4.5047E-38  4.5047E-38  4.5047E-38  4.5047E-38  4.5047E-38
  4.5047E-38  4.5047E-38  4.5047E-38  4.5047E-38  4.5047E-38
  4.5048E-38  4.5048E-38  4.5048E-38  4.5048E-38  4.5048E-38
  4.5048E-38  4.5048E-38  4.5048E-38  4.5048E-38  4.5048E-38
  4.5049E-38  4.5049E-38  4.5049E-38  4.5049E-38  4.5049E-38
  4.5049E-38  4.5049E-38  4.5049E-38  4.5049E-38  4.5049E-38
  4.5049E-38  4.5049E-38  4.5049E-38  4.5049E-38  4.5049E-38
  4.5049E-38  4.5049E-38  4.5049E-38  4.5049E-38  4.5049E-38
  4.5050E-38  4.5050E-38  4.5050E-38  4.5050E-38  4.5050E-38
  4.5053E-38  4.5053E-38  4.5053E-38  4.5053E-38  4.5053E-38
  4.5010E-38  4.5010E-38  4.5010E-38  4.5010E-38  4.5010E-38
  4.5010E-38  4.5010E-38  4.5010E-38  4.5010E-38  4.5010E-38
  4.5010E-38  4.5010E-38  4.5010E-38  4.5010E-38  4.5010E-38
  4.5010E-38  4.5010E-38  4.5010E-38  4.5010E-38  4.5010E-38
  4.5024E-38  4.5024E-38  4.5024E-38  4.5024E-38  4.5024E-38
  4.5039E-38  4.5039E-38  4.5039E-38  4.5039E-38  4.5039E-38
  4.5045E-38  4.5045E-38  4.5045E-38  4.5045E-38  4.5045E-38
  4.5046E-38  4.5046E-38  4.5046E-38  4.5046E-38  4.5046E-38
  4.5047E-38  4.5047E-38  4.5047E-38  4.5047E-38  4.5047E-38
  4.5048E-38  4.5048E-38  4.5048E-38  4.5048E-38  4.5048E-38
  4.5048E-38  4.5048E-38  4.5048E-38  4.5048E-38  4.5048E-38
  4.5049E-38  4.5049E-38  4.5049E-38  4.5049E-38  4.5049E-38
  4.5049E-38  4.5049E-38  4.5049E-38  4.5049E-38  4.5049E-38
  4.5049E-38  4.5049E-38  4.5049E-38  4.5049E-38  4.5049E-38
  4.5049E-38  4.5049E-38  4.5049E-38  4.5049E-38  4.5049E-38
  4.5049E-38  4.5049E-38  4.5049E-38  4.5049E-38  4.5049E-38
  4.5050E-38  4.5050E-38  4.5050E-38  4.5050E-38  4.5050E-38
  4.5011E-38  4.5011E-38  4.5011E-38  4.5011E-38  4.5011E-38
  4.5011E-38  4.5011E-38  4.5011E-38  4.5011E-38  4.5011E-38
  4.5011E-38  4.5011E-38  4.5011E-38  4.5011E-38  4.5011E-38
  4.5011E-38  4.5011E-38  4.5011E-38  4.5011E-38  4.5011E-38
  4.5011E-38  4.5011E-38  4.5011E-38  4.5011E-38  4.5011E-38
  4.5011E-38  4.5011E-38  4.5011E-38  4.5011E-38  4.5011E-38
  4.5033E-38  4.5033E-38  4.5033E-38  4.5033E-38  4.5033E-38
  4.5043E-38  4.5043E-38  4.5043E-38  4.5043E-38  4.5043E-38
  4.5047E-38  4.5047E-38  4.5047E-38  4.5047E-38  4.5047E-38
  4.5048E-38  4.5048E-38  4.5048E-38  4.5048E-38  4.5048E-38
  4.5049E-38  4.5049E-38  4.5049E-38  4.5049E-38  4.5049E-38
  4.5049E-38  4.5049E-38  4.5049E-38  4.5049E-38  4.5049E-38
  4.5050E-38  4.5050E-38  4.5050E-38  4.5050E-38  4.5050E-38
  4.5050E-38  4.5050E-38  4.5050E-38  4.5050E-38  4.5050E-38
  4.5050E-38  4.5050E-38  4.5050E-38  4.5050E-38  4.5050E-38
  4.5050E-38  4.5050E-38  4.5050E-38  4.5050E-38  4.5050E-38
  4.5050E-38  4.5050E-38  4.5050E-38  4.5050E-38  4.5050E-38
  4.5011E-38  4.5011E-38  4.5011E-38  4.5011E-38  4.5011E-38
  4.5011E-38  4.5011E-38  4.5011E-38  4.5011E-38  4.5011E-38
  4.5011E-38  4.5011E-38  4.5011E-38  4.5011E-38  4.5011E-38
  4.5011E-38  4.5011E-38  4.5011E-38  4.5011E-38  4.5011E-38
  4.5011E-38  4.5011E-38  4.5011E-38  4.5011E-38  4.5011E-38
  4.5011E-38  4.5011E-38  4.5011E-38  4.5011E-38  4.5011E-38
  4.5011E-38  4.5011E-38  4.5011E-38  4.5011E-38  4.5011E-38
  4.5024E-38  4.5024E-38  4.5024E-38  4.5024E-38  4.5024E-38
  4.5041E-38  4.5041E-38  4.5041E-38  4.5041E-38  4.5041E-38
  4.5046E-38  4.5046E-38  4.5046E-38  4.5046E-38  4.5046E-38
  4.5048E-38  4.5048E-38  4.5048E-38  4.5048E-38  4.5048E-38
  4.5049E-38  4.5049E-38  4.5049E-38  4.5049E-38  4.5049E-38
  4.5049E-38  4.5049E-38  4.5049E-38  4.5049E-38  4.5049E-38
  4.5050E-38  4.5050E-38  4.5050E-38  4.5050E-38  4.5050E-38
  4.5050E-38  4.5050E-38  4.5050E-38  4.5050E-38  4.5050E-38
  4.5050E-38  4.5050E-38  4.5050E-38  4.5050E-38  4.5050E-38
  4.5050E-38  4.5050E-38  4.5050E-38  4.5050E-38  4.5050E-38
  4.5011E-38  4.5011E-38  4.5011E-38  4.5011E-38  4.5011E-38
  4.5011E-38  4.5011E-38  4.5011E-38  4.5011E-38  4.5011E-38
  4.5011E-38  4.5011E-38  4.5011E-38  4.5011E-38  4.5011E-38
  4.5011E-38  4.5011E-38  4.5011E-38  4.5011E-38  4.5011E-38
  4.5011E-38  4.5011E-38  4.5011E-38  4.5011E-38  4.5011E-38
  4.5011E-38  4.5011E-38  4.5011E-38  4.5011E-38  4.5011E-38
  4.5011E-38  4.5011E-38  4.5011E-38  4.5011E-38  4.5011E-38
  4.5011E-38  4.5011E-38  4.5011E-38  4.5011E-38  4.5011E-38
  4.5017E-38  4.5017E-38  4.5017E-38  4.5017E-38  4.5017E-38
  4.5038E-38  4.5038E-38  4.5038E-38  4.5038E-38  4.5038E-38
  4.5045E-38  4.5045E-38  4.5045E-38  4.5045E-38  4.5045E-38
  4.5048E-38  4.5048E-38  4.5048E-38  4.5048E-38  4.5048E-38
  4.5049E-38  4.5049E-38  4.5049E-38  4.5049E-38  4.5049E-38
  4.5049E-38  4.5049E-38  4.5049E-38  4.5049E-38  4.5049E-38
  4.5049E-38  4.5049E-38  4.5049E-38  4.5049E-38  4.5049E-38
  4.5050E-38  4.5050E-38  4.5050E-38  4.5050E-38  4.5050E-38
  4.5050E-38  4.5050E-38  4.5050E-38  4.5050E-38  4.5050E-38
  4.5011E-38  4.5011E-38  4.5011E-38  4.5011E-38  4.5011E-38
  4.5011E-38  4.5011E-38  4.5011E-38  4.5011E-38  4.5011E-38
  4.5011E-38  4.5011E-38  4.5011E-38  4.5011E-38  4.5011E-38
  4.5011E-38  4.5011E-38  4.5011E-38  4.5011E-38  4.5011E-38
  4.5011E-38  4.5011E-38  4.5011E-38  4.5011E-38  4.5011E-38
  4.5011E-38  4.5011E-38  4.5011E-38  4.5011E-38  4.5011E-38
  4.5011E-38  4.5011E-38  4.5011E-38  4.5011E-38  4.5011E-38
  4.5011E-38  4.5011E-38  4.5011E-38  4.5011E-38  4.5011E-38
  4.5011E-38  4.5011E-38  4.5011E-38  4.5011E-38  4.5011E-38
  4.5011E-38  4.5011E-38  4.5011E-38  4.5011E-38  4.5011E-38
  4.5037E-38  4.5037E-38  4.5037E-38  4.5037E-38  4.5037E-38
  4.5045E-38  4.5045E-38  4.5045E-38  4.5045E-38  4.5045E-38
  4.5048E-38  4.5048E-38  4.5048E-38  4.5048E-38  4.5048E-38
  4.5049E-38  4.5049E-38  4.5049E-38  4.5049E-38  4.5049E-38
  4.5049E-38  4.5049E-38  4.5049E-38  4.5049E-38  4.5049E-38
  4.5049E-38  4.5049E-38  4.5049E-38  4.5049E-38  4.5049E-38
  4.5050E-38  4.5050E-38  4.5050E-38  4.5050E-38  4.5050E-38
  4.5011E-38  4.5011E-38  4.5011E-38  4.5011E-38  4.5011E-38
  4.5011E-38  4.5011E-38  4.5011E-38  4.5011E-38  4.5011E-38
  4.5011E-38  4.5011E-38  4.5011E-38  4.5011E-38  4.5011E-38
  4.5011E-38  4.5011E-38  4.5011E-38  4.5011E-38  4.5011E-38
  4.5011E-38  4.5011E-38  4.5011E-38  4.5011E-38  4.5011E-38
  4.5011E-38  4.5011E-38  4.5011E-38  4.5011E-38  4.5011E-38
  4.5011E-38  4.5011E-38  4.5011E-38  4.5011E-38  4.5011E-38
  4.5011E-38  4.5011E-38  4.5011E-38  4.5011E-38  4.5011E-38
  4.5011E-38  4.5011E-38  4.5011E-38  4.5011E-38  4.5011E-38
  4.5011E-38  4.5011E-38  4.5011E-38  4.5011E-38  4.5011E-38
  4.5011E-38  4.5011E-38  4.5011E-38  4.5011E-38  4.5011E-38
  4.5035E-38  4.5035E-38  4.5035E-38  4.5035E-38  4.5035E-38
  4.5045E-38  4.5045E-38  4.5045E-38  4.5045E-38  4.5045E-38
  4.5048E-38  4.5048E-38  4.5048E-38  4.5048E-38  4.5048E-38
  4.5049E-38  4.5049E-38  4.5049E-38  4.5049E-38  4.5049E-38
  4.5049E-38  4.5049E-38  4.5049E-38  4.5049E-38  4.5049E-38
  4.5049E-38  4.5049E-38  4.5049E-38  4.5049E-38  4.5049E-38
  4.5012E-38  4.5012E-38  4.5012E-38  4.5012E-38  4.5012E-38
  4.5012E-38  4.5012E-38  4.5012E-38  4.5012E-38  4.5012E-38
  4.5011E-38  4.5011E-38  4.5011E-38  4.5011E-38  4.5011E-38
  4.5011E-38  4.5011E-38  4.5011E-38  4.5011E-38  4.5011E-38
  4.5011E-38  4.5011E-38  4.5011E-38  4.5011E-38  4.5011E-38
  4.5011E-38  4.5011E-38  4.5011E-38  4.5011E-38  4.5011E-38
  4.5011E-38  4.5011E-38  4.5011E-38  4.5011E-38  4.5011E-38
  4.5011E-38  4.5011E-38  4.5011E-38  4.5011E-38  4.5011E-38
  4.5011E-38  4.5011E-38  4.5011E-38  4.5011E-38  4.5011E-38
  4.5011E-38  4.5011E-38  4.5011E-38  4.5011E-38  4.5011E-38
  4.5012E-38  4.5012E-38  4.5012E-38  4.5012E-38  4.5012E-38
  4.5012E-38  4.5012E-38  4.5012E-38  4.5012E-38  4.5012E-38
  4.5037E-38  4.5037E-38  4.5037E-38  4.5037E-38  4.5037E-38
  4.5045E-38  4.5045E-38  4.5045E-38  4.5045E-38  4.5045E-38
  4.5048E-38  4.5048E-38  4.5048E-38  4.5048E-38  4.5048E-38
  4.5049E-38  4.5049E-38  4.5049E-38  4.5049E-38  4.5049E-38
  4.5049E-38  4.5049E-38  4.5049E-38  4.5049E-38  4.5049E-38
  4.5012E-38  4.5012E-38  4.5012E-38  4.5012E-38  4.5012E-38
  4.5012E-38  4.5012E-38  4.5012E-38  4.5012E-38  4.5012E-38
  4.5012E-38  4.5012E-38  4.5012E-38  4.5012E-38  4.5012E-38
  4.5011E-38  4.5011E-38  4.5011E-38  4.5011E-38  4.5011E-38
  4.5011E-38  4.5011E-38  4.5011E-38  4.5011E-38  4.5011E-38
  4.5011E-38  4.5011E-38  4.5011E-38  4.5011E-38  4.5011E-38
  4.5011E-38  4.5011E-38  4.5011E-38  4.5011E-38  4.5011E-38
  4.5011E-38  4.5011E-38  4.5011E-38  4.5011E-38  4.5011E-38
  4.5011E-38  4.5011E-38  4.5011E-38  4.5011E-38  4.5011E-38
  4.5011E-38  4.5011E-38  4.5011E-38  4.5011E-38  4.5011E-38
  4.5012E-38  4.5012E-38  4.5012E-38  4.5012E-38  4.5012E-38
  4.5012E-38  4.5012E-38  4.5012E-38  4.5012E-38  4.5012E-38
  4.5014E-38  4.5014E-38  4.5014E-38  4.5014E-38  4.5014E-38
  4.5037E-38  4.5037E-38  4.5037E-38  4.5037E-38  4.5037E-38
  4.5045E-38  4.5045E-38  4.5045E-38  4.5045E-38  4.5045E-38
  4.5048E-38  4.5048E-38  4.5048E-38  4.5048E-38  4.5048E-38
  4.5049E-38  4.5049E-38  4.5049E-38  4.5049E-38  4.5049E-38
  4.5013E-38  4.5013E-38  4.5013E-38  4.5013E-38  4.5013E-38
  4.5012E-38  4.5012E-38  4.5012E-38  4.5012E-38  4.5012E-38
  4.5012E-38  4.5012E-38  4.5012E-38  4.5012E-38  4.5012E-38
  4.5012E-38  4.5012E-38  4.5012E-38  4.5012E-38  4.5012E-38
  4.5011E-38  4.5011E-38  4.5011E-38  4.5011E-38  4.5011E-38
  4.5011E-38  4.5011E-38  4.5011E-38  4.5011E-38  4.5011E-38
  4.5011E-38  4.5011E-38  4.5011E-38  4.5011E-38  4.5011E-38
  4.5011E-38  4.5011E-38  4.5011E-38  4.5011E-38  4.5011E-38
  4.5011E-38  4.5011E-38  4.5011E-38  4.5011E-38  4.5011E-38
  4.5011E-38  4.5011E-38  4.5011E-38  4.5011E-38  4.5011E-38
  4.5012E-38  4.5012E-38  4.5012E-38  4.5012E-38  4.5012E-38
  4.5012E-38  4.5012E-38  4.5012E-38  4.5012E-38  4.5012E-38
  4.5012E-38  4.5012E-38  4.5012E-38  4.5012E-38  4.5012E-38
  4.5019E-38  4.5019E-38  4.5019E-38  4.5019E-38  4.5019E-38
  4.5040E-38  4.5040E-38  4.5040E-38  4.5040E-38  4.5040E-38
  4.5046E-38  4.5046E-38  4.5046E-38  4.5046E-38  4.5046E-38
  4.5048E-38  4.5048E-38  4.5048E-38  4.5048E-38  4.5048E-38
  4.5049E-38  4.5049E-38  4.5049E-38  4.5049E-38  4.5049E-38
  4.5013E-38  4.5013E-38  4.5013E-38  4.5013E-38  4.5013E-38
  4.5013E-38  4.5013E-38  4.5013E-38  4.5013E-38  4.5013E-38
  4.5012E-38  4.5012E-38  4.5012E-38  4.5012E-38  4.5012E-38
  4.5012E-38  4.5012E-38  4.5012E-38  4.5012E-38  4.5012E-38
  4.5012E-38  4.5012E-38  4.5012E-38  4.5012E-38  4.5012E-38
  4.5011E-38  4.5011E-38  4.5011E-38  4.5011E-38  4.5011E-38
  4.5011E-38  4.5011E-38  4.5011E-38  4.5011E-38  4.5011E-38
  4.5011E-38  4.5011E-38  4.5011E-38  4.5011E-38  4.5011E-38
  4.5011E-38  4.5011E-38  4.5011E-38  4.5011E-38  4.5011E-38
  4.5011E-38  4.5011E-38  4.5011E-38  4.5011E-38  4.5011E-38
  4.5012E-38  4.5012E-38  4.5012E-38  4.5012E-38  4.5012E-38
  4.5012E-38  4.5012E-38  4.5012E-38  4.5012E-38  4.5012E-38
  4.5012E-38  4.5012E-38  4.5012E-38  4.5012E-38  4.5012E-38
  4.5012E-38  4.5012E-38  4.5012E-38  4.5012E-38  4.5012E-38
  4.5027E-38  4.5027E-38  4.5027E-38  4.5027E-38  4.5027E-38
  4.5042E-38  4.5042E-38  4.5042E-38  4.5042E-38  4.5042E-38
  4.5047E-38  4.5047E-38  4.5047E-38  4.5047E-38  4.5047E-38
  4.5048E-38  4.5048E-38  4.5048E-38  4.5048E-38  4.5048E-38
  4.5013E-38  4.5013E-38  4.5013E-38  4.5013E-38  4.5013E-38
  4.5013E-38  4.5013E-38  4.5013E-38  4.5013E-38  4.5013E-38
  4.5013E-38  4.5013E-38  4.5013E-38  4.5013E-38  4.5013E-38
  4.5013E-38  4.5013E-38  4.5013E-38  4.5013E-38  4.5013E-38
  4.5012E-38  4.5012E-38  4.5012E-38  4.5012E-38  4.5012E-38
  4.5012E-38  4.5012E-38  4.5012E-38  4.5012E-38  4.5012E-38
  4.5011E-38  4.5011E-38  4.5011E-38  4.5011E-38  4.5011E-38
  4.5011E-38  4.5011E-38  4.5011E-38  4.5011E-38  4.5011E-38
  4.5011E-38  4.5011E-38  4.5011E-38  4.5011E-38  4.5011E-38
  4.5011E-38  4.5011E-38  4.5011E-38  4.5011E-38  4.5011E-38
  4.5012E-38  4.5012E-38  4.5012E-38  4.5012E-38  4.5012E-38
  4.5012E-38  4.5012E-38  4.5012E-38  4.5012E-38  4.5012E-38
  4.5012E-38  4.5012E-38  4.5012E-38  4.5012E-38  4.5012E-38
  4.5012E-38  4.5012E-38  4.5012E-38  4.5012E-38  4.5012E-38
  4.5017E-38  4.5017E-38  4.5017E-38  4.5017E-38  4.5017E-38
  4.5038E-38  4.5038E-38  4.5038E-38  4.5038E-38  4.5038E-38
  4.5046E-38  4.5046E-38  4.5046E-38  4.5046E-38  4.5046E-38
  4.5048E-38  4.5048E-38  4.5048E-38  4.5048E-38  4.5048E-38
  4.5013E-38  4.5013E-38  4.5013E-38  4.5013E-38  4.5013E-38
  4.5013E-38  4.5013E-38  4.5013E-38  4.5013E-38  4.5013E-38
  4.5013E-38  4.5013E-38  4.5013E-38  4.5013E-38  4.5013E-38
  4.5013E-38  4.5013E-38  4.5013E-38  4.5013E-38  4.5013E-38
  4.5012E-38  4.5012E-38  4.5012E-38  4.5012E-38  4.5012E-38
  4.5012E-38  4.5012E-38  4.5012E-38  4.5012E-38  4.5012E-38
  4.5011E-38  4.5011E-38  4.5011E-38  4.5011E-38  4.5011E-38
  4.5011E-38  4.5011E-38  4.5011E-38  4.5011E-38  4.5011E-38
  4.5011E-38  4.5011E-38  4.5011E-38  4.5011E-38  4.5011E-38
  4.5011E-38  4.5011E-38  4.5011E-38  4.5011E-38  4.5011E-38
  4.5012E-38  4.5012E-38  4.5012E-38  4.5012E-38  4.5012E-38
  4.5012E-38  4.5012E-38  4.5012E-38  4.5012E-38  4.5012E-38
  4.5012E-38  4.5012E-38  4.5012E-38  4.5012E-38  4.5012E-38
  4.5012E-38  4.5012E-38  4.5012E-38  4.5012E-38  4.5012E-38
  4.5012E-38  4.5012E-38  4.5012E-38  4.5012E-38  4.5012E-38
  4.5034E-38  4.5034E-38  4.5034E-38  4.5034E-38  4.5034E-38
  4.5044E-38  4.5044E-38  4.5044E-38  4.5044E-38  4.5044E-38
  4.5048E-38  4.5048E-38  4.5048E-38  4.5048E-38  4.5048E-38
  4.5013E-38  4.5013E-38  4.5013E-38  4.5013E-38  4.5013E-38
  4.5013E-38  4.5013E-38  4.5013E-38  4.5013E-38  4.5013E-38
  4.5013E-38  4.5013E-38  4.5013E-38  4.5013E-38  4.5013E-38
  4.5013E-38  4.5013E-38  4.5013E-38  4.5013E-38  4.5013E-38
  4.5013E-38  4.5013E-38  4.5013E-38  4.5013E-38  4.5013E-38
  4.5012E-38  4.5012E-38  4.5012E-38  4.5012E-38  4.5012E-38
  4.5012E-38  4.5012E-38  4.5012E-38  4.5012E-38  4.5012E-38
  4.5012E-38  4.5012E-38  4.5012E-38  4.5012E-38  4.5012E-38
  4.5011E-38  4.5011E-38  4.5011E-38  4.5011E-38  4.5011E-38
  4.5011E-38  4.5011E-38  4.5011E-38  4.5011E-38  4.5011E-38
  4.5012E-38  4.5012E-38  4.5012E-38  4.5012E-38  4.5012E-38
  4.5012E-38  4.5012E-38  4.5012E-38  4.5012E-38  4.5012E-38
  4.5012E-38  4.5012E-38  4.5012E-38  4.5012E-38  4.5012E-38
  4.5012E-38  4.5012E-38  4.5012E-38  4.5012E-38  4.5012E-38
  4.5012E-38  4.5012E-38  4.5012E-38  4.5012E-38  4.5012E-38
  4.5020E-38  4.5020E-38  4.5020E-38  4.5020E-38  4.5020E-38
  4.5040E-38  4.5040E-38  4.5040E-38  4.5040E-38  4.5040E-38
  4.5046E-38  4.5046E-38  4.5046E-38  4.5046E-38  4.5046E-38
  4.5000E-38  4.5000E-38  4.5000E-38  4.5000E-38  4.5000E-38
  4.5000E-38  4.5000E-38  4.5000E-38  4.5000E-38  4.5000E-38
  4.5000E-38  4.5000E-38  4.5000E-38  4.5000E-38  4.5000E-38
  4.5000E-38  4.5000E-38  4.5000E-38  4.5000E-38  4.5000E-38
  4.5000E-38  4.5000E-38  4.5000E-38  4.5000E-38  4.5000E-38
  4.5000E-38  4.5000E-38  4.5000E-38  4.5000E-38  4.5000E-38
  4.5000E-38  4.5000E-38  4.5000E-38  4.5000E-38  4.5000E-38
  4.5000E-38  4.5000E-38  4.5000E-38  4.5000E-38  4.5000E-38
  4.5000E-38  4.5000E-38  4.5000E-38  4.5000E-38  4.5000E-38
  4.5000E-38  4.5000E-38  4.5000E-38  4.5000E-38  4.5000E-38
  4.5000E-38  4.5000E-38  4.5000E-38  4.5000E-38  4.5000E-38
  4.5000E-38  4.5000E-38  4.5000E-38  4.5000E-38  4.5000E-38
  4.5000E-38  4.5000E-38  4.5000E-38  4.5000E-38  4.5000E-38
  4.5000E-38  4.5000E-38  4.5000E-38  4.5000E-38  4.5000E-38
  4.5000E-38  4.5000E-38  4.5000E-38  4.5000E-38  4.5000E-38
  4.5000E-38  4.5000E-38  4.5000E-38  4.5000E-38  4.5000E-38
  4.5021E-38  4.5021E-38  4.5021E-38  4.5021E-38  4.5021E-38
  4.5031E-38  4.5031E-38  4.5031E-38  4.5031E-38  4.5031E-38
  4.5000E-38  4.5000E-38  4.5000E-38  4.5000E-38  4.5000E-38
  4.5000E-38  4.5000E-38  4.5000E-38  4.5000E-38  4.5000E-38
  4.5000E-38  4.5000E-38  4.5000E-38  4.5000E-38  4.5000E-38
  4.5000E-38  4.5000E-38  4.5000E-38  4.5000E-38  4.5000E-38
  4.5000E-38  4.5000E-38  4.5000E-38  4.5000E-38  4.5000E-38
  4.5000E-38  4.5000E-38  4.5000E-38  4.5000E-38  4.5000E-38
  4.5000E-38  4.5000E-38  4.5000E-38  4.5000E-38  4.5000E-38
  4.5000E-38  4.5000E-38  4.5000E-38  4.5000E-38  4.5000E-38
  4.5000E-38  4.5000E-38  4.5000E-38  4.5000E-38  4.5000E-38
  4.5000E-38  4.5000E-38  4.5000E-38  4.5000E-38  4.5000E-38
  4.5000E-38  4.5000E-38  4.5000E-38  4.5000E-38  4.5000E-38
  4.5000E-38  4.5000E-38  4.5000E-38  4.5000E-38  4.5000E-38
  4.5000E-38  4.5000E-38  4.5000E-38  4.5000E-38  4.5000E-38
  4.5000E-38  4.5000E-38  4.5000E-38  4.5000E-38  4.5000E-38
  4.5000E-38  4.5000E-38  4.5000E-38  4.5000E-38  4.5000E-38
  4.5000E-38  4.5000E-38  4.5000E-38  4.5000E-38  4.5000E-38
  4.5009E-38  4.5009E-38  4.5009E-38  4.5009E-38  4.5009E-38
  4.5028E-38  4.5028E-38  4.5028E-38  4.5028E-38  4.5028E-38
  4.5000E-38  4.5000E-38  4.5000E-38  4.5000E-38  4.5000E-38
  4.5000E-38  4.5000E-38  4.5000E-38  4.5000E-38  4.5000E-38
  4.5000E-38  4.5000E-38  4.5000E-38  4.5000E-38  4.5000E-38
  4.5000E-38  4.5000E-38  4.5000E-38  4.5000E-38  4.5000E-38
  4.5000E-38  4.5000E-38  4.5000E-38  4.5000E-38  4.5000E-38
  4.5000E-38  4.5000E-38  4.5000E-38  4.5000E-38  4.5000E-38
  4.5000E-38  4.5000E-38  4.5000E-38  4.5000E-38  4.5000E-38
  4.5000E-38  4.5000E-38  4.5000E-38  4.5000E-38  4.5000E-38
  4.5000E-38  4.5000E-38  4.5000E-38  4.5000E-38  4.5000E-38
  4.5000E-38  4.5000E-38  4.5000E-38  4.5000E-38  4.5000E-38
  4.5000E-38  4.5000E-38  4.5000E-38  4.5000E-38  4.5000E-38
  4.5000E-38  4.5000E-38  4.5000E-38  4.5000E-38  4.5000E-38
  4.5000E-38  4.5000E-38  4.5000E-38  4.5000E-38  4.5000E-38
  4.5000E-38  4.5000E-38  4.5000E-38  4.5000E-38  4.5000E-38
  4.5000E-38  4.5000E-38  4.5000E-38  4.5000E-38  4.5000E-38
  4.5000E-38  4.5000E-38  4.5000E-38  4.5000E-38  4.5000E-38
  4.5000E-38  4.5000E-38  4.5000E-38  4.5000E-38  4.5000E-38
  4.5021E-38  4.5021E-38  4.5021E-38  4.5021E-38  4.5021E-38
  4.5000E-38  4.5000E-38  4.5000E-38  4.5000E-38  4.5000E-38
  4.5000E-38  4.5000E-38  4.5000E-38  4.5000E-38  4.5000E-38
  4.5000E-38  4.5000E-38  4.5000E-38  4.5000E-38  4.5000E-38
  4.5000E-38  4.5000E-38  4.5000E-38  4.5000E-38  4.5000E-38
  4.5000E-38  4.5000E-38  4.5000E-38  4.5000E-38  4.5000E-38
  4.5000E-38  4.5000E-38  4.5000E-38  4.5000E-38  4.5000E-38
  4.5000E-38  4.5000E-38  4.5000E-38  4.5000E-38  4.5000E-38
  4.5000E-38  4.5000E-38  4.5000E-38  4.5000E-38  4.5000E-38
  4.5000E-38  4.5000E-38  4.5000E-38  4.5000E-38  4.5000E-38
  4.5000E-38  4.5000E-38  4.5000E-38  4.5000E-38  4.5000E-38
  4.5000E-38  4.5000E-38  4.5000E-38  4.5000E-38  4.5000E-38
  4.5000E-38  4.5000E-38  4.5000E-38  4.5000E-38  4.5000E-38
  4.5000E-38  4.5000E-38  4.5000E-38  4.5000E-38  4.5000E-38
  4.5000E-38  4.5000E-38  4.5000E-38  4.5000E-38  4.5000E-38
  4.5000E-38  4.5000E-38  4.5000E-38  4.5000E-38  4.5000E-38
  4.5000E-38  4.5000E-38  4.5000E-38  4.5000E-38  4.5000E-38
  4.5000E-38  4.5000E-38  4.5000E-38  4.5000E-38  4.5000E-38
  4.5011E-38  4.5011E-38  4.5011E-38  4.5011E-38  4.5011E-38
  4.5000E-38  4.5000E-38  4.5000E-38  4.5000E-38  4.5000E-38
  4.5000E-38  4.5000E-38  4.5000E-38  4.5000E-38  4.5000E-38
  4.5000E-38  4.5000E-38  4.5000E-38  4.5000E-38  4.5000E-38
  4.5000E-38  4.5000E-38  4.5000E-38  4.5000E-38  4.5000E-38
  4.5000E-38  4.5000E-38  4.5000E-38  4.5000E-38  4.5000E-38
  4.5000E-38  4.5000E-38  4.5000E-38  4.5000E-38  4.5000E-38
  4.5000E-38  4.5000E-38  4.5000E-38  4.5000E-38  4.5000E-38
  4.5000E-38  4.5000E-38  4.5000E-38  4.5000E-38  4.5000E-38
  4.5000E-38  4.5000E-38  4.5000E-38  4.5000E-38  4.5000E-38
  4.5000E-38  4.5000E-38  4.5000E-38  4.5000E-38  4.5000E-38
  4.5000E-38  4.5000E-38  4.5000E-38  4.5000E-38  4.5000E-38
  4.5000E-38  4.5000E-38  4.5000E-38  4.5000E-38  4.5000E-38
  4.5000E-38  4.5000E-38  4.5000E-38  4.5000E-38  4.5000E-38
  4.5000E-38  4.5000E-38  4.5000E-38  4.5000E-38  4.5000E-38
  4.5000E-38  4.5000E-38  4.5000E-38  4.5000E-38  4.5000E-38
  4.5000E-38  4.5000E-38  4.5000E-38  4.5000E-38  4.5000E-38
  4.5000E-38  4.5000E-38  4.5000E-38  4.5000E-38  4.5000E-38
  4.5000E-38  4.5000E-38  4.5000E-38  4.5000E-38  4.5000E-38
  4.5000E-38  4.5000E-38  4.5000E-38  4.5000E-38  4.5000E-38
  4.5000E-38  4.5000E-38  4.5000E-38  4.5000E-38  4.5000E-38
  4.5000E-38  4.5000E-38  4.5000E-38  4.5000E-38  4.5000E-38
  4.5000E-38  4.5000E-38  4.5000E-38  4.5000E-38  4.5000E-38
  4.5000E-38  4.5000E-38  4.5000E-38  4.5000E-38  4.5000E-38
  4.5000E-38  4.5000E-38  4.5000E-38  4.5000E-38  4.5000E-38
  4.5000E-38  4.5000E-38  4.5000E-38  4.5000E-38  4.5000E-38
  4.5000E-38  4.5000E-38  4.5000E-38  4.5000E-38  4.5000E-38
  4.5000E-38  4.5000E-38  4.5000E-38  4.5000E-38  4.5000E-38
  4.5000E-38  4.5000E-38  4.5000E-38  4.5000E-38  4.5000E-38
  4.5000E-38  4.5000E-38  4.5000E-38  4.5000E-38  4.5000E-38
  4.5000E-38  4.5000E-38  4.5000E-38  4.5000E-38  4.5000E-38
  4.5000E-38  4.5000E-38  4.5000E-38  4.5000E-38  4.5000E-38
  4.5000E-38  4.5000E-38  4.5000E-38  4.5000E-38  4.5000E-38
  4.5000E-38  4.5000E-38  4.5000E-38  4.5000E-38  4.5000E-38
  4.5000E-38  4.5000E-38  4.5000E-38  4.5000E-38  4.5000E-38
  4.5000E-38  4.5000E-38  4.5000E-38  4.5000E-38  4.5000E-38
  4.5000E-38  4.5000E-38  4.5000E-38  4.5000E-38  4.5000E-38
  4.5000E-38  4.5000E-38  4.5000E-38  4.5000E-38  4.5000E-38
  4.5000E-38  4.5000E-38  4.5000E-38  4.5000E-38  4.5000E-38
  4.5000E-38  4.5000E-38  4.5000E-38  4.5000E-38  4.5000E-38
  4.5000E-38  4.5000E-38  4.5000E-38  4.5000E-38  4.5000E-38
  4.5000E-38  4.5000E-38  4.5000E-38  4.5000E-38  4.5000E-38
  4.5000E-38  4.5000E-38  4.5000E-38  4.5000E-38  4.5000E-38
  4.5000E-38  4.5000E-38  4.5000E-38  4.5000E-38  4.5000E-38
  4.5000E-38  4.5000E-38  4.5000E-38  4.5000E-38  4.5000E-38
  4.5000E-38  4.5000E-38  4.5000E-38  4.5000E-38  4.5000E-38
  4.5000E-38  4.5000E-38  4.5000E-38  4.5000E-38  4.5000E-38
  4.5000E-38  4.5000E-38  4.5000E-38  4.5000E-38  4.5000E-38
  4.5000E-38  4.5000E-38  4.5000E-38  4.5000E-38  4.5000E-38
  4.5000E-38  4.5000E-38  4.5000E-38  4.5000E-38  4.5000E-38
  4.5000E-38  4.5000E-38  4.5000E-38  4.5000E-38  4.5000E-38
  4.5000E-38  4.5000E-38  4.5000E-38  4.5000E-38  4.5000E-38
  4.5000E-38  4.5000E-38  4.5000E-38  4.5000E-38  4.5000E-38
  4.5000E-38  4.5000E-38  4.5000E-38  4.5000E-38  4.5000E-38
  4.5000E-38  4.5000E-38  4.5000E-38  4.5000E-38  4.5000E-38
  4.5006E-38  1.2701E-21  8.4122E-31  9.8845E-30  4.1682E-30
  4.5006E-38  4.2337E-22  1.4661E-31  1.7227E-30  7.2647E-31
  4.5006E-38  1.2702E-22  2.2540E-32  2.6484E-31  1.1168E-31
  4.5006E-38  4.2341E-23  4.1849E-33  4.9174E-32  2.0737E-32
  4.5005E-38  1.2702E-23  6.7213E-34  7.8977E-33  3.3304E-33
  4.5005E-38  4.2342E-24  1.2783E-34  1.5020E-33  6.3337E-34
  4.5005E-38  1.2703E-24  2.0847E-35  2.4496E-34  1.0330E-34
  4.5005E-38  4.2340E-25  3.9966E-36  4.6961E-35  1.9803E-35
  4.5006E-38  1.2702E-25  6.5511E-37  7.6978E-36  3.2461E-36
  4.5005E-38  4.2338E-26  1.2592E-37  1.4796E-36  6.2394E-37
  4.5005E-38  1.2701E-26  4.5005E-38  2.4294E-37  1.0245E-37
  4.5005E-38  4.2338E-27  4.5005E-38  4.6736E-38  4.5005E-38
  4.5005E-38  1.2701E-27  4.5005E-38  4.5005E-38  4.5005E-38
  4.5005E-38  4.2338E-28  4.5005E-38  4.5005E-38  4.5005E-38
  4.5005E-38  1.2701E-28  4.5005E-38  4.5005E-38  4.5005E-38
  4.5005E-38  4.2338E-29  4.5005E-38  4.5005E-38  4.5005E-38
  4.5005E-38  1.2701E-29  4.5005E-38  4.5005E-38  4.5005E-38
  4.5005E-38  4.2338E-30  4.5005E-38  4.5005E-38  4.5005E-38
  2.0998E-35  1.7400E-19  2.9745E-27  2.9569E-26  1.1034E-26
  4.0409E-36  5.8007E-20  4.3968E-28  4.3708E-27  1.9302E-27
  6.6399E-37  1.7404E-20  5.8768E-29  5.8421E-28  2.5800E-28
  1.2779E-37  5.8019E-21  9.9821E-30  9.9230E-29  4.3824E-29
  4.5006E-38  1.7407E-21  1.5054E-30  1.4965E-29  6.6090E-30
  4.5005E-38  5.8025E-22  2.7643E-31  2.7479E-30  1.2135E-30
  4.5005E-38  1.7408E-22  4.4072E-32  4.3812E-31  1.9349E-31
  4.5006E-38  5.8025E-23  8.3487E-33  8.2994E-32  3.6653E-32
  4.5005E-38  1.7407E-23  1.3583E-33  1.3503E-32  5.9630E-33
  4.5005E-38  5.8022E-24  2.6005E-34  2.5852E-33  1.1417E-33
  4.5005E-38  1.7406E-24  4.2596E-35  4.2344E-34  1.8700E-34
  4.5005E-38  5.8021E-25  8.1843E-36  8.1359E-35  3.5930E-35
  4.5005E-38  1.7406E-25  1.3435E-36  1.3356E-35  5.8981E-36
  4.5005E-38  5.8021E-26  2.5842E-37  2.5689E-36  1.1345E-36
  4.5005E-38  1.7406E-26  4.5005E-38  4.2198E-37  1.8636E-37
  4.5005E-38  5.8021E-27  4.5005E-38  8.1197E-38  4.5005E-38
  4.5005E-38  1.7406E-27  4.5005E-38  4.5005E-38  4.5005E-38
  4.5005E-38  5.8021E-28  4.5005E-38  4.5005E-38  4.5005E-38
  5.7055E-32  1.3702E-17  6.2804E-24  5.3799E-23  9.3332E-25
  1.0980E-32  4.5678E-18  7.9328E-25  6.7954E-24  3.5366E-25
  1.8042E-33  1.3705E-18  8.8178E-26  7.5534E-25  1.3104E-25
  3.4722E-34  4.5689E-19  1.2816E-26  1.0977E-25  5.0494E-26
  5.7055E-35  1.3709E-19  1.6839E-27  1.4425E-26  6.6350E-27
  1.0980E-35  4.5699E-20  2.8252E-28  2.4201E-27  1.1131E-27
  1.8042E-36  1.3711E-20  4.2202E-29  3.6151E-28  1.6629E-28
  3.4721E-37  4.5703E-21  7.7061E-30  6.6011E-29  3.0364E-29
  5.7051E-38  1.3711E-21  1.2240E-30  1.0484E-29  4.8227E-30
  4.5005E-38  4.5702E-22  2.3138E-31  1.9820E-30  9.1169E-31
  4.5005E-38  1.3710E-22  3.7596E-32  3.2206E-31  1.4814E-31
  4.5005E-38  4.5700E-23  7.1937E-33  6.1623E-32  2.8345E-32
  4.5005E-38  1.3711E-23  1.1778E-33  1.0089E-32  4.6409E-33
  4.5005E-38  4.5700E-24  2.2626E-34  1.9381E-33  8.9151E-34
  4.5005E-38  1.3711E-24  3.7136E-35  3.1812E-34  1.4633E-34
  4.5005E-38  4.5700E-25  7.1426E-36  6.1185E-35  2.8143E-35
  4.5005E-38  1.3711E-25  1.1732E-36  1.0050E-35  4.6228E-36
  4.5005E-38  4.5700E-26  2.2575E-37  1.9338E-36  8.8950E-37
  6.7148E-29  6.7718E-16  7.2659E-21  5.2134E-20  6.1040E-23
  1.2923E-29  2.2573E-16  8.4795E-22  6.3570E-21  2.1371E-23
  2.1234E-30  6.7724E-17  8.3462E-23  6.2570E-22  7.0115E-24
  4.0863E-31  2.2577E-17  1.0558E-23  7.9156E-23  2.6610E-24
  6.7145E-32  6.7738E-18  1.1761E-24  8.8176E-24  9.8808E-25
  1.2922E-32  2.2582E-18  1.7130E-25  1.2843E-24  4.3173E-25
  2.1232E-33  6.7754E-19  2.2559E-26  1.6912E-25  8.0651E-26
  4.0863E-34  2.2587E-19  3.7908E-27  2.8419E-26  1.3553E-26
  6.7142E-35  6.7763E-20  5.6697E-28  4.2505E-27  2.0270E-27
  1.2921E-35  2.2588E-20  1.0360E-28  7.7668E-28  3.7038E-28
  2.1230E-36  6.7762E-21  1.6463E-29  1.2343E-28  5.8858E-29
  4.0856E-37  2.2588E-21  3.1132E-30  2.3340E-29  1.1130E-29
  6.7132E-38  6.7763E-22  5.0596E-31  3.7931E-30  1.8089E-30
  4.5005E-38  2.2588E-22  9.6820E-32  7.2586E-31  3.4615E-31
  4.5005E-38  6.7764E-23  1.5854E-32  1.1885E-31  5.6679E-32
  4.5005E-38  2.2588E-23  3.0455E-33  2.2832E-32  1.0888E-32
  4.5005E-38  6.7764E-24  4.9986E-34  3.7474E-33  1.7871E-33
  4.5005E-38  2.2588E-24  9.6143E-35  7.2078E-34  3.4373E-34
  3.8811E-26  2.2534E-14  4.4371E-18  2.0068E-18  2.8228E-21
  7.4674E-27  7.5100E-15  5.0223E-19  6.8155E-19  9.5867E-22
  1.2270E-27  2.2531E-15  4.6849E-20  2.1193E-19  2.9810E-22
  2.3613E-28  7.5104E-16  5.5023E-21  3.6582E-20  1.0503E-22
  3.8800E-29  2.2533E-16  5.4740E-22  3.6394E-21  3.4831E-23
  7.4671E-30  7.5117E-17  7.0208E-23  4.6677E-22  1.3402E-23
  1.2270E-30  2.2538E-17  7.9687E-24  5.2980E-23  5.0704E-24
  2.3613E-31  7.5135E-18  1.1821E-24  7.8592E-24  2.2566E-24
  3.8799E-32  2.2543E-18  1.5855E-25  1.0541E-24  5.1915E-25
  7.4666E-33  7.5147E-19  2.6996E-26  1.7949E-25  8.8396E-26
  1.2268E-33  2.2545E-19  4.0788E-27  2.7117E-26  1.3356E-26
  2.3609E-34  7.5149E-20  7.4977E-28  4.9849E-27  2.4550E-27
  3.8793E-35  2.2546E-20  1.1963E-28  7.9535E-28  3.9171E-28
  7.4657E-36  7.5152E-21  2.2672E-29  1.5073E-28  7.4233E-29
  1.2267E-36  2.2546E-21  3.6895E-30  2.4530E-29  1.2080E-29
  2.3609E-37  7.5153E-22  7.0654E-31  4.6974E-30  2.3135E-30
  4.5005E-38  2.2546E-22  1.1574E-31  7.6949E-31  3.7896E-31
  4.5005E-38  7.5153E-23  2.2239E-32  1.4786E-31  7.2818E-32
  1.3279E-19  6.4940E-11  5.9905E-12  9.0440E-15  2.0042E-17
  5.1123E-20  4.3281E-11  3.9994E-12  6.0381E-15  1.3381E-17
  8.3967E-21  1.2978E-11  3.6934E-13  1.8162E-15  4.0247E-18
  1.6151E-21  4.3236E-12  4.1204E-14  6.0817E-16  1.3478E-18
  2.6535E-22  1.2970E-12  3.7438E-15  1.8422E-16  4.0824E-19
  5.1070E-23  4.3230E-13  4.2253E-16  6.2377E-17  1.3823E-19
  8.3920E-24  1.2970E-13  3.9183E-17  1.9281E-17  4.2727E-20
  1.6151E-24  4.3233E-14  4.5614E-18  6.7338E-18  1.4922E-20
  2.6538E-25  1.2970E-14  4.4704E-19  2.1999E-18  4.8749E-21
  5.1073E-26  4.3239E-15  5.6238E-20  2.7750E-19  1.8398E-21
  8.3920E-27  1.2973E-15  6.2158E-21  3.0672E-20  6.7784E-22
  1.6149E-27  4.3247E-16  8.9819E-22  4.4322E-21  2.9386E-22
  2.6534E-28  1.2976E-16  1.1733E-22  5.7897E-22  1.2797E-22
  5.1064E-29  4.3254E-17  1.9599E-23  9.6715E-23  5.1534E-23
  8.3907E-30  1.2978E-17  2.9179E-24  1.4399E-23  7.6723E-24
  1.6148E-30  4.3259E-18  5.3176E-25  2.6240E-24  1.3982E-24
  2.6534E-31  1.2979E-18  8.4351E-26  4.1623E-25  2.2179E-25
  5.1064E-32  4.3261E-19  1.5935E-26  7.8633E-26  4.1899E-26
  2.6436E-15  4.9018E-08  5.4480E-09  8.4205E-12  2.7395E-14
  8.8180E-16  1.6350E-08  2.0078E-09  3.0853E-12  9.8195E-15
  5.2916E-16  9.8113E-09  1.2560E-09  1.9255E-12  6.0760E-15
  1.7637E-16  3.2702E-09  4.2422E-10  6.4993E-13  2.0455E-15
  4.6388E-17  9.8061E-10  1.2797E-10  1.9600E-13  6.1634E-16
  8.9495E-18  3.2669E-10  4.2792E-11  6.5538E-14  2.0603E-16
  1.4731E-18  9.7986E-11  7.4012E-12  1.9760E-14  6.2116E-17
  2.8379E-19  3.2661E-11  8.2866E-13  6.6378E-15  2.0865E-17
  4.6661E-20  9.7985E-12  7.5683E-14  2.0209E-15  6.3522E-18
  8.9828E-21  3.2662E-12  8.6078E-15  6.8953E-16  2.1673E-18
  1.4763E-21  9.7988E-13  8.0961E-16  2.1619E-16  6.7952E-19
  2.8414E-22  3.2664E-13  9.6233E-17  7.7090E-17  2.4232E-19
  4.6688E-23  9.7995E-14  9.7640E-18  2.6074E-17  8.1958E-20
  8.9851E-24  3.2667E-14  1.2834E-18  5.0329E-18  3.2317E-20
  1.4764E-24  9.8014E-15  1.5039E-19  5.8981E-19  1.2624E-20
  2.8413E-25  3.2675E-15  2.2985E-20  9.0144E-20  5.7883E-21
  4.6687E-26  9.8035E-16  3.1719E-21  1.2439E-20  2.6626E-21
  8.9850E-27  3.2681E-16  5.5084E-22  2.1604E-21  1.2220E-21
  3.1768E-13  1.7569E-06  6.2125E-08  1.0684E-10  7.6445E-13
  2.1832E-13  1.7569E-06  6.2120E-08  1.0684E-10  7.6435E-13
  1.2163E-13  9.0045E-07  4.6761E-08  7.8285E-11  4.6918E-13
  6.4425E-14  3.0370E-07  2.6019E-08  4.2049E-11  2.0896E-13
  5.9907E-14  1.8301E-07  2.2761E-08  3.5906E-11  1.6023E-13
  1.9993E-14  6.1075E-08  9.1633E-09  1.4298E-11  6.1017E-14
  5.9974E-15  1.8321E-08  3.0074E-09  4.6700E-12  1.9548E-14
  1.9984E-15  6.1049E-09  1.0339E-09  1.6029E-12  6.6692E-15
  5.9944E-16  1.8312E-09  3.1482E-10  4.8777E-13  2.0249E-15
  1.2546E-16  6.1042E-10  1.0591E-10  1.6406E-13  6.8063E-16
  2.0713E-17  1.8312E-10  1.1378E-11  4.9835E-14  2.0670E-16
  3.9959E-18  6.1042E-11  1.2863E-12  1.6903E-14  7.0105E-17
  6.5756E-19  1.8313E-11  1.1960E-13  5.2392E-15  2.1729E-17
  1.2664E-19  6.1043E-12  1.3977E-14  1.8369E-15  7.6184E-18
  2.0818E-20  1.8313E-12  1.3790E-15  6.0415E-16  2.5056E-18
  4.0071E-21  6.1049E-13  1.7501E-16  2.3002E-16  9.5398E-19
  6.5852E-22  1.8317E-13  1.9581E-17  6.4002E-17  3.5580E-19
  1.2673E-22  6.1064E-14  2.8645E-18  9.3629E-18  1.5615E-19
  2.1927E-12  1.7524E-06  6.7550E-08  1.1783E-10  1.1197E-12
  1.9802E-12  1.7521E-06  6.7460E-08  1.1766E-10  1.1167E-12
  1.6752E-12  1.7519E-06  6.7405E-08  1.1756E-10  1.1149E-12
  1.3509E-12  1.7519E-06  6.7380E-08  1.1751E-10  1.1140E-12
  9.9260E-13  1.7519E-06  6.7360E-08  1.1748E-10  1.1135E-12
  1.4126E-12  3.5038E-06  1.3470E-07  2.3491E-10  2.2261E-12
  7.0296E-13  1.2425E-06  8.7068E-08  1.4591E-10  1.0537E-12
  3.4802E-13  4.1753E-07  4.7153E-08  7.6551E-11  4.6644E-13
  1.5288E-13  1.2558E-07  1.9978E-08  3.1770E-11  1.7585E-13
  5.9627E-14  4.1882E-08  7.9042E-09  1.2450E-11  6.6283E-14
  1.7893E-14  1.2569E-08  2.5870E-09  4.0553E-12  2.1238E-14
  5.9649E-15  4.1898E-09  8.9297E-10  1.3974E-12  7.2798E-15
  1.4819E-15  1.2569E-09  2.6993E-10  4.2849E-13  2.2280E-15
  2.8799E-16  4.1900E-10  3.0638E-11  1.4603E-13  7.5887E-16
  4.7603E-17  1.2570E-10  2.8482E-12  4.5270E-14  2.3520E-16
  9.1889E-18  4.1899E-11  3.3246E-13  1.5856E-14  8.2375E-17
  1.5127E-18  1.2570E-11  3.2734E-14  5.2043E-15  2.7036E-17
  2.9138E-19  4.1906E-12  4.1429E-15  1.9760E-15  1.0265E-17
  8.3196E-12  1.7634E-06  7.7751E-08  1.3860E-10  1.8974E-12
  7.7221E-12  1.7568E-06  7.5856E-08  1.3478E-10  1.7926E-12
  7.2780E-12  1.7523E-06  7.4580E-08  1.3224E-10  1.7260E-12
  6.9420E-12  1.7497E-06  7.3890E-08  1.3088E-10  1.6912E-12
  6.5425E-12  1.7482E-06  7.3455E-08  1.3001E-10  1.6695E-12
  6.0715E-12  1.7474E-06  7.3225E-08  1.2956E-10  1.6583E-12
  1.0746E-11  3.4938E-06  1.4618E-07  2.5858E-10  3.3030E-12
  9.0537E-12  3.4933E-06  1.4601E-07  2.5825E-10  3.2948E-12
  6.6045E-12  3.4931E-06  1.4559E-07  2.5762E-10  3.2799E-12
  4.0728E-12  3.4920E-06  1.4402E-07  2.5542E-10  3.2302E-12
  1.6816E-12  1.1367E-06  9.0577E-08  1.5456E-10  1.4401E-12
  8.3541E-13  3.8178E-07  4.9571E-08  8.1977E-11  6.4177E-13
  3.9383E-13  1.1486E-07  2.1595E-08  3.4894E-11  2.4739E-13
  1.8758E-13  3.8322E-08  8.7987E-09  1.4049E-11  9.5576E-14
  7.6361E-14  1.1500E-08  2.9603E-09  4.6965E-12  3.1373E-14
  2.6616E-14  3.8337E-09  1.0448E-09  1.6531E-12  1.0976E-14
  5.8116E-15  1.1501E-09  1.1303E-10  5.2446E-13  3.4744E-15
  1.1356E-15  3.8339E-10  1.3191E-11  1.8389E-13  1.2173E-15
  1.0652E-10  3.6522E-06  2.0778E-07  3.8763E-10  1.0321E-11
  7.6303E-11  3.6220E-06  1.9621E-07  3.6260E-10  8.4124E-12
  2.8468E-11  1.7934E-06  9.1997E-08  1.6832E-10  3.4422E-12
  2.3320E-11  1.7785E-06  8.7311E-08  1.5854E-10  2.9755E-12
  1.9990E-11  1.7653E-06  8.3486E-08  1.5066E-10  2.6520E-12
  1.8157E-11  1.7568E-06  8.1120E-08  1.4586E-10  2.4734E-12
  1.6834E-11  1.7506E-06  7.9485E-08  1.4255E-10  2.3579E-12
  3.1771E-11  3.4942E-06  1.5717E-07  2.8147E-10  4.5940E-12
  2.9521E-11  3.4896E-06  1.5602E-07  2.7913E-10  4.5170E-12
  2.6063E-11  3.4872E-06  1.5527E-07  2.7770E-10  4.4710E-12
  1.8559E-11  3.4851E-06  1.5393E-07  2.7556E-10  4.4051E-12
  1.0729E-11  3.4805E-06  1.5082E-07  2.7094E-10  4.2700E-12
  5.9619E-12  3.4701E-06  1.4533E-07  2.6277E-10  4.0443E-12
  3.2193E-12  1.3687E-06  1.0140E-07  1.7790E-10  2.1204E-12
  1.6138E-12  4.1459E-07  5.4672E-08  9.2494E-11  8.9706E-13
  8.3973E-13  1.3861E-07  2.6684E-08  4.4055E-11  3.8611E-13
  3.8976E-13  4.1630E-08  1.0519E-08  1.7073E-11  1.4190E-13
  1.8140E-13  1.3882E-08  4.0855E-09  6.5717E-12  5.3511E-14
  9.7313E-10  3.7155E-06  2.3705E-07  4.5193E-10  1.9140E-11
  6.5586E-10  3.7069E-06  2.3347E-07  4.4450E-10  1.8186E-11
  4.1753E-10  3.6920E-06  2.2738E-07  4.3117E-10  1.6222E-11
  2.7921E-10  3.6721E-06  2.1956E-07  4.1387E-10  1.3971E-11
  1.8674E-10  3.6426E-06  2.0880E-07  3.9030E-10  1.1514E-11
  6.8281E-11  1.8053E-06  9.9027E-08  1.8355E-10  4.8105E-12
  5.2046E-11  1.7872E-06  9.3481E-08  1.7178E-10  4.0416E-12
  8.6668E-11  3.5452E-06  1.7864E-07  3.2619E-10  7.1341E-12
  7.5151E-11  3.5200E-06  1.7202E-07  3.1245E-10  6.4729E-12
  6.7670E-11  3.5037E-06  1.6799E-07  3.0413E-10  6.1059E-12
  5.4295E-11  3.4922E-06  1.6509E-07  2.9828E-10  5.8610E-12
  3.0616E-11  3.4851E-06  1.6286E-07  2.9414E-10  5.6959E-12
  1.1787E-11  3.4766E-06  1.5912E-07  2.8803E-10  5.4687E-12
  5.8547E-12  3.4648E-06  1.5417E-07  2.8025E-10  5.1991E-12
  3.2084E-12  3.4457E-06  1.4705E-07  2.6916E-10  4.8398E-12
  1.8691E-12  2.5009E-06  1.2644E-07  2.3086E-10  3.7033E-12
  1.0049E-12  7.6321E-07  7.5286E-08  1.3260E-10  1.6469E-12
  5.6761E-13  2.5577E-07  4.0147E-08  6.8643E-11  7.4207E-13
  2.8353E-09  3.7252E-06  2.4049E-07  4.5121E-10  1.6015E-11
  2.4640E-09  3.7241E-06  2.4052E-07  4.5556E-10  1.8283E-11
  1.9737E-09  3.7212E-06  2.3970E-07  4.5641E-10  1.9703E-11
  1.5055E-09  3.7164E-06  2.3802E-07  4.5397E-10  1.9987E-11
  1.0483E-09  3.7074E-06  2.3474E-07  4.4739E-10  1.9258E-11
  7.2526E-10  3.6942E-06  2.2997E-07  4.3709E-10  1.7775E-11
  4.7997E-10  3.6729E-06  2.2246E-07  4.2052E-10  1.5552E-11
  3.3613E-10  3.6463E-06  2.1356E-07  4.0111E-10  1.3362E-11
  2.3894E-10  3.6109E-06  2.0265E-07  3.7749E-10  1.1201E-11
  1.8571E-10  3.5770E-06  1.9301E-07  3.5687E-10  9.6637E-12
  1.4923E-10  3.5429E-06  1.8412E-07  3.3809E-10  8.4790E-12
  1.1980E-10  3.5180E-06  1.7793E-07  3.2525E-10  7.7653E-12
  7.3906E-11  3.4973E-06  1.7253E-07  3.1457E-10  7.2253E-12
  3.7055E-11  3.4805E-06  1.6729E-07  3.0518E-10  6.7932E-12
  1.9294E-11  3.4594E-06  1.6078E-07  2.9416E-10  6.3327E-12
  1.1649E-11  3.4349E-06  1.5365E-07  2.8250E-10  5.8862E-12
  6.6735E-12  3.3940E-06  1.4260E-07  2.6458E-10  5.2594E-12
  3.9299E-12  2.7641E-06  1.2280E-07  2.2921E-10  4.1475E-12
  3.4643E-09  3.7254E-06  2.3431E-07  4.0463E-10  8.2022E-12
  3.3783E-09  3.7258E-06  2.3771E-07  4.2876E-10  1.1383E-11
  3.2221E-09  3.7256E-06  2.3967E-07  4.4455E-10  1.4876E-11
  2.9991E-09  3.7249E-06  2.4040E-07  4.5245E-10  1.7548E-11
  2.6467E-09  3.7231E-06  2.4034E-07  4.5627E-10  1.9545E-11
  2.2380E-09  3.7196E-06  2.3947E-07  4.5638E-10  2.0435E-11
  1.7377E-09  3.7130E-06  2.3744E-07  4.5303E-10  2.0434E-11
  1.2993E-09  3.7033E-06  2.3420E-07  4.4639E-10  1.9614E-11
  9.0362E-10  3.6861E-06  2.2866E-07  4.3441E-10  1.7952E-11
  6.4056E-10  3.6637E-06  2.2157E-07  4.1889E-10  1.5978E-11
  4.4794E-10  3.6312E-06  2.1196E-07  3.9795E-10  1.3712E-11
  3.3347E-10  3.5965E-06  2.0252E-07  3.7752E-10  1.1881E-11
  2.3454E-10  3.5579E-06  1.9264E-07  3.5662E-10  1.0308E-11
  1.4392E-10  3.5253E-06  1.8436E-07  3.3981E-10  9.2233E-12
  7.3106E-11  3.4907E-06  1.7531E-07  3.2265E-10  8.2622E-12
  4.3728E-11  3.4578E-06  1.6727E-07  3.0817E-10  7.5507E-12
  2.6054E-11  3.4146E-06  1.5748E-07  2.9129E-10  6.8151E-12
  1.5944E-11  3.3579E-06  1.4568E-07  2.7142E-10  6.0434E-12
  3.5606E-09  3.7186E-06  2.0814E-07  2.8458E-10  3.1170E-12
  3.5468E-09  3.7224E-06  2.2214E-07  3.4384E-10  5.0598E-12
  3.5158E-09  3.7245E-06  2.3122E-07  3.9159E-10  7.9710E-12
  3.4648E-09  3.7254E-06  2.3594E-07  4.2044E-10  1.1149E-11
  3.3682E-09  3.7255E-06  2.3877E-07  4.3986E-10  1.4689E-11
  3.2233E-09  3.7249E-06  2.4000E-07  4.4992E-10  1.7449E-11
  2.9761E-09  3.7235E-06  2.4037E-07  4.5543E-10  1.9596E-11
  2.6532E-09  3.7205E-06  2.3988E-07  4.5679E-10  2.0676E-11
  2.2132E-09  3.7146E-06  2.3835E-07  4.5487E-10  2.0954E-11
  1.7694E-09  3.7058E-06  2.3576E-07  4.4981E-10  2.0448E-11
  1.3056E-09  3.6900E-06  2.3113E-07  4.3999E-10  1.9146E-11
  9.5333E-10  3.6686E-06  2.2496E-07  4.2659E-10  1.7423E-11
  6.5703E-10  3.6363E-06  2.1622E-07  4.0751E-10  1.5260E-11
  4.2801E-10  3.5996E-06  2.0677E-07  3.8733E-10  1.3325E-11
  2.2373E-10  3.5533E-06  1.9512E-07  3.6350E-10  1.1422E-11
  1.2364E-10  3.5057E-06  1.8390E-07  3.4162E-10  9.9687E-12
  7.3321E-11  3.4480E-06  1.7202E-07  3.1935E-10  8.7212E-12
  4.6146E-11  3.3830E-06  1.6016E-07  2.9810E-10  7.7032E-12
  3.5572E-09  3.6925E-06  1.4066E-07  1.3133E-10  1.0074E-12
  3.5656E-09  3.7076E-06  1.7658E-07  2.0136E-10  1.8765E-12
  3.5653E-09  3.7168E-06  2.0382E-07  2.7916E-10  3.4221E-12
  3.5563E-09  3.7213E-06  2.1944E-07  3.3975E-10  5.5214E-12
  3.5338E-09  3.7239E-06  2.2967E-07  3.8889E-10  8.5911E-12
  3.4955E-09  3.7250E-06  2.3503E-07  4.1872E-10  1.1841E-11
  3.4218E-09  3.7252E-06  2.3827E-07  4.3887E-10  1.5341E-11
  3.3089E-09  3.7245E-06  2.3973E-07  4.4936E-10  1.7990E-11
  3.1105E-09  3.7230E-06  2.4024E-07  4.5519E-10  2.0003E-11
  2.8399E-09  3.7196E-06  2.3985E-07  4.5676E-10  2.1004E-11
  2.4416E-09  3.7130E-06  2.3840E-07  4.5507E-10  2.1267E-11
  2.0289E-09  3.7030E-06  2.3590E-07  4.5029E-10  2.0817E-11
  1.5377E-09  3.6857E-06  2.3137E-07  4.4079E-10  1.9623E-11
  1.0885E-09  3.6614E-06  2.2521E-07  4.2754E-10  1.7992E-11
  6.1046E-10  3.6225E-06  2.1560E-07  4.0724E-10  1.5783E-11
  3.1486E-10  3.5733E-06  2.0384E-07  3.8331E-10  1.3601E-11
  1.7195E-10  3.5033E-06  1.8933E-07  3.5468E-10  1.1471E-11
  1.0759E-10  3.4238E-06  1.7544E-07  3.2819E-10  9.8584E-12
  3.4979E-09  3.6010E-06  5.4960E-08  3.8461E-11  2.7306E-13
  3.5359E-09  3.6582E-06  9.5707E-08  7.7784E-11  6.0007E-13
  3.5577E-09  3.6909E-06  1.4308E-07  1.4296E-10  1.2868E-12
  3.5661E-09  3.7068E-06  1.7827E-07  2.1453E-10  2.3631E-12
  3.5661E-09  3.7163E-06  2.0485E-07  2.9144E-10  4.2154E-12
  3.5576E-09  3.7210E-06  2.2006E-07  3.4957E-10  6.6354E-12
  3.5360E-09  3.7236E-06  2.3001E-07  3.9561E-10  9.9807E-12
  3.4992E-09  3.7246E-06  2.3520E-07  4.2306E-10  1.3292E-11
  3.4281E-09  3.7245E-06  2.3831E-07  4.4133E-10  1.6615E-11
  3.3192E-09  3.7235E-06  2.3966E-07  4.5068E-10  1.8963E-11
  3.1268E-09  3.7207E-06  2.4003E-07  4.5557E-10  2.0635E-11
  2.8621E-09  3.7159E-06  2.3945E-07  4.5644E-10  2.1378E-11
  2.4568E-09  3.7066E-06  2.3767E-07  4.5389E-10  2.1437E-11
  2.0101E-09  3.6927E-06  2.3465E-07  4.4807E-10  2.0852E-11
  1.3434E-09  3.6671E-06  2.2902E-07  4.3644E-10  1.9487E-11
  7.3198E-10  3.6286E-06  2.2044E-07  4.1883E-10  1.7548E-11
  3.6563E-10  3.5624E-06  2.0677E-07  3.9140E-10  1.4968E-11
  2.2004E-10  3.4764E-06  1.9188E-07  3.6205E-10  1.2717E-11
  3.3323E-09  3.3042E-06  1.5844E-08  1.0463E-11  7.9265E-14
  3.4409E-09  3.4967E-06  3.2877E-08  2.2859E-11  1.7735E-13
  3.5084E-09  3.6105E-06  6.6990E-08  5.2027E-11  4.2777E-13
  3.5417E-09  3.6636E-06  1.0927E-07  9.9161E-11  9.0189E-13
  3.5600E-09  3.6938E-06  1.5459E-07  1.7101E-10  1.8544E-12
  3.5658E-09  3.7084E-06  1.8655E-07  2.4395E-10  3.2853E-12
  3.5628E-09  3.7170E-06  2.1002E-07  3.1697E-10  5.6297E-12
  3.5506E-09  3.7211E-06  2.2323E-07  3.6898E-10  8.4774E-12
  3.5227E-09  3.7232E-06  2.3176E-07  4.0836E-10  1.2075E-11
  3.4762E-09  3.7236E-06  2.3614E-07  4.3105E-10  1.5287E-11
  3.3880E-09  3.7225E-06  2.3866E-07  4.4568E-10  1.8208E-11
  3.2545E-09  3.7199E-06  2.3960E-07  4.5272E-10  2.0081E-11
  3.0190E-09  3.7143E-06  2.3945E-07  4.5563E-10  2.1261E-11
  2.6748E-09  3.7049E-06  2.3821E-07  4.5470E-10  2.1626E-11
  2.1235E-09  3.6873E-06  2.3526E-07  4.4959E-10  2.1305E-11
  1.3810E-09  3.6587E-06  2.2998E-07  4.3927E-10  2.0245E-11
  7.0062E-10  3.6029E-06  2.1952E-07  4.1853E-10  1.8136E-11
  4.0497E-10  3.5206E-06  2.0594E-07  3.9167E-10  1.5762E-11
  2.9648E-09  2.6122E-06  5.1424E-09  3.5002E-12  2.9133E-14
  3.2143E-09  3.0654E-06  1.0946E-08  7.5754E-12  6.3538E-14
  3.3821E-09  3.3768E-06  2.4148E-08  1.7357E-11  1.4828E-13
  3.4706E-09  3.5381E-06  4.7498E-08  3.6619E-11  3.2459E-13
  3.5240E-09  3.6314E-06  8.8023E-08  7.7576E-11  7.4691E-13
  3.5491E-09  3.6748E-06  1.3090E-07  1.3584E-10  1.4898E-12
  3.5609E-09  3.6995E-06  1.7169E-07  2.1416E-10  2.8865E-12
  3.5611E-09  3.7114E-06  1.9841E-07  2.8518E-10  4.8494E-12
  3.5503E-09  3.7182E-06  2.1724E-07  3.4980E-10  7.8069E-12
  3.5272E-09  3.7210E-06  2.2756E-07  3.9246E-10  1.1040E-11
  3.4797E-09  3.7217E-06  2.3407E-07  4.2298E-10  1.4649E-11
  3.4038E-09  3.7203E-06  2.3724E-07  4.3971E-10  1.7485E-11
  3.2630E-09  3.7163E-06  2.3878E-07  4.4972E-10  1.9760E-11
  3.0454E-09  3.7091E-06  2.3886E-07  4.5354E-10  2.1026E-11
  2.6191E-09  3.6943E-06  2.3741E-07  4.5296E-10  2.1589E-11
  1.9956E-09  3.6705E-06  2.3415E-07  4.4761E-10  2.1366E-11
  1.1523E-09  3.6222E-06  2.2660E-07  4.3338E-10  2.0110E-11
  6.6371E-10  3.5449E-06  2.1511E-07  4.1103E-10  1.8132E-11
  2.2961E-09  1.5286E-06  1.6519E-09  1.1763E-12  1.0730E-14
  2.7646E-09  2.2422E-06  3.9337E-09  2.8199E-12  2.5808E-14
  3.1119E-09  2.8540E-06  9.1824E-09  6.6789E-12  6.1567E-14
  3.3095E-09  3.2247E-06  1.8841E-08  1.4076E-11  1.3153E-13
  3.4369E-09  3.4670E-06  3.9525E-08  3.1321E-11  3.0223E-13
  3.5013E-09  3.5876E-06  7.1570E-08  6.2564E-11  6.4141E-13
  3.5380E-09  3.6559E-06  1.1705E-07  1.1975E-10  1.3854E-12
  3.5526E-09  3.6876E-06  1.5697E-07  1.8871E-10  2.5809E-12
  3.5540E-09  3.7057E-06  1.9043E-07  2.6819E-10  4.6425E-12
  3.5428E-09  3.7141E-06  2.1076E-07  3.3139E-10  7.2723E-12
  3.5132E-09  3.7181E-06  2.2446E-07  3.8316E-10  1.0778E-11
  3.4623E-09  3.7185E-06  2.3168E-07  4.1464E-10  1.4101E-11
  3.3644E-09  3.7156E-06  2.3592E-07  4.3563E-10  1.7288E-11
  3.2114E-09  3.7093E-06  2.3756E-07  4.4599E-10  1.9440E-11
  2.9113E-09  3.6958E-06  2.3745E-07  4.5040E-10  2.0881E-11
  2.4056E-09  3.6730E-06  2.3538E-07  4.4876E-10  2.1369E-11
  1.6018E-09  3.6275E-06  2.2973E-07  4.3925E-10  2.0915E-11
  9.6125E-10  3.5524E-06  2.1990E-07  4.2077E-10  1.9493E-11
  1.3143E-09  5.5716E-07  4.5845E-10  3.4185E-13  3.3948E-15
  2.0084E-09  1.1767E-06  1.3095E-09  9.7914E-13  9.7369E-15
  2.6148E-09  1.9879E-06  3.5620E-09  2.6808E-12  2.6748E-14
  2.9942E-09  2.6224E-06  7.8911E-09  6.0090E-12  6.0326E-14
  3.2561E-09  3.1084E-06  1.7397E-08  1.3589E-11  1.3831E-13
  3.3972E-09  3.3821E-06  3.4023E-08  2.7814E-11  2.9051E-13
  3.4837E-09  3.5514E-06  6.5608E-08  5.8797E-11  6.5105E-13
  3.5241E-09  3.6322E-06  1.0534E-07  1.0732E-10  1.3114E-12
  3.5425E-09  3.6775E-06  1.4995E-07  1.8041E-10  2.6095E-12
  3.5423E-09  3.6985E-06  1.8270E-07  2.5335E-10  4.4870E-12
  3.5241E-09  3.7098E-06  2.0729E-07  3.2476E-10  7.3721E-12
  3.4865E-09  3.7137E-06  2.2124E-07  3.7442E-10  1.0581E-11
  3.4100E-09  3.7129E-06  2.3009E-07  4.1102E-10  1.4217E-11
  3.2887E-09  3.7073E-06  2.3426E-07  4.3115E-10  1.7112E-11
  3.0560E-09  3.6940E-06  2.3586E-07  4.4251E-10  1.9422E-11
  2.6718E-09  3.6713E-06  2.3495E-07  4.4521E-10  2.0631E-11
  1.9542E-09  3.6253E-06  2.3050E-07  4.3942E-10  2.0882E-11
  1.2526E-09  3.5496E-06  2.2182E-07  4.2402E-10  2.0021E-11
  2.4029E-10  6.9876E-08  6.3336E-11  5.0386E-14  5.6113E-16
  6.1807E-10  2.0819E-07  2.0093E-10  1.5994E-13  1.7811E-15
  1.3493E-09  6.1159E-07  7.0574E-10  5.6271E-13  6.2724E-15
  2.0726E-09  1.2681E-06  1.9949E-09  1.5967E-12  1.7836E-14
  2.6801E-09  2.0833E-06  5.2745E-09  4.2592E-12  4.7815E-14
  3.0443E-09  2.6968E-06  1.1363E-08  9.3212E-12  1.0558E-13
  3.2872E-09  3.1554E-06  2.4219E-08  2.0535E-11  2.3724E-13
  3.4137E-09  3.4093E-06  4.5357E-08  4.0686E-11  4.8732E-13
  3.4868E-09  3.5643E-06  8.1681E-08  8.1309E-11  1.0512E-12
  3.5155E-09  3.6377E-06  1.2234E-07  1.3878E-10  2.0206E-12
  3.5179E-09  3.6783E-06  1.6382E-07  2.1655E-10  3.8008E-12
  3.4956E-09  3.6959E-06  1.9236E-07  2.8703E-10  6.1923E-12
  3.4379E-09  3.7027E-06  2.1286E-07  3.5048E-10  9.5434E-12
  3.3410E-09  3.7004E-06  2.2390E-07  3.9139E-10  1.2877E-11
  3.1569E-09  3.6880E-06  2.3006E-07  4.1892E-10  1.6197E-11
  2.8683E-09  3.6643E-06  2.3162E-07  4.3120E-10  1.8458E-11
  2.3277E-09  3.6159E-06  2.2911E-07  4.3253E-10  1.9798E-11
  1.6371E-09  3.5359E-06  2.2175E-07  4.2150E-10  1.9776E-11
  3.4691E-11  1.0237E-08  1.1953E-11  1.0070E-14  1.2415E-16
  9.8814E-11  2.9753E-08  3.5060E-11  2.9542E-14  3.6379E-16
  3.0917E-10  1.0029E-07  1.2203E-10  1.0286E-13  1.2662E-15
  7.7914E-10  2.9939E-07  3.9705E-10  3.3501E-13  4.1260E-15
  1.5891E-09  8.2448E-07  1.3696E-09  1.1589E-12  1.4300E-14
  2.2931E-09  1.5501E-06  3.6506E-09  3.1081E-12  3.8490E-14
  2.8371E-09  2.3358E-06  9.0347E-09  7.7971E-12  9.7353E-14
  3.1457E-09  2.8794E-06  1.8529E-08  1.6369E-11  2.0739E-13
  3.3418E-09  3.2658E-06  3.7442E-08  3.4682E-11  4.5354E-13
  3.4366E-09  3.4717E-06  6.5667E-08  6.5541E-11  9.0570E-13
  3.4808E-09  3.5937E-06  1.0727E-07  1.2082E-10  1.8579E-12
  3.4816E-09  3.6496E-06  1.4674E-07  1.8817E-10  3.3534E-12
  3.4426E-09  3.6777E-06  1.8201E-07  2.6655E-10  5.8341E-12
  3.3624E-09  3.6850E-06  2.0402E-07  3.2858E-10  8.7990E-12
  3.2036E-09  3.6770E-06  2.1835E-07  3.7784E-10  1.2396E-11
  2.9599E-09  3.6536E-06  2.2446E-07  4.0491E-10  1.5401E-11
  2.5220E-09  3.6021E-06  2.2488E-07  4.1690E-10  1.7757E-11
  1.9280E-09  3.5169E-06  2.1924E-07  4.1218E-10  1.8644E-11
  8.0204E-12  2.5498E-09  3.7977E-12  3.3658E-15  4.5243E-17
  1.9390E-11  6.1762E-09  9.2148E-12  8.1669E-15  1.1000E-16
  5.6982E-11  1.8307E-08  2.7469E-11  2.4347E-14  3.2752E-16
  1.6239E-10  5.3937E-08  8.2262E-11  7.2928E-14  9.8061E-16
  4.9793E-10  1.8487E-07  2.9826E-10  2.6461E-13  3.5594E-15
  1.1379E-09  5.2324E-07  9.6980E-10  8.6216E-13  1.1612E-14
  1.9882E-09  1.2245E-06  3.0753E-09  2.7493E-12  3.7162E-14
  2.5993E-09  1.9795E-06  7.4243E-09  6.7083E-12  9.1300E-14
  3.0286E-09  2.6712E-06  1.6839E-08  1.5558E-11  2.1489E-13
  3.2563E-09  3.1047E-06  3.2365E-08  3.1032E-11  4.3988E-13
  3.3876E-09  3.3938E-06  6.0438E-08  6.2154E-11  9.2960E-13
  3.4347E-09  3.5396E-06  9.6216E-08  1.0899E-10  1.7774E-12
  3.4262E-09  3.6205E-06  1.3916E-07  1.7958E-10  3.3895E-12
  3.3655E-09  3.6521E-06  1.7278E-07  2.5053E-10  5.6273E-12
  3.2272E-09  3.6567E-06  1.9849E-07  3.1917E-10  8.8308E-12
  3.0099E-09  3.6374E-06  2.1193E-07  3.6423E-10  1.2030E-11
  2.6282E-09  3.5848E-06  2.1730E-07  3.9132E-10  1.5096E-11
  2.1121E-09  3.4943E-06  2.1428E-07  3.9573E-10  1.6823E-11
  3.2294E-12  1.0934E-09  2.0256E-12  1.8775E-15  2.7301E-17
  6.5801E-12  2.2352E-09  4.1433E-12  3.8403E-15  5.5843E-17
  1.5586E-11  5.3149E-09  9.8663E-12  9.1450E-15  1.3322E-16
  3.8078E-11  1.3052E-08  2.4317E-11  2.2540E-14  3.2800E-16
  1.1413E-10  3.9952E-08  7.5350E-11  6.9859E-14  1.0162E-15
  3.2640E-10  1.2197E-07  2.3823E-10  2.2099E-13  3.2152E-15
  9.0485E-10  4.0398E-07  8.8319E-10  8.2085E-13  1.1959E-14
  1.6892E-09  9.6514E-07  2.6498E-09  2.4741E-12  3.6155E-14
  2.4449E-09  1.7869E-06  7.2710E-09  6.8638E-12  1.0105E-13
  2.9023E-09  2.4692E-06  1.5675E-08  1.5083E-11  2.2506E-13
  3.1941E-09  3.0061E-06  3.2309E-08  3.2298E-11  4.9562E-13
  3.3291E-09  3.3114E-06  5.7080E-08  6.0531E-11  9.7381E-13
  3.3775E-09  3.4994E-06  9.4966E-08  1.1102E-10  1.9552E-12
  3.3483E-09  3.5844E-06  1.3345E-07  1.7424E-10  3.4838E-12
  3.2344E-09  3.6188E-06  1.6988E-07  2.5017E-10  5.9931E-12
  3.0389E-09  3.6115E-06  1.9270E-07  3.1049E-10  8.9069E-12
  2.6923E-09  3.5623E-06  2.0543E-07  3.5494E-10  1.2212E-11
  2.2283E-09  3.4685E-06  2.0653E-07  3.7157E-10  1.4561E-11
  1.3584E-12  4.9589E-10  1.1863E-12  1.1587E-15  1.8482E-17
  2.6407E-12  9.6555E-10  2.3104E-12  2.2566E-15  3.5994E-17
  5.4685E-12  2.0052E-09  4.8004E-12  4.6887E-15  7.4787E-17
  1.0953E-11  4.0313E-09  9.6601E-12  9.4354E-15  1.5079E-16
  2.5286E-11  9.3582E-09  2.2481E-11  2.1959E-14  3.5053E-16
  6.0612E-11  2.2646E-08  5.4732E-11  5.3468E-14  8.5308E-16
  1.8122E-10  6.9984E-08  1.7261E-10  1.6869E-13  2.6919E-15
  5.0676E-10  2.1441E-07  5.5996E-10  5.4786E-13  8.7495E-15
  1.2451E-09  6.4847E-07  1.9982E-09  1.9623E-12  3.1420E-14
  2.0308E-09  1.3325E-06  5.4530E-09  5.3980E-12  8.6936E-14
  2.6754E-09  2.1457E-06  1.3493E-08  1.3594E-11  2.2180E-13
  3.0287E-09  2.7375E-06  2.6953E-08  2.7960E-11  4.6660E-13
  3.2236E-09  3.1664E-06  5.1328E-08  5.6233E-11  9.8200E-13
  3.2740E-09  3.3926E-06  8.3216E-08  9.8400E-11  1.8464E-12
  3.2138E-09  3.5149E-06  1.2379E-07  1.6307E-10  3.4608E-12
  3.0528E-09  3.5484E-06  1.5713E-07  2.2950E-10  5.6593E-12
  2.7433E-09  3.5177E-06  1.8180E-07  2.9238E-10  8.6615E-12
  2.3247E-09  3.4264E-06  1.9097E-07  3.2728E-10  1.1338E-11
  5.7764E-13  2.2562E-10  6.7416E-13  6.8916E-16  1.1924E-17
  1.2147E-12  4.7472E-10  1.4187E-12  1.4503E-15  2.5092E-17
  2.5897E-12  1.0134E-09  3.0292E-12  3.0967E-15  5.3579E-17
  5.0219E-12  1.9689E-09  5.8883E-12  6.0194E-15  1.0415E-16
  1.0382E-11  4.0844E-09  1.2227E-11  1.2499E-14  2.1665E-16
  2.0823E-11  8.2317E-09  2.4689E-11  2.5241E-14  4.3706E-16
  4.8659E-11  1.9409E-08  5.8507E-11  5.9821E-14  1.0353E-15
  1.2002E-10  4.8785E-08  1.4892E-10  1.5230E-13  2.6361E-15
  3.6329E-10  1.5725E-07  5.0083E-10  5.1274E-13  8.8811E-15
  9.0996E-10  4.5341E-07  1.6101E-09  1.6529E-12  2.8690E-14
  1.7711E-09  1.1112E-06  5.0811E-09  5.2569E-12  9.1787E-14
  2.4419E-09  1.8618E-06  1.2074E-08  1.2677E-11  2.2389E-13
  2.8987E-09  2.5720E-06  2.6381E-08  2.8533E-11  5.1622E-13
  3.0994E-09  3.0189E-06  4.7833E-08  5.4158E-11  1.0197E-12
  3.1387E-09  3.3049E-06  8.1278E-08  9.9343E-11  2.0161E-12
  3.0335E-09  3.4253E-06  1.1659E-07  1.5602E-10  3.5207E-12
  2.7666E-09  3.4431E-06  1.5046E-07  2.2357E-10  5.8874E-12
  2.3833E-09  3.3687E-06  1.6903E-07  2.7265E-10  8.3959E-12
  1.7123E-13  7.1979E-11  2.7363E-13  2.9389E-16  5.5610E-18
  4.1529E-13  1.7462E-10  6.6386E-13  7.1299E-16  1.3491E-17
  1.0188E-12  4.2857E-10  1.6295E-12  1.7500E-15  3.3115E-17
  2.1575E-12  9.0827E-10  3.4542E-12  3.7098E-15  7.0197E-17
  4.6199E-12  1.9478E-09  7.4109E-12  7.9595E-15  1.5061E-16
  8.9639E-12  3.7879E-09  1.4425E-11  1.5493E-14  2.9371E-16
  1.8493E-11  7.8484E-09  2.9943E-11  3.2162E-14  6.0904E-16
  3.7075E-11  1.5841E-08  6.0653E-11  6.5155E-14  1.2332E-15
  8.7522E-11  3.7937E-08  1.4663E-10  1.5755E-13  2.9824E-15
  2.1864E-10  9.7877E-08  3.8726E-10  4.1638E-13  7.8856E-15
  6.2351E-10  3.0702E-07  1.3092E-09  1.4108E-12  2.6766E-14
  1.3229E-09  7.7075E-07  3.8764E-09  4.2003E-12  8.0048E-14
  2.1386E-09  1.5460E-06  1.0657E-08  1.1707E-11  2.2562E-13
  2.6484E-09  2.2509E-06  2.2611E-08  2.5430E-11  5.0004E-13
  2.9144E-09  2.8222E-06  4.4373E-08  5.2155E-11  1.0676E-12
  2.9353E-09  3.1315E-06  7.2606E-08  9.0767E-11  1.9775E-12
  2.7527E-09  3.2739E-06  1.0799E-07  1.4754E-10  3.5738E-12
  2.4199E-09  3.2568E-06  1.3503E-07  2.0133E-10  5.5498E-12
  4.6075E-14  2.0629E-11  9.6543E-14  1.0822E-16  2.2165E-18
  1.2646E-13  5.6618E-11  2.6498E-13  2.9704E-16  6.0836E-18
  3.5582E-13  1.5935E-10  7.4578E-13  8.3601E-16  1.7122E-17
  8.5548E-13  3.8321E-10  1.7937E-12  2.0108E-15  4.1182E-17
  2.0728E-12  9.2908E-10  4.3499E-12  4.8764E-15  9.9869E-17
  4.3406E-12  1.9477E-09  9.1233E-12  1.0228E-14  2.0946E-16
  9.2139E-12  4.1432E-09  1.9427E-11  2.1779E-14  4.4675E-16
  1.7840E-11  8.0495E-09  3.7810E-11  4.2389E-14  8.6879E-16
  3.7163E-11  1.6881E-08  7.9606E-11  8.9259E-14  1.8286E-15
  7.6784E-11  3.5283E-08  1.6768E-10  1.8806E-13  3.8530E-15
  1.9151E-10  9.0486E-08  4.3920E-10  4.9294E-13  1.0105E-14
  4.7683E-10  2.3997E-07  1.2271E-09  1.3797E-12  2.8328E-14
  1.1351E-09  6.6172E-07  3.9069E-09  4.4170E-12  9.1238E-14
  1.8771E-09  1.3163E-06  9.9478E-09  1.1378E-11  2.3736E-13
  2.4695E-09  2.0911E-06  2.2994E-08  2.6957E-11  5.7489E-13
  2.7066E-09  2.6352E-06  4.2495E-08  5.1767E-11  1.1451E-12
  2.6700E-09  2.9773E-06  7.1696E-08  9.3069E-11  2.2028E-12
  2.4150E-09  3.0722E-06  1.0005E-07  1.3998E-10  3.6385E-12
  1.2674E-14  5.9908E-12  3.3631E-14  3.9149E-17  8.6100E-19
  3.6873E-14  1.7429E-11  9.7847E-14  1.1390E-16  2.5050E-18
  1.1569E-13  5.4687E-11  3.0702E-13  3.5739E-16  7.8599E-18
  3.1101E-13  1.4704E-10  8.2548E-13  9.6091E-16  2.1133E-17
  8.5291E-13  4.0332E-10  2.2646E-12  2.6361E-15  5.7974E-17
  1.9975E-12  9.4503E-10  5.3075E-12  6.1783E-15  1.3588E-16
  4.6918E-12  2.2221E-09  1.2487E-11  1.4537E-14  3.1969E-16
  9.5919E-12  4.5512E-09  2.5602E-11  2.9805E-14  6.5639E-16
  2.0076E-11  9.5604E-09  5.3901E-11  6.2754E-14  1.3809E-15
  3.9076E-11  1.8722E-08  1.0597E-10  1.2341E-13  2.7149E-15
  8.4625E-11  4.1061E-08  2.3457E-10  2.7323E-13  6.0123E-15
  1.8667E-10  9.2783E-08  5.4035E-10  6.2987E-13  1.3869E-14
  4.7670E-10  2.5192E-07  1.5480E-09  1.8085E-12  3.9953E-14
  1.0258E-09  6.0950E-07  4.2142E-09  4.9484E-12  1.0978E-13
  1.7899E-09  1.2844E-06  1.1366E-08  1.3522E-11  3.0352E-13
  2.2963E-09  1.9665E-06  2.3935E-08  2.9142E-11  6.6842E-13
  2.4850E-09  2.5296E-06  4.5528E-08  5.7842E-11  1.3849E-12
  2.3543E-09  2.7873E-06  7.0256E-08  9.4483E-11  2.4132E-12
  4.5506E-15  2.2540E-12  1.4867E-14  1.7898E-17  4.2010E-19
  1.2183E-14  6.0356E-12  3.9810E-14  4.7927E-17  1.1249E-18
  3.8156E-14  1.8904E-11  1.2468E-13  1.5011E-16  3.5233E-18
  1.0906E-13  5.4035E-11  3.5641E-13  4.2909E-16  1.0071E-17
  3.3179E-13  1.6441E-10  1.0845E-12  1.3056E-15  3.0643E-17
  8.5954E-13  4.2599E-10  2.8103E-12  3.3833E-15  7.9409E-17
  2.2577E-12  1.1196E-09  7.3880E-12  8.8946E-15  2.0877E-16
  5.0692E-12  2.5161E-09  1.6614E-11  2.0003E-14  4.7044E-16
  1.1401E-11  5.6706E-09  3.7496E-11  4.5146E-14  1.0607E-15
  2.2705E-11  1.1333E-08  7.5126E-11  9.0463E-14  2.1243E-15
  4.7456E-11  2.3859E-08  1.5900E-10  1.9151E-13  4.4965E-15
  9.5819E-11  4.8782E-08  3.2832E-10  3.9561E-13  9.2925E-15
  2.2337E-10  1.1701E-07  8.0689E-10  9.7328E-13  2.2884E-14
  5.0120E-10  2.7787E-07  2.0193E-09  2.4416E-12  5.7593E-14
  1.0849E-09  6.8108E-07  5.6401E-09  6.8645E-12  1.6286E-13
  1.7229E-09  1.2793E-06  1.3181E-08  1.6258E-11  3.9055E-13
  2.1694E-09  1.9660E-06  2.8203E-08  3.5760E-11  8.8285E-13
  2.2177E-09  2.3958E-06  4.7832E-08  6.3173E-11  1.6298E-12
