real and imaginary refractive indexes for liquid CH4 at 90 K
from: Martonchik and Orton, 1994. "Optical Constants of Liquid and 
Solid Methane," Applied Optics, 33(36), 8306-8317

wl (um)	n
0.0020	1.001
0.0545	0.856
0.0900	1.209
0.1000	1.448
0.1012	1.446
0.1087	1.508
0.1162	1.472
0.1200	1.486
0.1337	1.704
0.4000	1.300
0.5831	1.292
0.5983	1.292
0.6215	1.291
0.6696	1.290
0.6856	1.290
0.7057	1.290
0.7174	1.290
0.7299	1.290
0.7849	1.289
0.7994	1.289
0.8418	1.289
0.8673	1.288
0.8885	1.288
0.9742	1.288
0.9872	1.288
1.000	1.288
1.014	1.288
1.235	1.287
1.241	1.287
1.932	1.285
1.953	1.285
3.29	1.243
3.33	1.278
3.37	1.311
3.43	1.301
3.57	1.303
7.59	1.195
7.69	1.275
7.80	1.365
8.13	1.326
8.26	1.332
41.67	1.291
71.43	1.292

wl (um)	k
0.0020	0
0.0545	2.137E-1
0.0900	6.501E-1
0.1000	4.853E-1
0.1012	4.768E-1
0.1087	3.761E-1
0.1162	3.225E-1
0.1200	3.336E-1
0.1337	1.814E-1
0.4000	0
0.5831	1.237E-9
0.5983	1.167E-9
0.6215	1.951E-7
0.6696	4.771E-9
0.6856	2.675E-9
0.7057	8.381E-9
0.7174	1.156E-7
0.7299	9.907E-8
0.7849	3.995E-8
0.7994	6.103E-8
0.8418	4.998E-8
0.8673	3.311E-7
0.8885	1.899E-6
0.9742	4.958E-7
0.9872	6.281E-7
1.000	8.313E-7
1.014	1.006E-6
1.235	1.677E-7
1.241	8.425E-8
1.932	1.574E-6
1.953	8.947E-7
3.29	3.198E-2
3.33	7.462E-2
3.37	3.731E-2
3.43	2.132E-2
3.57	1.066E-2
7.59	7.728E-2
7.69	1.706E-1
7.80	7.994E-2
8.13	2.135E-1
8.26	1.067E-2
41.67	6.645E-4
71.43	1.442E-3
