2.562999999999999723e-01
2.604063063063062899e-01
2.645126126126126076e-01
2.686189189189188697e-01
2.727252252252251874e-01
2.768315315315315051e-01
2.809378378378378227e-01
2.850441441441441404e-01
2.891504504504504025e-01
2.932567567567567202e-01
2.973630630630630378e-01
3.014693693693693555e-01
3.055756756756756731e-01
3.096819819819819353e-01
3.137882882882882529e-01
3.178945945945945706e-01
3.220009009009008882e-01
3.261072072072072059e-01
3.302135135135134680e-01
3.343198198198197857e-01
3.384261261261261033e-01
3.425324324324324210e-01
3.466387387387387387e-01
3.507450450450450008e-01
3.548513513513513185e-01
3.589576576576576361e-01
3.630639639639639538e-01
3.671702702702702714e-01
3.712765765765765336e-01
3.753828828828828512e-01
3.794891891891891689e-01
3.835954954954954310e-01
3.877018018018018042e-01
3.918081081081080663e-01
3.959144144144143840e-01
4.000207207207207016e-01
4.041270270270269638e-01
4.082333333333333369e-01
4.123396396396395991e-01
4.164459459459459167e-01
4.205522522522522344e-01
4.246585585585584965e-01
4.287648648648648697e-01
4.328711711711711319e-01
4.369774774774774495e-01
4.410837837837837672e-01
4.451900900900900293e-01
4.492963963963964025e-01
4.534027027027026646e-01
4.575090090090089823e-01
4.616153153153152999e-01
4.657216216216215621e-01
4.698279279279279352e-01
4.739342342342341974e-01
4.780405405405405150e-01
4.821468468468468327e-01
4.862531531531530948e-01
4.903594594594594680e-01
4.944657657657657301e-01
4.985720720720720478e-01
5.026783783783783655e-01
5.067846846846846276e-01
5.108909909909908897e-01
5.149972972972972629e-01
5.191036036036036361e-01
5.232099099099098982e-01
5.273162162162161604e-01
5.314225225225224225e-01
5.355288288288287957e-01
5.396351351351351688e-01
5.437414414414414310e-01
5.478477477477476931e-01
5.519540540540539553e-01
5.560603603603603284e-01
5.601666666666667016e-01
5.642729729729729637e-01
5.683792792792792259e-01
5.724855855855854880e-01
5.765918918918918612e-01
5.806981981981982344e-01
5.848045045045044965e-01
5.889108108108107587e-01
5.930171171171170208e-01
5.971234234234233940e-01
6.012297297297297671e-01
6.053360360360360293e-01
6.094423423423422914e-01
6.135486486486485536e-01
6.176549549549549267e-01
6.217612612612612999e-01
6.258675675675675620e-01
6.299738738738738242e-01
6.340801801801800863e-01
6.381864864864864595e-01
6.422927927927928327e-01
6.463990990990990948e-01
6.505054054054053569e-01
6.546117117117116191e-01
6.587180180180179923e-01
6.628243243243243654e-01
6.669306306306306276e-01
6.710369369369368897e-01
6.751432432432431519e-01
6.792495495495495250e-01
6.833558558558558982e-01
6.874621621621621603e-01
6.915684684684684225e-01
6.956747747747746846e-01
6.997810810810810578e-01
7.038873873873874309e-01
7.079936936936936931e-01
7.120999999999999552e-01
7.162063063063062174e-01
7.203126126126125905e-01
7.244189189189189637e-01
7.285252252252252259e-01
7.326315315315314880e-01
7.367378378378377501e-01
7.408441441441441233e-01
7.449504504504504965e-01
7.490567567567567586e-01
7.531630630630630208e-01
7.572693693693693939e-01
7.613756756756756561e-01
7.654819819819819182e-01
7.695882882882882914e-01
7.736945945945945535e-01
7.778009009009009267e-01
7.819072072072071888e-01
7.860135135135134510e-01
7.901198198198198241e-01
7.942261261261260863e-01
7.983324324324324595e-01
8.024387387387387216e-01
8.065450450450449837e-01
8.106513513513513569e-01
8.147576576576576191e-01
8.188639639639639922e-01
8.229702702702702544e-01
8.270765765765765165e-01
8.311828828828828897e-01
8.352891891891891518e-01
8.393954954954955250e-01
8.435018018018017871e-01
8.476081081081080493e-01
8.517144144144144224e-01
8.558207207207206846e-01
8.599270270270270577e-01
8.640333333333333199e-01
8.681396396396395820e-01
8.722459459459459552e-01
8.763522522522522173e-01
8.804585585585585905e-01
8.845648648648648527e-01
8.886711711711711148e-01
8.927774774774774880e-01
8.968837837837837501e-01
9.009900900900901233e-01
9.050963963963963854e-01
9.092027027027026476e-01
9.133090090090090207e-01
9.174153153153152829e-01
9.215216216216216560e-01
9.256279279279279182e-01
9.297342342342341803e-01
9.338405405405405535e-01
9.379468468468468156e-01
9.420531531531531888e-01
9.461594594594594509e-01
9.502657657657657131e-01
9.543720720720720863e-01
9.584783783783783484e-01
9.625846846846847216e-01
9.666909909909909837e-01
9.707972972972972459e-01
9.749036036036036190e-01
9.790099099099098812e-01
9.831162162162162543e-01
9.872225225225225165e-01
9.913288288288287786e-01
9.954351351351351518e-01
9.995414414414414139e-01
1.003647747747747676e+00
1.007754054054053938e+00
1.011860360360360200e+00
1.015966666666666685e+00
1.020072972972972947e+00
1.024179279279279431e+00
1.028285585585585693e+00
1.032391891891891955e+00
1.036498198198198217e+00
1.040604504504504479e+00
1.044710810810810742e+00
1.048817117117117004e+00
1.052923423423423266e+00
1.057029729729729750e+00
1.061136036036036012e+00
1.065242342342342274e+00
1.069348648648648759e+00
1.073454954954955021e+00
1.077561261261261283e+00
1.081667567567567545e+00
1.085773873873873807e+00
1.089880180180180069e+00
1.093986486486486331e+00
1.098092792792792816e+00
1.102199099099099078e+00
1.106305405405405340e+00
1.110411711711711824e+00
1.114518018018018086e+00
1.118624324324324348e+00
1.122730630630630611e+00
1.126836936936936873e+00
1.130943243243243135e+00
1.135049549549549397e+00
1.139155855855855881e+00
1.143262162162162143e+00
1.147368468468468405e+00
1.151474774774774890e+00
1.155581081081081152e+00
1.159687387387387414e+00
1.163793693693693676e+00
1.167899999999999938e+00
1.172006306306306200e+00
1.176112612612612462e+00
1.180218918918918947e+00
1.184325225225225209e+00
1.188431531531531471e+00
1.192537837837837955e+00
1.196644144144144217e+00
1.200750450450450479e+00
1.204856756756756742e+00
1.208963063063063004e+00
1.213069369369369266e+00
1.217175675675675528e+00
1.221281981981982012e+00
1.225388288288288274e+00
1.229494594594594536e+00
1.233600900900901021e+00
1.237707207207207283e+00
1.241813513513513545e+00
1.245919819819819807e+00
1.250026126126126069e+00
1.254132432432432331e+00
1.258238738738738816e+00
1.262345045045045078e+00
1.266451351351351340e+00
1.270557657657657602e+00
1.274663963963963864e+00
1.278770270270270348e+00
1.282876576576576610e+00
1.286982882882882873e+00
1.291089189189189135e+00
1.295195495495495397e+00
1.299301801801801881e+00
1.303408108108108143e+00
1.307514414414414405e+00
1.311620720720720668e+00
1.315727027027026930e+00
1.319833333333333414e+00
1.323939639639639676e+00
1.328045945945945938e+00
1.332152252252252200e+00
1.336258558558558462e+00
1.340364864864864947e+00
1.344471171171171209e+00
1.348577477477477471e+00
1.352683783783783733e+00
1.356790090090089995e+00
1.360896396396396479e+00
1.365002702702702742e+00
1.369109009009009004e+00
1.373215315315315266e+00
1.377321621621621528e+00
1.381427927927928012e+00
1.385534234234234274e+00
1.389640540540540536e+00
1.393746846846846799e+00
1.397853153153153061e+00
1.401959459459459545e+00
1.406065765765765807e+00
1.410172072072072069e+00
1.414278378378378331e+00
1.418384684684684593e+00
1.422490990990991078e+00
1.426597297297297340e+00
1.430703603603603602e+00
1.434809909909909864e+00
1.438916216216216126e+00
1.443022522522522610e+00
1.447128828828828873e+00
1.451235135135135135e+00
1.455341441441441397e+00
1.459447747747747659e+00
1.463554054054054143e+00
1.467660360360360405e+00
1.471766666666666667e+00
1.475872972972972930e+00
1.479979279279279192e+00
1.484085585585585676e+00
1.488191891891891938e+00
1.492298198198198200e+00
1.496404504504504462e+00
1.500510810810810725e+00
1.504617117117117209e+00
1.508723423423423471e+00
1.512829729729729733e+00
1.516936036036035995e+00
1.521042342342342257e+00
1.525148648648648741e+00
1.529254954954955004e+00
1.533361261261261266e+00
1.537467567567567528e+00
1.541573873873873790e+00
1.545680180180180274e+00
1.549786486486486536e+00
1.553892792792792799e+00
1.557999099099099061e+00
1.562105405405405323e+00
1.566211711711711807e+00
1.570318018018018069e+00
1.574424324324324331e+00
1.578530630630630593e+00
1.582636936936936856e+00
1.586743243243243340e+00
1.590849549549549602e+00
1.594955855855855864e+00
1.599062162162162126e+00
1.603168468468468388e+00
1.607274774774774873e+00
1.611381081081081135e+00
1.615487387387387397e+00
1.619593693693693659e+00
1.623699999999999921e+00
1.627806306306306405e+00
1.631912612612612667e+00
1.636018918918918930e+00
1.640125225225225192e+00
1.644231531531531454e+00
1.648337837837837938e+00
1.652444144144144200e+00
1.656550450450450462e+00
1.660656756756756725e+00
1.664763063063062987e+00
1.668869369369369471e+00
1.672975675675675733e+00
1.677081981981981995e+00
1.681188288288288257e+00
1.685294594594594519e+00
1.689400900900901004e+00
1.693507207207207266e+00
1.697613513513513528e+00
1.701719819819819790e+00
1.705826126126126052e+00
1.709932432432432536e+00
1.714038738738738799e+00
1.718145045045045061e+00
1.722251351351351323e+00
1.726357657657657585e+00
1.730463963963964069e+00
1.734570270270270331e+00
1.738676576576576593e+00
1.742782882882882856e+00
1.746889189189189118e+00
1.750995495495495602e+00
1.755101801801801864e+00
1.759208108108108126e+00
1.763314414414414388e+00
1.767420720720720650e+00
1.771527027027027135e+00
1.775633333333333397e+00
1.779739639639639659e+00
1.783845945945945921e+00
1.787952252252252183e+00
1.792058558558558667e+00
1.796164864864864930e+00
1.800271171171171192e+00
1.804377477477477454e+00
1.808483783783783716e+00
1.812590090090090200e+00
1.816696396396396462e+00
1.820802702702702724e+00
1.824909009009008987e+00
1.829015315315315249e+00
1.833121621621621511e+00
1.837227927927927995e+00
1.841334234234234257e+00
1.845440540540540519e+00
1.849546846846846782e+00
1.853653153153153044e+00
1.857759459459459528e+00
1.861865765765765790e+00
1.865972072072072052e+00
1.870078378378378314e+00
1.874184684684684576e+00
1.878290990990991061e+00
1.882397297297297323e+00
1.886503603603603585e+00
1.890609909909909847e+00
1.894716216216216109e+00
1.898822522522522593e+00
1.902928828828828856e+00
1.907035135135135118e+00
1.911141441441441380e+00
1.915247747747747642e+00
1.919354054054054126e+00
1.923460360360360388e+00
1.927566666666666650e+00
1.931672972972972913e+00
1.935779279279279175e+00
1.939885585585585659e+00
1.943991891891891921e+00
1.948098198198198183e+00
1.952204504504504445e+00
1.956310810810810707e+00
1.960417117117117192e+00
1.964523423423423454e+00
1.968629729729729716e+00
1.972736036036035978e+00
1.976842342342342240e+00
1.980948648648648724e+00
1.985054954954954987e+00
1.989161261261261249e+00
1.993267567567567511e+00
1.997373873873873773e+00
2.001480180180180035e+00
2.005586486486486741e+00
2.009692792792792559e+00
2.013799099099099266e+00
2.017905405405405084e+00
2.022011711711711790e+00
2.026118018018018052e+00
2.030224324324324314e+00
2.034330630630630576e+00
2.038436936936936839e+00
2.042543243243243545e+00
2.046649549549549363e+00
2.050755855855856069e+00
2.054862162162161887e+00
2.058968468468468593e+00
2.063074774774774856e+00
2.067181081081081118e+00
2.071287387387387380e+00
2.075393693693693642e+00
2.079499999999999904e+00
2.083606306306306166e+00
2.087712612612612872e+00
2.091818918918918691e+00
2.095925225225225397e+00
2.100031531531531215e+00
2.104137837837837921e+00
2.108244144144144183e+00
2.112350450450450445e+00
2.116456756756756707e+00
2.120563063063062970e+00
2.124669369369369676e+00
2.128775675675675494e+00
2.132881981981982200e+00
2.136988288288288018e+00
2.141094594594594724e+00
2.145200900900900987e+00
2.149307207207207249e+00
2.153413513513513511e+00
2.157519819819819773e+00
2.161626126126126035e+00
2.165732432432432297e+00
2.169838738738739004e+00
2.173945045045044822e+00
2.178051351351351528e+00
2.182157657657657346e+00
2.186263963963964052e+00
2.190370270270270314e+00
2.194476576576576576e+00
2.198582882882882839e+00
2.202689189189189101e+00
2.206795495495495807e+00
2.210901801801801625e+00
2.215008108108108331e+00
2.219114414414414149e+00
2.223220720720720855e+00
2.227327027027027118e+00
2.231433333333333380e+00
2.235539639639639642e+00
2.239645945945945904e+00
2.243752252252252166e+00
2.247858558558558428e+00
2.251964864864865135e+00
2.256071171171170953e+00
2.260177477477477659e+00
2.264283783783783921e+00
2.268390090090090183e+00
2.272496396396396445e+00
2.276602702702702707e+00
2.280709009009008970e+00
2.284815315315315232e+00
2.288921621621621494e+00
2.293027927927927756e+00
2.297134234234234462e+00
2.301240540540540724e+00
2.305346846846846987e+00
2.309453153153153249e+00
2.313559459459459511e+00
2.317665765765765773e+00
2.321772072072072035e+00
2.325878378378378297e+00
2.329984684684684559e+00
2.334090990990990822e+00
2.338197297297297528e+00
2.342303603603603790e+00
2.346409909909910052e+00
2.350516216216216314e+00
2.354622522522522576e+00
2.358728828828828838e+00
2.362835135135135101e+00
2.366941441441441363e+00
2.371047747747747625e+00
2.375154054054053887e+00
2.379260360360360149e+00
2.383366666666666855e+00
2.387472972972973118e+00
2.391579279279279380e+00
2.395685585585585642e+00
2.399791891891891904e+00
2.403898198198198166e+00
2.408004504504504428e+00
2.412110810810810690e+00
2.416217117117116953e+00
2.420323423423423215e+00
2.424429729729729921e+00
2.428536036036036183e+00
2.432642342342342445e+00
2.436748648648648707e+00
2.440854954954954970e+00
2.444961261261261232e+00
2.449067567567567494e+00
2.453173873873873756e+00
2.457280180180180018e+00
2.461386486486486280e+00
2.465492792792792986e+00
2.469599099099099249e+00
2.473705405405405511e+00
2.477811711711711773e+00
2.481918018018018035e+00
2.486024324324324297e+00
2.490130630630630559e+00
2.494236936936936821e+00
2.498343243243243084e+00
2.502449549549549346e+00
2.506555855855856052e+00
2.510662162162162314e+00
2.514768468468468576e+00
2.518874774774774838e+00
2.522981081081081101e+00
2.527087387387387363e+00
2.531193693693693625e+00
2.535299999999999887e+00
2.539406306306306149e+00
2.543512612612612411e+00
2.547618918918919118e+00
2.551725225225225380e+00
2.555831531531531642e+00
2.559937837837837904e+00
2.564044144144144166e+00
2.568150450450450428e+00
2.572256756756756690e+00
2.576363063063062953e+00
2.580469369369369215e+00
2.584575675675675477e+00
2.588681981981982183e+00
2.592788288288288445e+00
2.596894594594594707e+00
2.601000900900900970e+00
2.605107207207207232e+00
2.609213513513513494e+00
2.613319819819819756e+00
2.617426126126126018e+00
2.621532432432432280e+00
2.625638738738738542e+00
2.629745045045045249e+00
2.633851351351351511e+00
2.637957657657657773e+00
2.642063963963964035e+00
2.646170270270270297e+00
2.650276576576576559e+00
2.654382882882882821e+00
2.658489189189189084e+00
2.662595495495495346e+00
2.666701801801801608e+00
2.670808108108108314e+00
2.674914414414414576e+00
2.679020720720720838e+00
2.683127027027027101e+00
2.687233333333333363e+00
2.691339639639639625e+00
2.695445945945945887e+00
2.699552252252252149e+00
2.703658558558558411e+00
2.707764864864864673e+00
2.711871171171171380e+00
2.715977477477477642e+00
2.720083783783783904e+00
2.724190090090090166e+00
2.728296396396396428e+00
2.732402702702702690e+00
2.736509009009008953e+00
2.740615315315315215e+00
2.744721621621621477e+00
2.748827927927927739e+00
2.752934234234234445e+00
2.757040540540540707e+00
2.761146846846846969e+00
2.765253153153153232e+00
2.769359459459459494e+00
2.773465765765765756e+00
2.777572072072072018e+00
2.781678378378378280e+00
2.785784684684684542e+00
2.789890990990990804e+00
2.793997297297297511e+00
2.798103603603603773e+00
2.802209909909910035e+00
2.806316216216216297e+00
2.810422522522522559e+00
2.814528828828828821e+00
2.818635135135135084e+00
2.822741441441441346e+00
2.826847747747747608e+00
2.830954054054053870e+00
2.835060360360360576e+00
2.839166666666666838e+00
2.843272972972973101e+00
2.847379279279279363e+00
2.851485585585585625e+00
2.855591891891891887e+00
2.859698198198198149e+00
2.863804504504504411e+00
2.867910810810810673e+00
2.872017117117116936e+00
2.876123423423423642e+00
2.880229729729729904e+00
2.884336036036036166e+00
2.888442342342342428e+00
2.892548648648648690e+00
2.896654954954954952e+00
2.900761261261261215e+00
2.904867567567567477e+00
2.908973873873873739e+00
2.913080180180180001e+00
2.917186486486486707e+00
2.921292792792792969e+00
2.925399099099099232e+00
2.929505405405405494e+00
2.933611711711711756e+00
2.937718018018018018e+00
2.941824324324324280e+00
2.945930630630630542e+00
2.950036936936936804e+00
2.954143243243243067e+00
2.958249549549549773e+00
2.962355855855856035e+00
2.966462162162162297e+00
2.970568468468468559e+00
2.974674774774774821e+00
2.978781081081081084e+00
2.982887387387387346e+00
2.986993693693693608e+00
2.991099999999999870e+00
2.995206306306306132e+00
2.999312612612612838e+00
3.003418918918919100e+00
3.007525225225225363e+00
3.011631531531531625e+00
3.015737837837837887e+00
3.019844144144144149e+00
3.023950450450450411e+00
3.028056756756756673e+00
3.032163063063062935e+00
3.036269369369369198e+00
3.040375675675675904e+00
3.044481981981982166e+00
3.048588288288288428e+00
3.052694594594594690e+00
3.056800900900900952e+00
3.060907207207207215e+00
3.065013513513513477e+00
3.069119819819819739e+00
3.073226126126126001e+00
3.077332432432432263e+00
3.081438738738738969e+00
3.085545045045045232e+00
3.089651351351351494e+00
3.093757657657657756e+00
3.097863963963964018e+00
3.101970270270270280e+00
3.106076576576576542e+00
3.110182882882882804e+00
3.114289189189189067e+00
3.118395495495495329e+00
3.122501801801802035e+00
3.126608108108108297e+00
3.130714414414414559e+00
3.134820720720720821e+00
3.138927027027027084e+00
3.143033333333333346e+00
3.147139639639639608e+00
3.151245945945945870e+00
3.155352252252252132e+00
3.159458558558558394e+00
3.163564864864865100e+00
3.167671171171171363e+00
3.171777477477477625e+00
3.175883783783783887e+00
3.179990090090090149e+00
3.184096396396396411e+00
3.188202702702702673e+00
3.192309009009008935e+00
3.196415315315315198e+00
3.200521621621621460e+00
3.204627927927928166e+00
3.208734234234234428e+00
3.212840540540540690e+00
3.216946846846846952e+00
3.221053153153153215e+00
3.225159459459459477e+00
3.229265765765765739e+00
3.233372072072072001e+00
3.237478378378378263e+00
3.241584684684684525e+00
3.245690990990991232e+00
3.249797297297297494e+00
3.253903603603603756e+00
3.258009909909910018e+00
3.262116216216216280e+00
3.266222522522522542e+00
3.270328828828828804e+00
3.274435135135135067e+00
3.278541441441441329e+00
3.282647747747747591e+00
3.286754054054054297e+00
3.290860360360360559e+00
3.294966666666666821e+00
3.299072972972973083e+00
3.303179279279279346e+00
3.307285585585585608e+00
3.311391891891891870e+00
3.315498198198198132e+00
3.319604504504504394e+00
3.323710810810810656e+00
3.327817117117117363e+00
3.331923423423423625e+00
3.336029729729729887e+00
3.340136036036036149e+00
3.344242342342342411e+00
3.348348648648648673e+00
3.352454954954954935e+00
3.356561261261261198e+00
3.360667567567567460e+00
3.364773873873873722e+00
3.368880180180180428e+00
3.372986486486486690e+00
3.377092792792792952e+00
3.381199099099099215e+00
3.385305405405405477e+00
3.389411711711711739e+00
3.393518018018018001e+00
3.397624324324324263e+00
3.401730630630630525e+00
3.405836936936936787e+00
3.409943243243243050e+00
3.414049549549549756e+00
3.418155855855856018e+00
3.422262162162162280e+00
3.426368468468468542e+00
3.430474774774774804e+00
3.434581081081081066e+00
3.438687387387387329e+00
3.442793693693693591e+00
3.446899999999999853e+00
3.451006306306306115e+00
3.455112612612612821e+00
3.459218918918919083e+00
3.463325225225225346e+00
3.467431531531531608e+00
3.471537837837837870e+00
3.475644144144144132e+00
3.479750450450450394e+00
3.483856756756756656e+00
3.487963063063062918e+00
3.492069369369369181e+00
3.496175675675675887e+00
3.500281981981982149e+00
3.504388288288288411e+00
3.508494594594594673e+00
3.512600900900900935e+00
3.516707207207207198e+00
3.520813513513513460e+00
3.524919819819819722e+00
3.529026126126125984e+00
3.533132432432432246e+00
3.537238738738738952e+00
3.541345045045045214e+00
3.545451351351351477e+00
3.549557657657657739e+00
3.553663963963964001e+00
3.557770270270270263e+00
3.561876576576576525e+00
3.565982882882882787e+00
3.570089189189189050e+00
3.574195495495495312e+00
3.578301801801802018e+00
3.582408108108108280e+00
3.586514414414414542e+00
3.590620720720720804e+00
3.594727027027027066e+00
3.598833333333333329e+00
3.602939639639639591e+00
3.607045945945945853e+00
3.611152252252252115e+00
3.615258558558558377e+00
3.619364864864865083e+00
3.623471171171171346e+00
3.627577477477477608e+00
3.631683783783783870e+00
3.635790090090090132e+00
3.639896396396396394e+00
3.644002702702702656e+00
3.648109009009008918e+00
3.652215315315315181e+00
3.656321621621621443e+00
3.660427927927928149e+00
3.664534234234234411e+00
3.668640540540540673e+00
3.672746846846846935e+00
3.676853153153153198e+00
3.680959459459459460e+00
3.685065765765765722e+00
3.689172072072071984e+00
3.693278378378378246e+00
3.697384684684684508e+00
3.701490990990991214e+00
3.705597297297297477e+00
3.709703603603603739e+00
3.713809909909910001e+00
3.717916216216216263e+00
3.722022522522522525e+00
3.726128828828828787e+00
3.730235135135135049e+00
3.734341441441441312e+00
3.738447747747747574e+00
3.742554054054054280e+00
3.746660360360360542e+00
3.750766666666666804e+00
3.754872972972973066e+00
3.758979279279279329e+00
3.763085585585585591e+00
3.767191891891891853e+00
3.771298198198198115e+00
3.775404504504504377e+00
3.779510810810810639e+00
3.783617117117117346e+00
3.787723423423423608e+00
3.791829729729729870e+00
3.795936036036036132e+00
3.800042342342342394e+00
3.804148648648648656e+00
3.808254954954954918e+00
3.812361261261261181e+00
3.816467567567567443e+00
3.820573873873873705e+00
3.824680180180180411e+00
3.828786486486486673e+00
3.832892792792792935e+00
3.836999099099099197e+00
3.841105405405405460e+00
3.845211711711711722e+00
3.849318018018017984e+00
3.853424324324324246e+00
3.857530630630630508e+00
3.861636936936936770e+00
3.865743243243243477e+00
3.869849549549549739e+00
3.873955855855856001e+00
3.878062162162162263e+00
3.882168468468468525e+00
3.886274774774774787e+00
3.890381081081081049e+00
3.894487387387387312e+00
3.898593693693693574e+00
3.902699999999999836e+00
3.906806306306306542e+00
3.910912612612612804e+00
3.915018918918919066e+00
3.919125225225225329e+00
3.923231531531531591e+00
3.927337837837837853e+00
3.931444144144144115e+00
3.935550450450450377e+00
3.939656756756756639e+00
3.943763063063062901e+00
3.947869369369369608e+00
3.951975675675675870e+00
3.956081981981982132e+00
3.960188288288288394e+00
3.964294594594594656e+00
3.968400900900900918e+00
3.972507207207207180e+00
3.976613513513513443e+00
3.980719819819819705e+00
3.984826126126125967e+00
3.988932432432432673e+00
3.993038738738738935e+00
3.997145045045045197e+00
4.001251351351351460e+00
4.005357657657658166e+00
4.009463963963963984e+00
4.013570270270269802e+00
4.017676576576576508e+00
4.021782882882883214e+00
4.025889189189189032e+00
4.029995495495495739e+00
4.034101801801801557e+00
4.038208108108108263e+00
4.042314414414414969e+00
4.046420720720720787e+00
4.050527027027026605e+00
4.054633333333333312e+00
4.058739639639640018e+00
4.062845945945945836e+00
4.066952252252251654e+00
4.071058558558558360e+00
4.075164864864865066e+00
4.079271171171171773e+00
4.083377477477477591e+00
4.087483783783783409e+00
4.091590090090090115e+00
4.095696396396396821e+00
4.099802702702702639e+00
4.103909009009008457e+00
4.108015315315315164e+00
4.112121621621621870e+00
4.116227927927928576e+00
4.120334234234234394e+00
4.124440540540540212e+00
4.128546846846846918e+00
4.132653153153153625e+00
4.136759459459459443e+00
4.140865765765765261e+00
4.144972072072071967e+00
4.149078378378378673e+00
4.153184684684685379e+00
4.157290990990991197e+00
4.161397297297297015e+00
4.165503603603603722e+00
4.169609909909910428e+00
4.173716216216216246e+00
4.177822522522522064e+00
4.181928828828828770e+00
4.186035135135135477e+00
4.190141441441441295e+00
4.194247747747748001e+00
4.198354054054053819e+00
4.202460360360360525e+00
4.206566666666667231e+00
4.210672972972973049e+00
4.214779279279278867e+00
4.218885585585585574e+00
4.222991891891892280e+00
4.227098198198198098e+00
4.231204504504503916e+00
4.235310810810810622e+00
4.239417117117117328e+00
4.243523423423424035e+00
4.247629729729729853e+00
4.251736036036035671e+00
4.255842342342342377e+00
4.259948648648649083e+00
4.264054954954955790e+00
4.268161261261260719e+00
4.272267567567567426e+00
4.276373873873874132e+00
4.280480180180180838e+00
4.284586486486485768e+00
4.288692792792792474e+00
4.292799099099099180e+00
4.296905405405405887e+00
4.301011711711712593e+00
4.305118018018017523e+00
4.309224324324324229e+00
4.313330630630630935e+00
4.317436936936937641e+00
4.321543243243242571e+00
4.325649549549549278e+00
4.329755855855855984e+00
4.333862162162162690e+00
4.337968468468469396e+00
4.342074774774774326e+00
4.346181081081081032e+00
4.350287387387387739e+00
4.354393693693694445e+00
4.358500000000000263e+00
