 
    OUTPUT FILES FOR THE Sun  
 
 Solar Constant= 1.000   F_CH4= 9.9292E-61  F_CO2= 3.6000E-04  F_O2= 9.9292E-28  F_N2= 9.8299E-01  F_H2= 5.2625E-27  F_AR= 9.9292E-03  IO3 =  0   IUP=  1
 ICONSERV= 0  FAC= 4.0  ND=101  SRFALB= 0.060  G=2000.0  IMW= 0  INVERSE= 0

 FNO2 = 5.032E-72
 
 NST=     1 JCONV= 82 CHG=1.88E-02 dt0=5.00E+03 DIVF(1)=-6.02E-02 DIVFrms= 5.09E-02 DT(ND)=-1.73E+00 T(ND)=2.8627E+02

 TIME= 5.000E+03  TIME IN DAYS = 5.787E-02

 PLANETARY ALBEDO:  ALBP = 0.5320

  J     P         ALT         T        CONVEC       DT          TOLD        FH20       FSAVE        FO3        TCOOL       THEAT
  1 1.1249E-06 4.4112E+01 2.0555E+02  0.00E+00   5.5452E+00  2.0000E+02  3.2925E-06  3.2925E-06  0.0000E+00 -8.5366E+01  1.8119E+02
  2 1.4223E-06 4.3397E+01 2.0383E+02  0.00E+00   3.7687E+00  2.0000E+02  3.2925E-06  3.2925E-06  0.0000E+00 -8.3784E+01  1.4891E+02
  3 1.7952E-06 4.2693E+01 2.0230E+02  0.00E+00   2.2393E+00  2.0000E+02  3.2925E-06  3.2925E-06  0.0000E+00 -8.1850E+01  1.2054E+02
  4 2.2617E-06 4.1999E+01 2.0102E+02  0.00E+00   9.6174E-01  2.0000E+02  3.2925E-06  3.2925E-06  0.0000E+00 -7.9502E+01  9.6120E+01
  5 2.8444E-06 4.1315E+01 1.9996E+02  0.00E+00  -8.7688E-02  2.0000E+02  3.2925E-06  3.2925E-06  0.0000E+00 -7.6677E+01  7.5162E+01
  6 3.5708E-06 4.0640E+01 1.9911E+02  0.00E+00  -9.3667E-01  2.0000E+02  3.2925E-06  3.2925E-06  0.0000E+00 -7.3314E+01  5.7129E+01
  7 4.4748E-06 3.9972E+01 1.9845E+02  0.00E+00  -1.5972E+00  2.0000E+02  3.2925E-06  3.2925E-06  0.0000E+00 -6.9361E+01  4.1761E+01
  8 5.5977E-06 3.9312E+01 1.9798E+02  0.00E+00  -2.0652E+00  2.0000E+02  3.2925E-06  3.2925E-06  0.0000E+00 -6.4781E+01  2.9095E+01
  9 6.9900E-06 3.8659E+01 1.9771E+02  0.00E+00  -2.3345E+00  2.0000E+02  3.2925E-06  3.2925E-06  0.0000E+00 -5.9566E+01  1.9226E+01
 10 8.7130E-06 3.8011E+01 1.9763E+02  0.00E+00  -2.4117E+00  2.0000E+02  3.2925E-06  3.2925E-06  0.0000E+00 -5.3751E+01  1.2077E+01
 11 1.0841E-05 3.7369E+01 1.9771E+02  0.00E+00  -2.3211E+00  2.0000E+02  3.2925E-06  3.2925E-06  0.0000E+00 -4.7436E+01  7.3268E+00
 12 1.3466E-05 3.6732E+01 1.9792E+02  0.00E+00  -2.1009E+00  2.0000E+02  3.2925E-06  3.2925E-06  0.0000E+00 -4.0780E+01  4.4756E+00
 13 1.6696E-05 3.6099E+01 1.9821E+02  0.00E+00  -1.7960E+00  2.0000E+02  3.2925E-06  3.2925E-06  0.0000E+00 -3.3985E+01  2.9509E+00
 14 2.0664E-05 3.5470E+01 1.9855E+02  0.00E+00  -1.4529E+00  2.0000E+02  3.2925E-06  3.2925E-06  0.0000E+00 -2.7340E+01  2.2344E+00
 15 2.5529E-05 3.4846E+01 1.9888E+02  0.00E+00  -1.1127E+00  2.0000E+02  3.2925E-06  3.2925E-06  0.0000E+00 -2.1160E+01  1.9335E+00
 16 3.1484E-05 3.4227E+01 1.9918E+02  0.00E+00  -8.0648E-01  2.0000E+02  3.2925E-06  3.2925E-06  0.0000E+00 -1.5742E+01  1.8056E+00
 17 3.8759E-05 3.3611E+01 1.9943E+02  0.00E+00  -5.5376E-01  2.0000E+02  3.2925E-06  3.2925E-06  0.0000E+00 -1.1301E+01  1.7316E+00
 18 4.7630E-05 3.3001E+01 1.9962E+02  0.00E+00  -3.6247E-01  2.0000E+02  3.2925E-06  3.2925E-06  0.0000E+00 -7.9300E+00  1.6665E+00
 19 5.8427E-05 3.2395E+01 1.9976E+02  0.00E+00  -2.3054E-01  2.0000E+02  3.2925E-06  3.2925E-06  0.0000E+00 -5.5821E+00  1.5984E+00
 20 7.1545E-05 3.1795E+01 1.9984E+02  0.00E+00  -1.4860E-01  2.0000E+02  3.2925E-06  3.2925E-06  0.0000E+00 -4.0936E+00  1.5258E+00
 21 8.7452E-05 3.1200E+01 1.9989E+02  0.00E+00  -1.0369E-01  2.0000E+02  3.2925E-06  3.2925E-06  0.0000E+00 -3.2415E+00  1.4497E+00
 22 1.0671E-04 3.0610E+01 1.9991E+02  0.00E+00  -8.2576E-02  2.0000E+02  3.2925E-06  3.2925E-06  0.0000E+00 -2.8036E+00  1.3767E+00
 23 1.2997E-04 3.0025E+01 1.9992E+02  0.00E+00  -7.4871E-02  2.0000E+02  3.2925E-06  3.2925E-06  0.0000E+00 -2.6092E+00  1.3154E+00
 24 1.5802E-04 2.9445E+01 1.9993E+02  0.00E+00  -7.4211E-02  2.0000E+02  3.2925E-06  3.2925E-06  0.0000E+00 -2.5404E+00  1.2580E+00
 25 1.9178E-04 2.8871E+01 1.9992E+02  0.00E+00  -7.6529E-02  2.0000E+02  3.2925E-06  3.2925E-06  0.0000E+00 -2.5281E+00  1.2057E+00
 26 2.3234E-04 2.8303E+01 1.9992E+02  0.00E+00  -7.9930E-02  2.0000E+02  3.2925E-06  3.2925E-06  0.0000E+00 -2.5407E+00  1.1595E+00
 27 2.8099E-04 2.7740E+01 1.9992E+02  0.00E+00  -8.3678E-02  2.0000E+02  3.2925E-06  3.2925E-06  0.0000E+00 -2.5662E+00  1.1202E+00
 28 3.3921E-04 2.7182E+01 1.9991E+02  0.00E+00  -8.7487E-02  2.0000E+02  3.2925E-06  3.2925E-06  0.0000E+00 -2.6000E+00  1.0882E+00
 29 4.0877E-04 2.6629E+01 1.9991E+02  0.00E+00  -9.1176E-02  2.0000E+02  3.2925E-06  3.2925E-06  0.0000E+00 -2.6393E+00  1.0637E+00
 30 4.9171E-04 2.6082E+01 1.9991E+02  0.00E+00  -9.4540E-02  2.0000E+02  3.2925E-06  3.2925E-06  0.0000E+00 -2.6802E+00  1.0466E+00
 31 5.9044E-04 2.5541E+01 1.9990E+02  0.00E+00  -9.7316E-02  2.0000E+02  3.2925E-06  3.2925E-06  0.0000E+00 -2.7175E+00  1.0358E+00
 32 7.0773E-04 2.5004E+01 1.9990E+02  0.00E+00  -9.9167E-02  2.0000E+02  3.2925E-06  3.2925E-06  0.0000E+00 -2.7437E+00  1.0301E+00
 33 8.4681E-04 2.4473E+01 1.9990E+02  0.00E+00  -9.9689E-02  2.0000E+02  3.2925E-06  3.2925E-06  0.0000E+00 -2.7499E+00  1.0273E+00
 34 1.0114E-03 2.3948E+01 1.9990E+02  0.00E+00  -9.8480E-02  2.0000E+02  3.2925E-06  3.2925E-06  0.0000E+00 -2.7278E+00  1.0260E+00
 35 1.2059E-03 2.3427E+01 1.9991E+02  0.00E+00  -9.5253E-02  2.0000E+02  3.2925E-06  3.2925E-06  0.0000E+00 -2.6810E+00  1.0350E+00
 36 1.4352E-03 2.2912E+01 1.9991E+02  0.00E+00  -9.0128E-02  2.0000E+02  3.2925E-06  3.2925E-06  0.0000E+00 -2.5927E+00  1.0353E+00
 37 1.7050E-03 2.2403E+01 1.9992E+02  0.00E+00  -8.3644E-02  2.0000E+02  3.2925E-06  3.2925E-06  0.0000E+00 -2.4707E+00  1.0253E+00
 38 2.0220E-03 2.1898E+01 1.9992E+02  0.00E+00  -7.6695E-02  2.0000E+02  3.2925E-06  3.2925E-06  0.0000E+00 -2.3334E+00  1.0081E+00
 39 2.3937E-03 2.1399E+01 1.9993E+02  0.00E+00  -7.0236E-02  2.0000E+02  3.2925E-06  3.2925E-06  0.0000E+00 -2.2041E+00  9.9039E-01
 40 2.8286E-03 2.0906E+01 1.9993E+02  0.00E+00  -6.4854E-02  2.0000E+02  3.2925E-06  3.2925E-06  0.0000E+00 -2.0999E+00  9.7928E-01
 41 3.3367E-03 2.0417E+01 1.9994E+02  0.00E+00  -6.0486E-02  2.0000E+02  3.2925E-06  3.2925E-06  0.0000E+00 -2.0227E+00  9.7751E-01
 42 3.9289E-03 1.9934E+01 1.9994E+02  0.00E+00  -5.6683E-02  2.0000E+02  3.2925E-06  3.2925E-06  0.0000E+00 -1.9615E+00  9.8204E-01
 43 4.6181E-03 1.9457E+01 1.9995E+02  0.00E+00  -5.3272E-02  2.0000E+02  3.2925E-06  3.2925E-06  0.0000E+00 -1.9069E+00  9.8633E-01
 44 5.4185E-03 1.8984E+01 1.9995E+02  0.00E+00  -5.0684E-02  2.0000E+02  3.2925E-06  3.2925E-06  0.0000E+00 -1.8605E+00  9.8466E-01
 45 6.3464E-03 1.8517E+01 1.9995E+02  0.00E+00  -4.9601E-02  2.0000E+02  3.2925E-06  3.2925E-06  0.0000E+00 -1.8317E+00  9.7461E-01
 46 7.4199E-03 1.8056E+01 1.9995E+02  0.00E+00  -5.0387E-02  2.0000E+02  3.2925E-06  3.2925E-06  0.0000E+00 -1.8267E+00  9.5597E-01
 47 8.6596E-03 1.7599E+01 1.9995E+02  0.00E+00  -5.2834E-02  2.0000E+02  3.2925E-06  3.2925E-06  0.0000E+00 -1.8411E+00  9.2809E-01
 48 1.0088E-02 1.7148E+01 1.9994E+02  0.00E+00  -5.6168E-02  2.0000E+02  3.2925E-06  3.2925E-06  0.0000E+00 -1.8591E+00  8.8852E-01
 49 1.1732E-02 1.6702E+01 1.9994E+02  0.00E+00  -5.7929E-02  2.0000E+02  3.2925E-06  3.2925E-06  0.0000E+00 -1.8345E+00  8.3350E-01
 50 1.3620E-02 1.6262E+01 1.9994E+02  0.00E+00  -5.9641E-02  2.0000E+02  3.2925E-06  3.2925E-06  0.0000E+00 -1.7947E+00  7.6414E-01
 51 1.5782E-02 1.5827E+01 1.9994E+02  0.00E+00  -6.0663E-02  2.0000E+02  3.2925E-06  3.2925E-06  0.0000E+00 -1.7342E+00  6.8589E-01
 52 1.8256E-02 1.5397E+01 1.9994E+02  0.00E+00  -6.0520E-02  2.0000E+02  3.2925E-06  3.2925E-06  0.0000E+00 -1.6543E+00  6.0853E-01
 53 2.1080E-02 1.4973E+01 1.9994E+02  0.00E+00  -5.9076E-02  2.0000E+02  3.2925E-06  3.2925E-06  0.0000E+00 -1.5628E+00  5.4195E-01
 54 2.4297E-02 1.4553E+01 1.9994E+02  0.00E+00  -5.6654E-02  2.0000E+02  3.2925E-06  3.2925E-06  0.0000E+00 -1.4709E+00  4.9188E-01
 55 2.7956E-02 1.4140E+01 1.9995E+02  0.00E+00  -5.3900E-02  2.0000E+02  3.2925E-06  3.2925E-06  0.0000E+00 -1.3892E+00  4.5776E-01
 56 3.2109E-02 1.3731E+01 1.9995E+02  0.00E+00  -5.1466E-02  2.0000E+02  3.2925E-06  3.2925E-06  0.0000E+00 -1.3231E+00  4.3374E-01
 57 3.6812E-02 1.3328E+01 1.9995E+02  0.00E+00  -4.9708E-02  2.0000E+02  3.2925E-06  3.2925E-06  0.0000E+00 -1.2710E+00  4.1202E-01
 58 4.2130E-02 1.2930E+01 1.9995E+02  0.00E+00  -4.8641E-02  2.0000E+02  3.2925E-06  3.2925E-06  0.0000E+00 -1.2271E+00  3.8655E-01
 59 4.8131E-02 1.2537E+01 1.9995E+02  0.00E+00  -4.8068E-02  2.0000E+02  3.2925E-06  3.2925E-06  0.0000E+00 -1.1853E+00  3.5469E-01
 60 5.4888E-02 1.2150E+01 1.9995E+02  0.00E+00  -4.7691E-02  2.0000E+02  3.2925E-06  3.2925E-06  0.0000E+00 -1.1412E+00  3.1708E-01
 61 6.2482E-02 1.1767E+01 1.9995E+02  0.00E+00  -4.7098E-02  2.0000E+02  3.2925E-06  3.2925E-06  0.0000E+00 -1.0905E+00  2.7664E-01
 62 7.1001E-02 1.1391E+01 1.9995E+02  0.00E+00  -4.5845E-02  2.0000E+02  3.2925E-06  3.2925E-06  0.0000E+00 -1.0295E+00  2.3732E-01
 63 8.0538E-02 1.1019E+01 1.9996E+02  0.00E+00  -4.3665E-02  2.0000E+02  3.2925E-06  3.2925E-06  0.0000E+00 -9.5726E-01  2.0273E-01
 64 9.1194E-02 1.0653E+01 1.9996E+02  0.00E+00  -4.0644E-02  2.0000E+02  3.2925E-06  3.2925E-06  0.0000E+00 -8.7744E-01  1.7512E-01
 65 1.0308E-01 1.0292E+01 1.9996E+02  0.00E+00  -3.6953E-02  2.0000E+02  3.2925E-06  3.2925E-06  0.0000E+00 -7.9260E-01  1.5406E-01
 66 1.1630E-01 9.9362E+00 1.9997E+02  0.00E+00  -3.2793E-02  2.0000E+02  3.2925E-06  3.2925E-06  0.0000E+00 -7.0386E-01  1.3719E-01
 67 1.3098E-01 9.5858E+00 1.9997E+02  0.00E+00  -2.9464E-02  2.0000E+02  3.2925E-06  3.2925E-06  0.0000E+00 -6.3476E-01  1.2562E-01
 68 1.4726E-01 9.2406E+00 1.9997E+02  0.00E+00  -2.6978E-02  2.0000E+02  3.2925E-06  3.2925E-06  0.0000E+00 -5.8349E-01  1.1731E-01
 69 1.6527E-01 8.9007E+00 1.9997E+02  0.00E+00  -2.5112E-02  2.0000E+02  3.2925E-06  3.2925E-06  0.0000E+00 -5.4497E-01  1.1103E-01
 70 1.8515E-01 8.5661E+00 1.9998E+02  0.00E+00  -2.3555E-02  2.0000E+02  3.2925E-06  3.2925E-06  0.0000E+00 -5.1319E-01  1.0616E-01
 71 2.0705E-01 8.2368E+00 1.9998E+02  0.00E+00  -2.2046E-02  2.0000E+02  3.2925E-06  3.2925E-06  0.0000E+00 -4.8335E-01  1.0238E-01
 72 2.3113E-01 7.9128E+00 1.9998E+02  0.00E+00  -2.0457E-02  2.0000E+02  3.2925E-06  3.2925E-06  0.0000E+00 -4.5294E-01  9.9447E-02
 73 2.5755E-01 7.5940E+00 1.9998E+02  0.00E+00  -1.8777E-02  2.0000E+02  3.2925E-06  3.2925E-06  0.0000E+00 -4.2151E-01  9.7050E-02
 74 2.8648E-01 7.2805E+00 1.9998E+02  0.00E+00  -1.7065E-02  2.0000E+02  3.2925E-06  3.2925E-06  0.0000E+00 -3.8977E-01  9.4893E-02
 75 3.1810E-01 6.9722E+00 1.9998E+02  0.00E+00  -1.5394E-02  2.0000E+02  3.2925E-06  3.2925E-06  0.0000E+00 -3.5874E-01  9.2738E-02
 76 3.5257E-01 6.6693E+00 1.9999E+02  0.00E+00  -1.3807E-02  2.0000E+02  3.2925E-06  3.2925E-06  0.0000E+00 -3.2904E-01  9.0466E-02
 77 3.9009E-01 6.3716E+00 1.9999E+02  0.00E+00  -1.2292E-02  2.0000E+02  3.2925E-06  3.2925E-06  0.0000E+00 -3.0048E-01  8.8077E-02
 78 4.3083E-01 6.0791E+00 1.9999E+02  0.00E+00  -1.0753E-02  2.0000E+02  3.2925E-06  3.2925E-06  0.0000E+00 -2.7147E-01  8.5669E-02
 79 4.7499E-01 5.7919E+00 1.9999E+02  0.00E+00  -8.9263E-03  2.0000E+02  3.2925E-06  3.2925E-06  0.0000E+00 -2.3764E-01  8.3393E-02
 80 5.2273E-01 5.5100E+00 1.9999E+02  0.00E+00  -7.6880E-03  2.0000E+02  3.2925E-06  3.2925E-06  0.0000E+00 -1.7800E-01  4.5146E-02
 81 5.7426E-01 5.2334E+00 1.9993E+02  0.00E+00  -5.2031E-03  2.0000E+02  3.2925E-06  3.2925E-06  0.0000E+00 -1.3232E-01  4.2413E-02
 82 6.2974E-01 4.9612E+00 2.0114E+02  1.00E+00  -1.7326E+00  2.0147E+02  3.3550E-06  3.2925E-06  0.0000E+00 -1.0180E+01  1.5377E+00
 83 6.8935E-01 4.6910E+00 2.0507E+02  1.00E+00  -1.7326E+00  2.0680E+02  5.1333E-06  6.5947E-06  0.0000E+00 -2.0344E-01  1.2112E-01
 84 7.5327E-01 4.4199E+00 2.1043E+02  1.00E+00  -1.7326E+00  2.1216E+02  1.0059E-05  1.2762E-05  0.0000E+00 -3.7763E-01  1.2481E-01
 85 8.2165E-01 4.1475E+00 2.1580E+02  1.00E+00  -1.7326E+00  2.1754E+02  1.9053E-05  2.3893E-05  0.0000E+00 -5.5154E-01  1.5949E-01
 86 8.9464E-01 3.8740E+00 2.2118E+02  1.00E+00  -1.7326E+00  2.2291E+02  3.4918E-05  4.3315E-05  0.0000E+00 -6.8428E-01  1.8350E-01
 87 9.7238E-01 3.5996E+00 2.2655E+02  1.00E+00  -1.7326E+00  2.2828E+02  6.1959E-05  7.6090E-05  0.0000E+00 -7.6973E-01  2.2320E-01
 88 1.0550E+00 3.3247E+00 2.3189E+02  1.00E+00  -1.7326E+00  2.3362E+02  1.0648E-04  1.2955E-04  0.0000E+00 -8.1028E-01  2.5903E-01
 89 1.1426E+00 3.0496E+00 2.3717E+02  1.00E+00  -1.7326E+00  2.3890E+02  1.7718E-04  2.1373E-04  0.0000E+00 -8.1298E-01  2.9351E-01
 90 1.2353E+00 2.7746E+00 2.4237E+02  1.00E+00  -1.7326E+00  2.4410E+02  2.8535E-04  3.4149E-04  0.0000E+00 -8.1690E-01  3.1884E-01
 91 1.3331E+00 2.5001E+00 2.4745E+02  1.00E+00  -1.7326E+00  2.4918E+02  4.4446E-04  5.2805E-04  0.0000E+00 -8.2796E-01  3.3563E-01
 92 1.4361E+00 2.2266E+00 2.5237E+02  1.00E+00  -1.7326E+00  2.5410E+02  6.6906E-04  7.8963E-04  0.0000E+00 -8.2064E-01  3.3701E-01
 93 1.5444E+00 1.9544E+00 2.5710E+02  1.00E+00  -1.7326E+00  2.5883E+02  9.7299E-04  1.1414E-03  0.0000E+00 -7.9408E-01  3.3635E-01
 94 1.6578E+00 1.6841E+00 2.6161E+02  1.00E+00  -1.7326E+00  2.6334E+02  1.3674E-03  1.5954E-03  0.0000E+00 -7.3304E-01  3.2906E-01
 95 1.7764E+00 1.4161E+00 2.6588E+02  1.00E+00  -1.7326E+00  2.6761E+02  1.8588E-03  2.1582E-03  0.0000E+00 -6.4284E-01  3.1717E-01
 96 1.9001E+00 1.1508E+00 2.6989E+02  1.00E+00  -1.7326E+00  2.7162E+02  2.4487E-03  2.8306E-03  0.0000E+00 -5.6458E-01  3.0036E-01
 97 2.0288E+00 8.8877E-01 2.7380E+02  1.00E+00  -1.7326E+00  2.7553E+02  3.1799E-03  3.6263E-03  0.0000E+00 -5.3913E-01  2.8213E-01
 98 2.1624E+00 6.3013E-01 2.7761E+02  1.00E+00  -1.7326E+00  2.7934E+02  3.9038E-03  4.4263E-03  0.0000E+00 -5.4421E-01  2.5990E-01
 99 2.3006E+00 3.7530E-01 2.8119E+02  1.00E+00  -1.7326E+00  2.8293E+02  4.7332E-03  5.2686E-03  0.0000E+00 -4.5767E-01  2.4304E-01
100 2.4434E+00 1.2462E-01 2.8462E+02  1.00E+00  -1.7326E+00  2.8635E+02  5.5985E-03  6.2755E-03  0.0000E+00 -8.1287E-01  2.3752E-01
101 2.5169E+00 0.0000E+00 2.8627E+02  1.00E+00  -1.7326E+00  2.8800E+02  6.0615E-03  6.7188E-03  0.0000E+00  0.0000E+00  0.0000E+00
  J     P         ALT         T        CONVEC       DT          TOLD        FH20       FSAVE        FO3        TCOOL       THEAT

 FCO2
  3.60E-04 3.60E-04 3.60E-04 3.60E-04 3.60E-04 3.60E-04 3.60E-04 3.60E-04 3.60E-04 3.60E-04
  3.60E-04 3.60E-04 3.60E-04 3.60E-04 3.60E-04 3.60E-04 3.60E-04 3.60E-04 3.60E-04 3.60E-04
  3.60E-04 3.60E-04 3.60E-04 3.60E-04 3.60E-04 3.60E-04 3.60E-04 3.60E-04 3.60E-04 3.60E-04
  3.60E-04 3.60E-04 3.60E-04 3.60E-04 3.60E-04 3.60E-04 3.60E-04 3.60E-04 3.60E-04 3.60E-04
  3.60E-04 3.60E-04 3.60E-04 3.60E-04 3.60E-04 3.60E-04 3.60E-04 3.60E-04 3.60E-04 3.60E-04
  3.60E-04 3.60E-04 3.60E-04 3.60E-04 3.60E-04 3.60E-04 3.60E-04 3.60E-04 3.60E-04 3.60E-04
  3.60E-04 3.60E-04 3.60E-04 3.60E-04 3.60E-04 3.60E-04 3.60E-04 3.60E-04 3.60E-04 3.60E-04
  3.60E-04 3.60E-04 3.60E-04 3.60E-04 3.60E-04 3.60E-04 3.60E-04 3.60E-04 3.60E-04 3.60E-04
  3.60E-04 3.60E-04 3.60E-04 3.60E-04 3.60E-04 3.60E-04 3.60E-04 3.60E-04 3.60E-04 3.60E-04
  3.60E-04 3.60E-04 3.60E-04 3.60E-04 3.60E-04 3.60E-04 3.60E-04 3.60E-04 3.60E-04 3.60E-04
  3.60E-04

  J    PF         ALT       FTOTAL       FTIR       FDNIR       FUPIR       FTSOL       FDNSOL       FUPSOL       DIVF
  1 1.0000E-06 4.4112E+01 -1.0240E+04 -1.7020E+05  0.0000E+00  1.7020E+05  1.5996E+05  3.4178E+05  1.8181E+05 -6.0161E-02
  2 1.2655E-06 4.3397E+01 -1.0241E+04 -1.7020E+05  1.3387E+00  1.7020E+05  1.5996E+05  3.4178E+05  1.8181E+05 -6.0170E-02
  3 1.5986E-06 4.2693E+01 -1.0242E+04 -1.7020E+05  2.9873E+00  1.7020E+05  1.5996E+05  3.4177E+05  1.8181E+05 -6.0177E-02
  4 2.0159E-06 4.1999E+01 -1.0243E+04 -1.7020E+05  5.0044E+00  1.7020E+05  1.5996E+05  3.4177E+05  1.8181E+05 -6.0183E-02
  5 2.5375E-06 4.1315E+01 -1.0244E+04 -1.7020E+05  7.4538E+00  1.7020E+05  1.5995E+05  3.4177E+05  1.8181E+05 -6.0186E-02
  6 3.1884E-06 4.0640E+01 -1.0244E+04 -1.7019E+05  1.0402E+01  1.7020E+05  1.5995E+05  3.4176E+05  1.8181E+05 -6.0186E-02
  7 3.9991E-06 3.9972E+01 -1.0243E+04 -1.7019E+05  1.3913E+01  1.7020E+05  1.5995E+05  3.4176E+05  1.8181E+05 -6.0181E-02
  8 5.0071E-06 3.9312E+01 -1.0241E+04 -1.7019E+05  1.8042E+01  1.7020E+05  1.5995E+05  3.4176E+05  1.8181E+05 -6.0171E-02
  9 6.2580E-06 3.8659E+01 -1.0239E+04 -1.7018E+05  2.2829E+01  1.7020E+05  1.5994E+05  3.4176E+05  1.8181E+05 -6.0156E-02
 10 7.8076E-06 3.8011E+01 -1.0235E+04 -1.7018E+05  2.8281E+01  1.7020E+05  1.5994E+05  3.4175E+05  1.8181E+05 -6.0134E-02
 11 9.7234E-06 3.7369E+01 -1.0230E+04 -1.7017E+05  3.4363E+01  1.7020E+05  1.5994E+05  3.4175E+05  1.8181E+05 -6.0106E-02
 12 1.2088E-05 3.6732E+01 -1.0225E+04 -1.7016E+05  4.0988E+01  1.7020E+05  1.5994E+05  3.4175E+05  1.8181E+05 -6.0074E-02
 13 1.5001E-05 3.6099E+01 -1.0219E+04 -1.7016E+05  4.8004E+01  1.7020E+05  1.5994E+05  3.4175E+05  1.8181E+05 -6.0037E-02
 14 1.8582E-05 3.5470E+01 -1.0212E+04 -1.7015E+05  5.5194E+01  1.7020E+05  1.5994E+05  3.4175E+05  1.8181E+05 -5.9998E-02
 15 2.2978E-05 3.4846E+01 -1.0205E+04 -1.7014E+05  6.2293E+01  1.7020E+05  1.5994E+05  3.4175E+05  1.8181E+05 -5.9960E-02
 16 2.8363E-05 3.4227E+01 -1.0199E+04 -1.7014E+05  6.9024E+01  1.7020E+05  1.5994E+05  3.4175E+05  1.8181E+05 -5.9924E-02
 17 3.4948E-05 3.3611E+01 -1.0194E+04 -1.7013E+05  7.5147E+01  1.7020E+05  1.5994E+05  3.4175E+05  1.8181E+05 -5.9892E-02
 18 4.2985E-05 3.3001E+01 -1.0189E+04 -1.7012E+05  8.0512E+01  1.7020E+05  1.5993E+05  3.4175E+05  1.8181E+05 -5.9866E-02
 19 5.2776E-05 3.2395E+01 -1.0186E+04 -1.7012E+05  8.5099E+01  1.7020E+05  1.5993E+05  3.4175E+05  1.8181E+05 -5.9844E-02
 20 6.4683E-05 3.1795E+01 -1.0183E+04 -1.7012E+05  8.9025E+01  1.7020E+05  1.5993E+05  3.4175E+05  1.8181E+05 -5.9828E-02
 21 7.9135E-05 3.1200E+01 -1.0181E+04 -1.7011E+05  9.2520E+01  1.7020E+05  1.5993E+05  3.4174E+05  1.8181E+05 -5.9815E-02
 22 9.6643E-05 3.0610E+01 -1.0179E+04 -1.7011E+05  9.5874E+01  1.7020E+05  1.5993E+05  3.4174E+05  1.8181E+05 -5.9804E-02
 23 1.1782E-04 3.0025E+01 -1.0177E+04 -1.7011E+05  9.9381E+01  1.7020E+05  1.5993E+05  3.4174E+05  1.8181E+05 -5.9794E-02
 24 1.4337E-04 2.9445E+01 -1.0175E+04 -1.7010E+05  1.0332E+02  1.7020E+05  1.5993E+05  3.4174E+05  1.8181E+05 -5.9782E-02
 25 1.7416E-04 2.8871E+01 -1.0173E+04 -1.7010E+05  1.0794E+02  1.7020E+05  1.5992E+05  3.4174E+05  1.8181E+05 -5.9768E-02
 26 2.1118E-04 2.8303E+01 -1.0170E+04 -1.7009E+05  1.1348E+02  1.7020E+05  1.5992E+05  3.4173E+05  1.8181E+05 -5.9751E-02
 27 2.5562E-04 2.7740E+01 -1.0166E+04 -1.7008E+05  1.2015E+02  1.7020E+05  1.5992E+05  3.4173E+05  1.8181E+05 -5.9730E-02
 28 3.0887E-04 2.7182E+01 -1.0162E+04 -1.7008E+05  1.2822E+02  1.7020E+05  1.5991E+05  3.4172E+05  1.8181E+05 -5.9703E-02
 29 3.7253E-04 2.6629E+01 -1.0156E+04 -1.7007E+05  1.3800E+02  1.7020E+05  1.5991E+05  3.4172E+05  1.8181E+05 -5.9670E-02
 30 4.4853E-04 2.6082E+01 -1.0149E+04 -1.7005E+05  1.4986E+02  1.7020E+05  1.5991E+05  3.4171E+05  1.8181E+05 -5.9628E-02
 31 5.3906E-04 2.5541E+01 -1.0140E+04 -1.7004E+05  1.6420E+02  1.7020E+05  1.5990E+05  3.4171E+05  1.8181E+05 -5.9577E-02
 32 6.4672E-04 2.5004E+01 -1.0130E+04 -1.7002E+05  1.8148E+02  1.7020E+05  1.5989E+05  3.4170E+05  1.8181E+05 -5.9514E-02
 33 7.7450E-04 2.4473E+01 -1.0117E+04 -1.7000E+05  2.0220E+02  1.7020E+05  1.5989E+05  3.4169E+05  1.8181E+05 -5.9438E-02
 34 9.2587E-04 2.3948E+01 -1.0101E+04 -1.6998E+05  2.2680E+02  1.7020E+05  1.5988E+05  3.4168E+05  1.8180E+05 -5.9348E-02
 35 1.1049E-03 2.3427E+01 -1.0083E+04 -1.6995E+05  2.5566E+02  1.7020E+05  1.5987E+05  3.4167E+05  1.8180E+05 -5.9242E-02
 36 1.3161E-03 2.2912E+01 -1.0063E+04 -1.6992E+05  2.8913E+02  1.7020E+05  1.5985E+05  3.4165E+05  1.8180E+05 -5.9121E-02
 37 1.5650E-03 2.2403E+01 -1.0040E+04 -1.6988E+05  3.2726E+02  1.7020E+05  1.5984E+05  3.4163E+05  1.8180E+05 -5.8987E-02
 38 1.8576E-03 2.1898E+01 -1.0015E+04 -1.6983E+05  3.6999E+02  1.7020E+05  1.5982E+05  3.4161E+05  1.8179E+05 -5.8840E-02
 39 2.2010E-03 2.1399E+01 -9.9880E+03 -1.6979E+05  4.1736E+02  1.7020E+05  1.5980E+05  3.4159E+05  1.8179E+05 -5.8682E-02
 40 2.6032E-03 2.0906E+01 -9.9591E+03 -1.6973E+05  4.6977E+02  1.7020E+05  1.5978E+05  3.4156E+05  1.8179E+05 -5.8513E-02
 41 3.0735E-03 2.0417E+01 -9.9280E+03 -1.6968E+05  5.2815E+02  1.7020E+05  1.5975E+05  3.4153E+05  1.8178E+05 -5.8330E-02
 42 3.6223E-03 1.9934E+01 -9.8941E+03 -1.6961E+05  5.9379E+02  1.7020E+05  1.5972E+05  3.4149E+05  1.8178E+05 -5.8131E-02
 43 4.2615E-03 1.9457E+01 -9.8572E+03 -1.6954E+05  6.6793E+02  1.7020E+05  1.5968E+05  3.4145E+05  1.8177E+05 -5.7913E-02
 44 5.0046E-03 1.8984E+01 -9.8168E+03 -1.6945E+05  7.5173E+02  1.7021E+05  1.5964E+05  3.4140E+05  1.8176E+05 -5.7676E-02
 45 5.8668E-03 1.8517E+01 -9.7722E+03 -1.6936E+05  8.4661E+02  1.7021E+05  1.5959E+05  3.4134E+05  1.8175E+05 -5.7414E-02
 46 6.8653E-03 1.8056E+01 -9.7216E+03 -1.6925E+05  9.5480E+02  1.7021E+05  1.5953E+05  3.4127E+05  1.8174E+05 -5.7117E-02
 47 8.0194E-03 1.7599E+01 -9.6622E+03 -1.6913E+05  1.0795E+03  1.7021E+05  1.5946E+05  3.4119E+05  1.8173E+05 -5.6768E-02
 48 9.3510E-03 1.7148E+01 -9.5904E+03 -1.6898E+05  1.2246E+03  1.7021E+05  1.5939E+05  3.4111E+05  1.8172E+05 -5.6346E-02
 49 1.0884E-02 1.6702E+01 -9.5025E+03 -1.6881E+05  1.3933E+03  1.7021E+05  1.5931E+05  3.4101E+05  1.8170E+05 -5.5830E-02
 50 1.2646E-02 1.6262E+01 -9.3984E+03 -1.6862E+05  1.5846E+03  1.7021E+05  1.5922E+05  3.4091E+05  1.8168E+05 -5.5217E-02
 51 1.4668E-02 1.5827E+01 -9.2753E+03 -1.6841E+05  1.7994E+03  1.7021E+05  1.5913E+05  3.4080E+05  1.8166E+05 -5.4494E-02
 52 1.6982E-02 1.5397E+01 -9.1320E+03 -1.6817E+05  2.0371E+03  1.7021E+05  1.5904E+05  3.4068E+05  1.8164E+05 -5.3652E-02
 53 1.9626E-02 1.4973E+01 -8.9687E+03 -1.6791E+05  2.2963E+03  1.7021E+05  1.5894E+05  3.4056E+05  1.8161E+05 -5.2692E-02
 54 2.2642E-02 1.4553E+01 -8.7869E+03 -1.6763E+05  2.5756E+03  1.7021E+05  1.5885E+05  3.4043E+05  1.8158E+05 -5.1624E-02
 55 2.6074E-02 1.4140E+01 -8.5884E+03 -1.6734E+05  2.8751E+03  1.7021E+05  1.5875E+05  3.4030E+05  1.8155E+05 -5.0457E-02
 56 2.9974E-02 1.3731E+01 -8.3739E+03 -1.6702E+05  3.1966E+03  1.7021E+05  1.5864E+05  3.4015E+05  1.8151E+05 -4.9197E-02
 57 3.4396E-02 1.3328E+01 -8.1416E+03 -1.6667E+05  3.5441E+03  1.7021E+05  1.5853E+05  3.3999E+05  1.8147E+05 -4.7831E-02
 58 3.9399E-02 1.2930E+01 -7.8877E+03 -1.6629E+05  3.9222E+03  1.7022E+05  1.5841E+05  3.3982E+05  1.8142E+05 -4.6339E-02
 59 4.5051E-02 1.2537E+01 -7.6072E+03 -1.6588E+05  4.3348E+03  1.7022E+05  1.5828E+05  3.3964E+05  1.8136E+05 -4.4690E-02
 60 5.1421E-02 1.2150E+01 -7.2946E+03 -1.6544E+05  4.7847E+03  1.7022E+05  1.5814E+05  3.3944E+05  1.8130E+05 -4.2853E-02
 61 5.8588E-02 1.1767E+01 -6.9458E+03 -1.6496E+05  5.2725E+03  1.7023E+05  1.5801E+05  3.3924E+05  1.8123E+05 -4.0803E-02
 62 6.6635E-02 1.1391E+01 -6.5589E+03 -1.6444E+05  5.7968E+03  1.7023E+05  1.5788E+05  3.3903E+05  1.8115E+05 -3.8529E-02
 63 7.5653E-02 1.1019E+01 -6.1370E+03 -1.6389E+05  6.3527E+03  1.7024E+05  1.5775E+05  3.3882E+05  1.8107E+05 -3.6049E-02
 64 8.5738E-02 1.0653E+01 -5.6875E+03 -1.6332E+05  6.9322E+03  1.7025E+05  1.5763E+05  3.3861E+05  1.8097E+05 -3.3407E-02
 65 9.6996E-02 1.0292E+01 -5.2205E+03 -1.6274E+05  7.5272E+03  1.7026E+05  1.5752E+05  3.3838E+05  1.8087E+05 -3.0662E-02
 66 1.0954E-01 9.9362E+00 -4.7476E+03 -1.6215E+05  8.1285E+03  1.7028E+05  1.5740E+05  3.3816E+05  1.8076E+05 -2.7881E-02
 67 1.2348E-01 9.5858E+00 -4.2809E+03 -1.6157E+05  8.7254E+03  1.7029E+05  1.5729E+05  3.3792E+05  1.8063E+05 -2.5139E-02
 68 1.3895E-01 9.2406E+00 -3.8158E+03 -1.6099E+05  9.3264E+03  1.7032E+05  1.5717E+05  3.3767E+05  1.8049E+05 -2.2404E-02
 69 1.5607E-01 8.9007E+00 -3.3441E+03 -1.6040E+05  9.9423E+03  1.7034E+05  1.5705E+05  3.3740E+05  1.8034E+05 -1.9632E-02
 70 1.7500E-01 8.5661E+00 -2.8590E+03 -1.5979E+05  1.0583E+04  1.7037E+05  1.5693E+05  3.3711E+05  1.8018E+05 -1.6781E-02
 71 1.9588E-01 8.2368E+00 -2.3571E+03 -1.5916E+05  1.1253E+04  1.7041E+05  1.5680E+05  3.3680E+05  1.8000E+05 -1.3832E-02
 72 2.1885E-01 7.9128E+00 -1.8401E+03 -1.5850E+05  1.1954E+04  1.7046E+05  1.5666E+05  3.3647E+05  1.7981E+05 -1.0796E-02
 73 2.4409E-01 7.5940E+00 -1.3133E+03 -1.5783E+05  1.2685E+04  1.7051E+05  1.5651E+05  3.3612E+05  1.7960E+05 -7.7019E-03
 74 2.7175E-01 7.2805E+00 -7.8314E+02 -1.5714E+05  1.3441E+04  1.7058E+05  1.5635E+05  3.3574E+05  1.7938E+05 -4.5911E-03
 75 3.0201E-01 6.9722E+00 -2.5613E+02 -1.5644E+05  1.4220E+04  1.7066E+05  1.5618E+05  3.3533E+05  1.7915E+05 -1.5008E-03
 76 3.3504E-01 6.6693E+00  2.6283E+02 -1.5574E+05  1.5020E+04  1.7076E+05  1.5600E+05  3.3489E+05  1.7889E+05  1.5392E-03
 77 3.7102E-01 6.3716E+00  7.6988E+02 -1.5504E+05  1.5844E+04  1.7089E+05  1.5581E+05  3.3443E+05  1.7862E+05  4.5053E-03
 78 4.1014E-01 6.0791E+00  1.2606E+03 -1.5435E+05  1.6695E+04  1.7104E+05  1.5561E+05  3.3394E+05  1.7833E+05  7.3703E-03
 79 4.5257E-01 5.7919E+00  1.7263E+03 -1.5367E+05  1.7576E+04  1.7124E+05  1.5539E+05  3.3342E+05  1.7803E+05  1.0081E-02
 80 4.9851E-01 5.5100E+00  2.1448E+03 -1.5302E+05  1.8491E+04  1.7151E+05  1.5517E+05  3.3287E+05  1.7771E+05  1.2506E-02
 81 5.4813E-01 5.2334E+00  2.5342E+03 -1.5250E+05  1.9454E+04  1.7195E+05  1.5503E+05  3.3237E+05  1.7734E+05  1.4738E-02
 82 6.0163E-01 4.9612E+00  2.8183E+03 -1.5208E+05  2.0652E+04  1.7273E+05  1.5490E+05  3.3186E+05  1.7696E+05  1.6316E-02
 83 6.5916E-01 4.6910E+00  3.2195E+04 -1.1748E+05  6.2788E+04  1.8027E+05  1.4967E+05  3.1859E+05  1.6892E+05  1.7860E-01
 84 7.2092E-01 4.4199E+00  3.2496E+04 -1.1674E+05  7.0251E+04  1.8699E+05  1.4923E+05  3.0942E+05  1.6019E+05  1.7379E-01
 85 7.8707E-01 4.1475E+00  3.3484E+04 -1.1526E+05  7.9143E+04  1.9440E+05  1.4874E+05  2.9895E+05  1.5021E+05  1.7224E-01
 86 8.5775E-01 3.8740E+00  3.5124E+04 -1.1295E+05  8.9618E+04  2.0257E+05  1.4808E+05  2.8716E+05  1.3909E+05  1.7339E-01
 87 9.3312E-01 3.5996E+00  3.7358E+04 -1.0990E+05  1.0164E+05  2.1154E+05  1.4726E+05  2.7407E+05  1.2682E+05  1.7660E-01
 88 1.0133E+00 3.3247E+00  3.9954E+04 -1.0624E+05  1.1512E+05  2.2137E+05  1.4620E+05  2.5976E+05  1.1357E+05  1.8049E-01
 89 1.0984E+00 3.0496E+00  4.2734E+04 -1.0216E+05  1.2987E+05  2.3203E+05  1.4489E+05  2.4450E+05  9.9612E+04  1.8418E-01
 90 1.1886E+00 2.7746E+00  4.5511E+04 -9.7811E+04  1.4569E+05  2.4350E+05  1.4332E+05  2.2884E+05  8.5518E+04  1.8690E-01
 91 1.2838E+00 2.5001E+00  4.8326E+04 -9.3194E+04  1.6253E+05  2.5572E+05  1.4152E+05  2.1333E+05  7.1811E+04  1.8898E-01
 92 1.3843E+00 2.2266E+00  5.1260E+04 -8.8259E+04  1.8033E+05  2.6859E+05  1.3952E+05  1.9880E+05  5.9283E+04  1.9085E-01
 93 1.4899E+00 1.9544E+00  5.4294E+04 -8.3111E+04  1.9886E+05  2.8197E+05  1.3741E+05  1.8544E+05  4.8033E+04  1.9256E-01
 94 1.6008E+00 1.6841E+00  5.7309E+04 -7.7881E+04  2.1781E+05  2.9569E+05  1.3519E+05  1.7343E+05  3.8244E+04  1.9382E-01
 95 1.7168E+00 1.4161E+00  6.0096E+04 -7.2824E+04  2.3677E+05  3.0960E+05  1.3292E+05  1.6291E+05  2.9987E+04  1.9411E-01
 96 1.8380E+00 1.1508E+00  6.2443E+04 -6.8191E+04  2.5540E+05  3.2359E+05  1.3063E+05  1.5385E+05  2.3212E+04  1.9297E-01
 97 1.9643E+00 8.8877E-01  6.4427E+04 -6.3951E+04  2.7408E+05  3.3803E+05  1.2838E+05  1.4602E+05  1.7645E+04  1.9060E-01
 98 2.0954E+00 6.3013E-01  6.6434E+04 -5.9740E+04  2.9309E+05  3.5283E+05  1.2617E+05  1.3929E+05  1.3118E+04  1.8829E-01
 99 2.2314E+00 3.7530E-01  6.8737E+04 -5.5333E+04  3.1221E+05  3.6754E+05  1.2407E+05  1.3390E+05  9.8291E+03  1.8702E-01
100 2.3720E+00 1.2462E-01  7.0535E+04 -5.1499E+04  3.3175E+05  3.8325E+05  1.2203E+05  1.3035E+05  8.3188E+03  1.8405E-01
101 2.5169E+00 0.0000E+00  7.5506E+04 -4.4475E+04  3.4355E+05  3.8803E+05  1.1998E+05  1.2764E+05  7.6584E+03  1.9459E-01
 
 NST=     2 JCONV= 82 CHG=1.69E-02 dt0=5.00E+03 DIVF(1)=-3.59E-02 DIVFrms= 3.08E-02 DT(ND)=-1.03E+00 T(ND)=2.8524E+02
 NST=     3 JCONV= 82 CHG=1.50E-02 dt0=5.00E+03 DIVF(1)=-2.84E-02 DIVFrms= 2.62E-02 DT(ND)=-8.11E-01 T(ND)=2.8443E+02
 NST=     4 JCONV= 82 CHG=1.19E-01 dt0=2.50E+03 DIVF(1)=-2.23E-02 DIVFrms= 2.36E-02 DT(ND)=-6.34E-01 T(ND)=2.8379E+02
 NST=     5 JCONV= 82 CHG=3.50E-02 dt0=1.25E+03 DIVF(1)=-1.73E-02 DIVFrms= 2.24E-02 DT(ND)=-4.92E-01 T(ND)=2.8330E+02
 NST=     6 JCONV= 82 CHG=6.92E-03 dt0=1.88E+03 DIVF(1)=-1.34E-02 DIVFrms= 2.24E-02 DT(ND)=-3.79E-01 T(ND)=2.8292E+02
 NST=     7 JCONV= 82 CHG=1.02E-02 dt0=1.88E+03 DIVF(1)=-1.02E-02 DIVFrms= 2.28E-02 DT(ND)=-2.90E-01 T(ND)=2.8263E+02
 NST=     8 JCONV= 82 CHG=2.82E-02 dt0=9.38E+02 DIVF(1)=-7.76E-03 DIVFrms= 2.34E-02 DT(ND)=-2.19E-01 T(ND)=2.8241E+02
 NST=     9 JCONV= 82 CHG=9.20E-03 dt0=1.41E+03 DIVF(1)=-5.89E-03 DIVFrms= 2.41E-02 DT(ND)=-1.66E-01 T(ND)=2.8225E+02
 NST=    10 JCONV= 82 CHG=1.42E-02 dt0=1.41E+03 DIVF(1)=-4.44E-03 DIVFrms= 2.47E-02 DT(ND)=-1.25E-01 T(ND)=2.8212E+02
 NST=    11 JCONV= 83 CHG=4.57E-03 dt0=2.11E+03 DIVF(1)=-1.12E-02 DIVFrms= 2.35E-02 DT(ND)=-3.15E-01 T(ND)=2.8181E+02
 NST=    12 JCONV= 82 CHG=8.43E-03 dt0=3.16E+03 DIVF(1)=-3.48E-03 DIVFrms= 2.51E-02 DT(ND)=-9.81E-02 T(ND)=2.8171E+02
 NST=    13 JCONV= 82 CHG=1.38E-02 dt0=3.16E+03 DIVF(1)=-2.07E-03 DIVFrms= 2.57E-02 DT(ND)=-5.82E-02 T(ND)=2.8165E+02
 NST=    14 JCONV= 82 CHG=4.40E-02 dt0=1.58E+03 DIVF(1)=-1.72E-03 DIVFrms= 2.58E-02 DT(ND)=-4.86E-02 T(ND)=2.8160E+02
 NST=    15 JCONV= 82 CHG=1.33E-02 dt0=1.58E+03 DIVF(1)=-1.42E-03 DIVFrms= 2.60E-02 DT(ND)=-3.99E-02 T(ND)=2.8156E+02
 NST=    16 JCONV= 82 CHG=7.55E-03 dt0=2.37E+03 DIVF(1)=-1.17E-03 DIVFrms= 2.61E-02 DT(ND)=-3.30E-02 T(ND)=2.8153E+02
 NST=    17 JCONV= 82 CHG=4.08E-03 dt0=3.56E+03 DIVF(1)=-9.52E-04 DIVFrms= 2.62E-02 DT(ND)=-2.68E-02 T(ND)=2.8150E+02
 NST=    18 JCONV= 82 CHG=1.63E-02 dt0=3.56E+03 DIVF(1)=-7.58E-04 DIVFrms= 2.63E-02 DT(ND)=-2.13E-02 T(ND)=2.8148E+02
 NST=    19 JCONV= 83 CHG=1.42E-02 dt0=3.56E+03 DIVF(1)=-6.91E-03 DIVFrms= 2.45E-02 DT(ND)=-1.94E-01 T(ND)=2.8129E+02
 NST=    20 JCONV= 82 CHG=1.20E-02 dt0=3.56E+03 DIVF(1)=-1.03E-03 DIVFrms= 2.61E-02 DT(ND)=-2.91E-02 T(ND)=2.8126E+02

 TIME= 5.590E+04  TIME IN DAYS = 6.470E-01

 PLANETARY ALBEDO:  ALBP = 0.5222

  J     P         ALT         T        CONVEC       DT          TOLD        FH20       FSAVE        FO3        TCOOL       THEAT
  1 1.1249E-06 4.3667E+01 2.1001E+02  0.00E+00  -1.1983E+01  2.2199E+02  3.2925E-06  3.2925E-06  0.0000E+00 -4.7407E+02  1.8320E+02
  2 1.4223E-06 4.2929E+01 2.1215E+02  0.00E+00  -2.5948E+00  2.1611E+02  3.2925E-06  3.2925E-06  0.0000E+00 -2.1233E+02  1.4934E+02
  3 1.7952E-06 4.2197E+01 2.1031E+02  0.00E+00   1.2634E+00  2.1030E+02  3.2925E-06  3.2925E-06  0.0000E+00 -8.9391E+01  1.2006E+02
  4 2.2617E-06 4.1481E+01 2.0603E+02  0.00E+00  -1.9362E+00  2.0654E+02  3.2925E-06  3.2925E-06  0.0000E+00 -1.4226E+02  9.5269E+01
  5 2.8444E-06 4.0785E+01 2.0194E+02  0.00E+00   1.0700E+00  2.0230E+02  3.2925E-06  3.2925E-06  0.0000E+00 -4.8164E+01  7.4137E+01
  6 3.5708E-06 4.0110E+01 1.9724E+02  0.00E+00  -9.9031E-01  1.9741E+02  3.2925E-06  3.2925E-06  0.0000E+00 -7.9996E+01  5.5959E+01
  7 4.4748E-06 3.9455E+01 1.9306E+02  0.00E+00  -8.8987E-01  1.9365E+02  3.2925E-06  3.2925E-06  0.0000E+00 -6.2259E+01  4.0659E+01
  8 5.5977E-06 3.8816E+01 1.9039E+02  0.00E+00  -5.4311E-01  1.9082E+02  3.2925E-06  3.2925E-06  0.0000E+00 -4.1424E+01  2.8242E+01
  9 6.9900E-06 3.8191E+01 1.8845E+02  0.00E+00  -6.2197E-01  1.8886E+02  3.2925E-06  3.2925E-06  0.0000E+00 -3.3758E+01  1.8661E+01
 10 8.7130E-06 3.7575E+01 1.8726E+02  0.00E+00  -6.8534E-01  1.8773E+02  3.2925E-06  3.2925E-06  0.0000E+00 -2.8386E+01  1.1751E+01
 11 1.0841E-05 3.6968E+01 1.8687E+02  0.00E+00  -6.4861E-01  1.8735E+02  3.2925E-06  3.2925E-06  0.0000E+00 -2.2903E+01  7.1592E+00
 12 1.3466E-05 3.6365E+01 1.8713E+02  0.00E+00  -6.0813E-01  1.8762E+02  3.2925E-06  3.2925E-06  0.0000E+00 -1.9152E+01  4.3911E+00
 13 1.6696E-05 3.5766E+01 1.8789E+02  0.00E+00  -5.8046E-01  1.8838E+02  3.2925E-06  3.2925E-06  0.0000E+00 -1.6990E+01  2.9011E+00
 14 2.0664E-05 3.5169E+01 1.8902E+02  0.00E+00  -5.3669E-01  1.8950E+02  3.2925E-06  3.2925E-06  0.0000E+00 -1.5223E+01  2.1965E+00
 15 2.5529E-05 3.4574E+01 1.9038E+02  0.00E+00  -4.7488E-01  1.9083E+02  3.2925E-06  3.2925E-06  0.0000E+00 -1.3427E+01  1.9003E+00
 16 3.1484E-05 3.3979E+01 1.9186E+02  0.00E+00  -4.1530E-01  1.9227E+02  3.2925E-06  3.2925E-06  0.0000E+00 -1.1857E+01  1.7763E+00
 17 3.8759E-05 3.3384E+01 1.9333E+02  0.00E+00  -3.4567E-01  1.9370E+02  3.2925E-06  3.2925E-06  0.0000E+00 -1.0097E+01  1.7066E+00
 18 4.7630E-05 3.2790E+01 1.9472E+02  0.00E+00  -2.7640E-01  1.9504E+02  3.2925E-06  3.2925E-06  0.0000E+00 -8.3549E+00  1.6459E+00
 19 5.8427E-05 3.2198E+01 1.9594E+02  0.00E+00  -2.1038E-01  1.9621E+02  3.2925E-06  3.2925E-06  0.0000E+00 -6.6883E+00  1.5817E+00
 20 7.1545E-05 3.1608E+01 1.9696E+02  0.00E+00  -1.5448E-01  1.9717E+02  3.2925E-06  3.2925E-06  0.0000E+00 -5.2620E+00  1.5124E+00
 21 8.7452E-05 3.1020E+01 1.9774E+02  0.00E+00  -1.1138E-01  1.9791E+02  3.2925E-06  3.2925E-06  0.0000E+00 -4.1423E+00  1.4388E+00
 22 1.0671E-04 3.0435E+01 1.9830E+02  0.00E+00  -8.2179E-02  1.9843E+02  3.2925E-06  3.2925E-06  0.0000E+00 -3.3621E+00  1.3674E+00
 23 1.2997E-04 2.9855E+01 1.9867E+02  0.00E+00  -6.5083E-02  1.9877E+02  3.2925E-06  3.2925E-06  0.0000E+00 -2.8867E+00  1.3069E+00
 24 1.5802E-04 2.9279E+01 1.9889E+02  0.00E+00  -5.7290E-02  1.9897E+02  3.2925E-06  3.2925E-06  0.0000E+00 -2.6405E+00  1.2500E+00
 25 1.9178E-04 2.8708E+01 1.9900E+02  0.00E+00  -5.5087E-02  1.9907E+02  3.2925E-06  3.2925E-06  0.0000E+00 -2.5350E+00  1.1979E+00
 26 2.3234E-04 2.8142E+01 1.9905E+02  0.00E+00  -5.5741E-02  1.9911E+02  3.2925E-06  3.2925E-06  0.0000E+00 -2.5048E+00  1.1518E+00
 27 2.8099E-04 2.7581E+01 1.9905E+02  0.00E+00  -5.7619E-02  1.9911E+02  3.2925E-06  3.2925E-06  0.0000E+00 -2.5111E+00  1.1125E+00
 28 3.3921E-04 2.7026E+01 1.9903E+02  0.00E+00  -5.9920E-02  1.9909E+02  3.2925E-06  3.2925E-06  0.0000E+00 -2.5350E+00  1.0806E+00
 29 4.0877E-04 2.6476E+01 1.9901E+02  0.00E+00  -6.2260E-02  1.9907E+02  3.2925E-06  3.2925E-06  0.0000E+00 -2.5674E+00  1.0562E+00
 30 4.9171E-04 2.5931E+01 1.9899E+02  0.00E+00  -6.4414E-02  1.9905E+02  3.2925E-06  3.2925E-06  0.0000E+00 -2.6028E+00  1.0393E+00
 31 5.9044E-04 2.5392E+01 1.9897E+02  0.00E+00  -6.6185E-02  1.9903E+02  3.2925E-06  3.2925E-06  0.0000E+00 -2.6354E+00  1.0289E+00
 32 7.0773E-04 2.4858E+01 1.9896E+02  0.00E+00  -6.7350E-02  1.9902E+02  3.2925E-06  3.2925E-06  0.0000E+00 -2.6583E+00  1.0235E+00
 33 8.4681E-04 2.4329E+01 1.9896E+02  0.00E+00  -6.7649E-02  1.9902E+02  3.2925E-06  3.2925E-06  0.0000E+00 -2.6632E+00  1.0212E+00
 34 1.0114E-03 2.3806E+01 1.9897E+02  0.00E+00  -6.6819E-02  1.9904E+02  3.2925E-06  3.2925E-06  0.0000E+00 -2.6423E+00  1.0204E+00
 35 1.2059E-03 2.3288E+01 1.9900E+02  0.00E+00  -6.4658E-02  1.9907E+02  3.2925E-06  3.2925E-06  0.0000E+00 -2.5992E+00  1.0298E+00
 36 1.4352E-03 2.2776E+01 1.9905E+02  0.00E+00  -6.1263E-02  1.9911E+02  3.2925E-06  3.2925E-06  0.0000E+00 -2.5173E+00  1.0303E+00
 37 1.7050E-03 2.2268E+01 1.9910E+02  0.00E+00  -5.6989E-02  1.9916E+02  3.2925E-06  3.2925E-06  0.0000E+00 -2.4039E+00  1.0207E+00
 38 2.0220E-03 2.1766E+01 1.9916E+02  0.00E+00  -5.2419E-02  1.9921E+02  3.2925E-06  3.2925E-06  0.0000E+00 -2.2761E+00  1.0037E+00
 39 2.3937E-03 2.1269E+01 1.9921E+02  0.00E+00  -4.8179E-02  1.9926E+02  3.2925E-06  3.2925E-06  0.0000E+00 -2.1557E+00  9.8628E-01
 40 2.8286E-03 2.0777E+01 1.9927E+02  0.00E+00  -4.4649E-02  1.9931E+02  3.2925E-06  3.2925E-06  0.0000E+00 -2.0591E+00  9.7537E-01
 41 3.3367E-03 2.0290E+01 1.9931E+02  0.00E+00  -4.1778E-02  1.9936E+02  3.2925E-06  3.2925E-06  0.0000E+00 -1.9878E+00  9.7374E-01
 42 3.9289E-03 1.9809E+01 1.9935E+02  0.00E+00  -3.9257E-02  1.9939E+02  3.2925E-06  3.2925E-06  0.0000E+00 -1.9312E+00  9.7830E-01
 43 4.6181E-03 1.9332E+01 1.9938E+02  0.00E+00  -3.6970E-02  1.9942E+02  3.2925E-06  3.2925E-06  0.0000E+00 -1.8799E+00  9.8253E-01
 44 5.4185E-03 1.8861E+01 1.9940E+02  0.00E+00  -3.5213E-02  1.9944E+02  3.2925E-06  3.2925E-06  0.0000E+00 -1.8355E+00  9.8076E-01
 45 6.3464E-03 1.8396E+01 1.9941E+02  0.00E+00  -3.4457E-02  1.9945E+02  3.2925E-06  3.2925E-06  0.0000E+00 -1.8069E+00  9.7058E-01
 46 7.4199E-03 1.7935E+01 1.9941E+02  0.00E+00  -3.4962E-02  1.9945E+02  3.2925E-06  3.2925E-06  0.0000E+00 -1.8004E+00  9.5181E-01
 47 8.6596E-03 1.7480E+01 1.9940E+02  0.00E+00  -3.6600E-02  1.9944E+02  3.2925E-06  3.2925E-06  0.0000E+00 -1.8122E+00  9.2379E-01
 48 1.0088E-02 1.7030E+01 1.9939E+02  0.00E+00  -3.8859E-02  1.9943E+02  3.2925E-06  3.2925E-06  0.0000E+00 -1.8273E+00  8.8405E-01
 49 1.1732E-02 1.6586E+01 1.9937E+02  0.00E+00  -4.0044E-02  1.9941E+02  3.2925E-06  3.2925E-06  0.0000E+00 -1.8008E+00  8.2886E-01
 50 1.3620E-02 1.6147E+01 1.9936E+02  0.00E+00  -4.1220E-02  1.9940E+02  3.2925E-06  3.2925E-06  0.0000E+00 -1.7600E+00  7.5944E-01
 51 1.5782E-02 1.5713E+01 1.9936E+02  0.00E+00  -4.1945E-02  1.9940E+02  3.2925E-06  3.2925E-06  0.0000E+00 -1.6995E+00  6.8134E-01
 52 1.8256E-02 1.5284E+01 1.9936E+02  0.00E+00  -4.1886E-02  1.9940E+02  3.2925E-06  3.2925E-06  0.0000E+00 -1.6210E+00  6.0432E-01
 53 2.1080E-02 1.4861E+01 1.9937E+02  0.00E+00  -4.0943E-02  1.9941E+02  3.2925E-06  3.2925E-06  0.0000E+00 -1.5320E+00  5.3824E-01
 54 2.4297E-02 1.4443E+01 1.9938E+02  0.00E+00  -3.9326E-02  1.9942E+02  3.2925E-06  3.2925E-06  0.0000E+00 -1.4432E+00  4.8870E-01
 55 2.7956E-02 1.4030E+01 1.9940E+02  0.00E+00  -3.7472E-02  1.9944E+02  3.2925E-06  3.2925E-06  0.0000E+00 -1.3646E+00  4.5503E-01
 56 3.2109E-02 1.3623E+01 1.9942E+02  0.00E+00  -3.5823E-02  1.9946E+02  3.2925E-06  3.2925E-06  0.0000E+00 -1.3009E+00  4.3133E-01
 57 3.6812E-02 1.3221E+01 1.9944E+02  0.00E+00  -3.4628E-02  1.9947E+02  3.2925E-06  3.2925E-06  0.0000E+00 -1.2503E+00  4.0983E-01
 58 4.2130E-02 1.2824E+01 1.9945E+02  0.00E+00  -3.3899E-02  1.9949E+02  3.2925E-06  3.2925E-06  0.0000E+00 -1.2073E+00  3.8451E-01
 59 4.8131E-02 1.2432E+01 1.9947E+02  0.00E+00  -3.3513E-02  1.9950E+02  3.2925E-06  3.2925E-06  0.0000E+00 -1.1662E+00  3.5278E-01
 60 5.4888E-02 1.2045E+01 1.9948E+02  0.00E+00  -3.3267E-02  1.9951E+02  3.2925E-06  3.2925E-06  0.0000E+00 -1.1228E+00  3.1531E-01
 61 6.2482E-02 1.1664E+01 1.9949E+02  0.00E+00  -3.2883E-02  1.9952E+02  3.2925E-06  3.2925E-06  0.0000E+00 -1.0732E+00  2.7500E-01
 62 7.1001E-02 1.1288E+01 1.9951E+02  0.00E+00  -3.2053E-02  1.9954E+02  3.2925E-06  3.2925E-06  0.0000E+00 -1.0138E+00  2.3578E-01
 63 8.0538E-02 1.0917E+01 1.9953E+02  0.00E+00  -3.0588E-02  1.9956E+02  3.2925E-06  3.2925E-06  0.0000E+00 -9.4370E-01  2.0124E-01
 64 9.1194E-02 1.0552E+01 1.9956E+02  0.00E+00  -2.8548E-02  1.9959E+02  3.2925E-06  3.2925E-06  0.0000E+00 -8.6656E-01  1.7363E-01
 65 1.0308E-01 1.0192E+01 1.9959E+02  0.00E+00  -2.6041E-02  1.9962E+02  3.2925E-06  3.2925E-06  0.0000E+00 -7.8463E-01  1.5255E-01
 66 1.1630E-01 9.8367E+00 1.9963E+02  0.00E+00  -2.3195E-02  1.9965E+02  3.2925E-06  3.2925E-06  0.0000E+00 -6.9868E-01  1.3567E-01
 67 1.3098E-01 9.4868E+00 1.9966E+02  0.00E+00  -2.0916E-02  1.9968E+02  3.2925E-06  3.2925E-06  0.0000E+00 -6.3173E-01  1.2406E-01
 68 1.4726E-01 9.1422E+00 1.9968E+02  0.00E+00  -1.9210E-02  1.9970E+02  3.2925E-06  3.2925E-06  0.0000E+00 -5.8198E-01  1.1571E-01
 69 1.6527E-01 8.8028E+00 1.9971E+02  0.00E+00  -1.7928E-02  1.9973E+02  3.2925E-06  3.2925E-06  0.0000E+00 -5.4454E-01  1.0939E-01
 70 1.8515E-01 8.4687E+00 1.9973E+02  0.00E+00  -1.6857E-02  1.9975E+02  3.2925E-06  3.2925E-06  0.0000E+00 -5.1362E-01  1.0446E-01
 71 2.0705E-01 8.1398E+00 1.9975E+02  0.00E+00  -1.5820E-02  1.9977E+02  3.2925E-06  3.2925E-06  0.0000E+00 -4.8461E-01  1.0062E-01
 72 2.3113E-01 7.8161E+00 1.9977E+02  0.00E+00  -1.4727E-02  1.9978E+02  3.2925E-06  3.2925E-06  0.0000E+00 -4.5505E-01  9.7599E-02
 73 2.5755E-01 7.4976E+00 1.9979E+02  0.00E+00  -1.3571E-02  1.9980E+02  3.2925E-06  3.2925E-06  0.0000E+00 -4.2450E-01  9.5103E-02
 74 2.8648E-01 7.1844E+00 1.9981E+02  0.00E+00  -1.2394E-02  1.9982E+02  3.2925E-06  3.2925E-06  0.0000E+00 -3.9367E-01  9.2828E-02
 75 3.1810E-01 6.8765E+00 1.9983E+02  0.00E+00  -1.1251E-02  1.9984E+02  3.2925E-06  3.2925E-06  0.0000E+00 -3.6363E-01  9.0535E-02
 76 3.5257E-01 6.5737E+00 1.9986E+02  0.00E+00  -1.0183E-02  1.9986E+02  3.2925E-06  3.2925E-06  0.0000E+00 -3.3527E-01  8.8102E-02
 77 3.9009E-01 6.2762E+00 1.9990E+02  0.00E+00  -9.2096E-03  1.9990E+02  3.2925E-06  3.2925E-06  0.0000E+00 -3.0907E-01  8.5528E-02
 78 4.3083E-01 5.9838E+00 1.9997E+02  0.00E+00  -8.3341E-03  1.9996E+02  3.2925E-06  3.2925E-06  0.0000E+00 -2.8519E-01  8.2903E-02
 79 4.7499E-01 5.6966E+00 2.0009E+02  0.00E+00  -7.5383E-03  2.0007E+02  3.2925E-06  3.2925E-06  0.0000E+00 -2.6335E-01  8.0374E-02
 80 5.2273E-01 5.4144E+00 2.0029E+02  0.00E+00  -6.7071E-03  2.0026E+02  3.2925E-06  3.2925E-06  0.0000E+00 -2.4089E-01  7.8088E-02
 81 5.7426E-01 5.1371E+00 2.0063E+02  0.00E+00  -5.2129E-03  2.0056E+02  3.2925E-06  3.2925E-06  0.0000E+00 -1.6785E-01  4.1323E-02
 82 6.2974E-01 4.8644E+00 2.0124E+02  1.00E+00  -2.9093E-02  2.0116E+02  3.2347E-06  3.2051E-06  0.0000E+00 -1.0100E+01  1.4505E+00
 83 6.8935E-01 4.5960E+00 2.0216E+02  1.00E+00  -2.9093E-02  2.0219E+02  3.3364E-06  3.3510E-06  0.0000E+00  9.2185E-02  2.2811E-01
 84 7.5327E-01 4.3302E+00 2.0542E+02  1.00E+00  -2.9093E-02  2.0545E+02  4.9425E-06  4.9635E-06  0.0000E+00 -8.3350E-02  1.0232E-01
 85 8.2165E-01 4.0642E+00 2.1079E+02  1.00E+00  -2.9093E-02  2.1082E+02  9.6986E-06  9.7376E-06  0.0000E+00 -3.0847E-01  1.2378E-01
 86 8.9464E-01 3.7970E+00 2.1617E+02  1.00E+00  -2.9093E-02  2.1620E+02  1.8367E-05  1.8437E-05  0.0000E+00 -4.7436E-01  1.5318E-01
 87 9.7238E-01 3.5287E+00 2.2154E+02  1.00E+00  -2.9093E-02  2.2157E+02  3.3597E-05  3.3719E-05  0.0000E+00 -6.0938E-01  1.9391E-01
 88 1.0550E+00 3.2598E+00 2.2688E+02  1.00E+00  -2.9093E-02  2.2691E+02  5.9384E-05  5.9590E-05  0.0000E+00 -6.9179E-01  2.0064E-01
 89 1.1426E+00 2.9906E+00 2.3216E+02  1.00E+00  -2.9093E-02  2.3219E+02  1.0142E-04  1.0176E-04  0.0000E+00 -7.3971E-01  2.3236E-01
 90 1.2353E+00 2.7213E+00 2.3736E+02  1.00E+00  -2.9093E-02  2.3739E+02  1.6729E-04  1.6783E-04  0.0000E+00 -7.5045E-01  2.6667E-01
 91 1.3331E+00 2.4525E+00 2.4244E+02  1.00E+00  -2.9093E-02  2.4246E+02  2.6635E-04  2.6716E-04  0.0000E+00 -7.4988E-01  2.9241E-01
 92 1.4361E+00 2.1845E+00 2.4736E+02  1.00E+00  -2.9093E-02  2.4739E+02  4.0903E-04  4.1023E-04  0.0000E+00 -7.5487E-01  2.8722E-01
 93 1.5444E+00 1.9177E+00 2.5209E+02  1.00E+00  -2.9093E-02  2.5212E+02  6.0572E-04  6.0742E-04  0.0000E+00 -7.4815E-01  2.9029E-01
 94 1.6578E+00 1.6527E+00 2.5660E+02  1.00E+00  -2.9093E-02  2.5663E+02  8.6526E-04  8.6761E-04  0.0000E+00 -7.2117E-01  2.9201E-01
 95 1.7764E+00 1.3898E+00 2.6087E+02  1.00E+00  -2.9093E-02  2.6090E+02  1.1937E-03  1.1968E-03  0.0000E+00 -6.6576E-01  2.9513E-01
 96 1.9001E+00 1.1296E+00 2.6488E+02  1.00E+00  -2.9093E-02  2.6491E+02  1.5934E-03  1.5975E-03  0.0000E+00 -5.8780E-01  2.8017E-01
 97 2.0288E+00 8.7244E-01 2.6879E+02  1.00E+00  -2.9093E-02  2.6882E+02  2.0902E-03  2.0954E-03  0.0000E+00 -5.2220E-01  2.7576E-01
 98 2.1624E+00 6.1862E-01 2.7260E+02  1.00E+00  -2.9093E-02  2.7263E+02  2.6970E-03  2.7035E-03  0.0000E+00 -4.4720E-01  2.5999E-01
 99 2.3006E+00 3.6847E-01 2.7618E+02  1.00E+00  -2.9093E-02  2.7621E+02  3.3459E-03  3.3525E-03  0.0000E+00 -3.4044E-01  2.4401E-01
100 2.4434E+00 1.2236E-01 2.7961E+02  1.00E+00  -2.9093E-02  2.7964E+02  3.9946E-03  4.0031E-03  0.0000E+00 -6.3412E-01  2.3925E-01
101 2.5169E+00 0.0000E+00 2.8126E+02  1.00E+00  -2.9093E-02  2.8129E+02  4.3446E-03  4.3528E-03  0.0000E+00  0.0000E+00  0.0000E+00
  J     P         ALT         T        CONVEC       DT          TOLD        FH20       FSAVE        FO3        TCOOL       THEAT

 FCO2
  3.60E-04 3.60E-04 3.60E-04 3.60E-04 3.60E-04 3.60E-04 3.60E-04 3.60E-04 3.60E-04 3.60E-04
  3.60E-04 3.60E-04 3.60E-04 3.60E-04 3.60E-04 3.60E-04 3.60E-04 3.60E-04 3.60E-04 3.60E-04
  3.60E-04 3.60E-04 3.60E-04 3.60E-04 3.60E-04 3.60E-04 3.60E-04 3.60E-04 3.60E-04 3.60E-04
  3.60E-04 3.60E-04 3.60E-04 3.60E-04 3.60E-04 3.60E-04 3.60E-04 3.60E-04 3.60E-04 3.60E-04
  3.60E-04 3.60E-04 3.60E-04 3.60E-04 3.60E-04 3.60E-04 3.60E-04 3.60E-04 3.60E-04 3.60E-04
  3.60E-04 3.60E-04 3.60E-04 3.60E-04 3.60E-04 3.60E-04 3.60E-04 3.60E-04 3.60E-04 3.60E-04
  3.60E-04 3.60E-04 3.60E-04 3.60E-04 3.60E-04 3.60E-04 3.60E-04 3.60E-04 3.60E-04 3.60E-04
  3.60E-04 3.60E-04 3.60E-04 3.60E-04 3.60E-04 3.60E-04 3.60E-04 3.60E-04 3.60E-04 3.60E-04
  3.60E-04 3.60E-04 3.60E-04 3.60E-04 3.60E-04 3.60E-04 3.60E-04 3.60E-04 3.60E-04 3.60E-04
  3.60E-04 3.60E-04 3.60E-04 3.60E-04 3.60E-04 3.60E-04 3.60E-04 3.60E-04 3.60E-04 3.60E-04
  3.60E-04

  J    PF         ALT       FTOTAL       FTIR       FDNIR       FUPIR       FTSOL       FDNSOL       FUPSOL       DIVF
  1 1.0000E-06 4.3667E+01 -1.6907E+02 -1.6347E+05  0.0000E+00  1.6347E+05  1.6330E+05  3.4178E+05  1.7848E+05 -1.0343E-03
  2 1.2655E-06 4.2929E+01 -1.6444E+02 -1.6346E+05  2.1025E+00  1.6346E+05  1.6330E+05  3.4178E+05  1.7848E+05 -1.0060E-03
  3 1.5986E-06 4.2197E+01 -1.6318E+02 -1.6346E+05  7.1759E+00  1.6346E+05  1.6329E+05  3.4177E+05  1.7848E+05 -9.9827E-04
  4 2.0159E-06 4.1481E+01 -1.6395E+02 -1.6345E+05  7.9762E+00  1.6346E+05  1.6329E+05  3.4177E+05  1.7848E+05 -1.0030E-03
  5 2.5375E-06 4.0785E+01 -1.6248E+02 -1.6345E+05  1.1691E+01  1.6346E+05  1.6329E+05  3.4177E+05  1.7848E+05 -9.9399E-04
  6 3.1884E-06 4.0110E+01 -1.6349E+02 -1.6345E+05  1.4265E+01  1.6346E+05  1.6328E+05  3.4176E+05  1.7848E+05 -1.0002E-03
  7 3.9991E-06 3.9455E+01 -1.6233E+02 -1.6344E+05  1.6727E+01  1.6346E+05  1.6328E+05  3.4176E+05  1.7848E+05 -9.9306E-04
  8 5.0071E-06 3.8816E+01 -1.6102E+02 -1.6344E+05  1.9860E+01  1.6346E+05  1.6328E+05  3.4176E+05  1.7848E+05 -9.8510E-04
  9 6.2580E-06 3.8191E+01 -1.6004E+02 -1.6344E+05  2.3442E+01  1.6346E+05  1.6328E+05  3.4176E+05  1.7848E+05 -9.7907E-04
 10 7.8076E-06 3.7575E+01 -1.5864E+02 -1.6343E+05  2.7039E+01  1.6346E+05  1.6327E+05  3.4175E+05  1.7848E+05 -9.7052E-04
 11 9.7234E-06 3.6968E+01 -1.5674E+02 -1.6343E+05  3.0750E+01  1.6346E+05  1.6327E+05  3.4175E+05  1.7848E+05 -9.5888E-04
 12 1.2088E-05 3.6365E+01 -1.5452E+02 -1.6343E+05  3.4912E+01  1.6346E+05  1.6327E+05  3.4175E+05  1.7848E+05 -9.4529E-04
 13 1.5001E-05 3.5766E+01 -1.5195E+02 -1.6342E+05  3.9442E+01  1.6346E+05  1.6327E+05  3.4175E+05  1.7848E+05 -9.2958E-04
 14 1.8582E-05 3.5169E+01 -1.4894E+02 -1.6342E+05  4.4462E+01  1.6346E+05  1.6327E+05  3.4175E+05  1.7848E+05 -9.1116E-04
 15 2.2978E-05 3.4574E+01 -1.4553E+02 -1.6342E+05  5.0010E+01  1.6347E+05  1.6327E+05  3.4175E+05  1.7848E+05 -8.9025E-04
 16 2.8363E-05 3.3979E+01 -1.4182E+02 -1.6341E+05  5.5962E+01  1.6347E+05  1.6327E+05  3.4175E+05  1.7848E+05 -8.6759E-04
 17 3.4948E-05 3.3384E+01 -1.3786E+02 -1.6341E+05  6.2269E+01  1.6347E+05  1.6327E+05  3.4175E+05  1.7848E+05 -8.4336E-04
 18 4.2985E-05 3.2790E+01 -1.3384E+02 -1.6340E+05  6.8688E+01  1.6347E+05  1.6327E+05  3.4175E+05  1.7848E+05 -8.1874E-04
 19 5.2776E-05 3.2198E+01 -1.2992E+02 -1.6340E+05  7.4995E+01  1.6347E+05  1.6327E+05  3.4175E+05  1.7848E+05 -7.9477E-04
 20 6.4683E-05 3.1608E+01 -1.2630E+02 -1.6339E+05  8.0967E+01  1.6347E+05  1.6327E+05  3.4175E+05  1.7848E+05 -7.7258E-04
 21 7.9135E-05 3.1020E+01 -1.2306E+02 -1.6339E+05  8.6463E+01  1.6347E+05  1.6326E+05  3.4174E+05  1.7848E+05 -7.5281E-04
 22 9.6643E-05 3.0435E+01 -1.2024E+02 -1.6338E+05  9.1487E+01  1.6347E+05  1.6326E+05  3.4174E+05  1.7848E+05 -7.3554E-04
 23 1.1782E-04 2.9855E+01 -1.1772E+02 -1.6338E+05  9.6201E+01  1.6348E+05  1.6326E+05  3.4174E+05  1.7848E+05 -7.2013E-04
 24 1.4337E-04 2.9279E+01 -1.1532E+02 -1.6337E+05  1.0088E+02  1.6348E+05  1.6326E+05  3.4174E+05  1.7848E+05 -7.0541E-04
 25 1.7416E-04 2.8708E+01 -1.1277E+02 -1.6337E+05  1.0587E+02  1.6348E+05  1.6326E+05  3.4174E+05  1.7848E+05 -6.8980E-04
 26 2.1118E-04 2.8142E+01 -1.0982E+02 -1.6336E+05  1.1152E+02  1.6348E+05  1.6325E+05  3.4173E+05  1.7848E+05 -6.7175E-04
 27 2.5562E-04 2.7581E+01 -1.0623E+02 -1.6336E+05  1.1816E+02  1.6348E+05  1.6325E+05  3.4173E+05  1.7848E+05 -6.4984E-04
 28 3.0887E-04 2.7026E+01 -1.0180E+02 -1.6335E+05  1.2611E+02  1.6348E+05  1.6325E+05  3.4172E+05  1.7848E+05 -6.2270E-04
 29 3.7253E-04 2.6476E+01 -9.6281E+01 -1.6334E+05  1.3570E+02  1.6348E+05  1.6324E+05  3.4172E+05  1.7848E+05 -5.8896E-04
 30 4.4853E-04 2.5931E+01 -8.9443E+01 -1.6333E+05  1.4732E+02  1.6348E+05  1.6324E+05  3.4171E+05  1.7848E+05 -5.4713E-04
 31 5.3906E-04 2.5392E+01 -8.1014E+01 -1.6331E+05  1.6138E+02  1.6348E+05  1.6323E+05  3.4171E+05  1.7847E+05 -4.9557E-04
 32 6.4672E-04 2.4858E+01 -7.0719E+01 -1.6330E+05  1.7834E+02  1.6348E+05  1.6323E+05  3.4170E+05  1.7847E+05 -4.3259E-04
 33 7.7450E-04 2.4329E+01 -5.8285E+01 -1.6328E+05  1.9868E+02  1.6348E+05  1.6322E+05  3.4169E+05  1.7847E+05 -3.5654E-04
 34 9.2587E-04 2.3806E+01 -4.3493E+01 -1.6325E+05  2.2285E+02  1.6348E+05  1.6321E+05  3.4168E+05  1.7847E+05 -2.6605E-04
 35 1.1049E-03 2.3288E+01 -2.6219E+01 -1.6323E+05  2.5124E+02  1.6348E+05  1.6320E+05  3.4167E+05  1.7847E+05 -1.6039E-04
 36 1.3161E-03 2.2776E+01 -6.4947E+00 -1.6319E+05  2.8422E+02  1.6348E+05  1.6319E+05  3.4165E+05  1.7847E+05 -3.9729E-05
 37 1.5650E-03 2.2268E+01  1.5518E+01 -1.6316E+05  3.2184E+02  1.6348E+05  1.6317E+05  3.4163E+05  1.7846E+05  9.4922E-05
 38 1.8576E-03 2.1766E+01  3.9590E+01 -1.6311E+05  3.6407E+02  1.6348E+05  1.6315E+05  3.4161E+05  1.7846E+05  2.4217E-04
 39 2.2010E-03 2.1269E+01  6.5572E+01 -1.6307E+05  4.1095E+02  1.6348E+05  1.6313E+05  3.4159E+05  1.7846E+05  4.0110E-04
 40 2.6032E-03 2.0777E+01  9.3539E+01 -1.6302E+05  4.6290E+02  1.6348E+05  1.6311E+05  3.4156E+05  1.7845E+05  5.7218E-04
 41 3.0735E-03 2.0290E+01  1.2384E+02 -1.6296E+05  5.2085E+02  1.6348E+05  1.6308E+05  3.4153E+05  1.7845E+05  7.5751E-04
 42 3.6223E-03 1.9809E+01  1.5691E+02 -1.6289E+05  5.8602E+02  1.6348E+05  1.6305E+05  3.4149E+05  1.7844E+05  9.5985E-04
 43 4.2615E-03 1.9332E+01  1.9311E+02 -1.6282E+05  6.5966E+02  1.6348E+05  1.6301E+05  3.4145E+05  1.7844E+05  1.1813E-03
 44 5.0046E-03 1.8861E+01  2.3273E+02 -1.6274E+05  7.4288E+02  1.6348E+05  1.6297E+05  3.4140E+05  1.7843E+05  1.4236E-03
 45 5.8668E-03 1.8396E+01  2.7651E+02 -1.6264E+05  8.3704E+02  1.6348E+05  1.6292E+05  3.4134E+05  1.7842E+05  1.6914E-03
 46 6.8653E-03 1.7935E+01  3.2612E+02 -1.6254E+05  9.4429E+02  1.6348E+05  1.6286E+05  3.4127E+05  1.7841E+05  1.9949E-03
 47 8.0194E-03 1.7480E+01  3.8430E+02 -1.6241E+05  1.0678E+03  1.6348E+05  1.6280E+05  3.4119E+05  1.7840E+05  2.3507E-03
 48 9.3510E-03 1.7030E+01  4.5454E+02 -1.6227E+05  1.2112E+03  1.6348E+05  1.6272E+05  3.4111E+05  1.7838E+05  2.7804E-03
 49 1.0884E-02 1.6586E+01  5.4042E+02 -1.6210E+05  1.3778E+03  1.6348E+05  1.6264E+05  3.4101E+05  1.7837E+05  3.3057E-03
 50 1.2646E-02 1.6147E+01  6.4210E+02 -1.6191E+05  1.5667E+03  1.6348E+05  1.6256E+05  3.4090E+05  1.7835E+05  3.9277E-03
 51 1.4668E-02 1.5713E+01  7.6215E+02 -1.6170E+05  1.7787E+03  1.6348E+05  1.6247E+05  3.4079E+05  1.7833E+05  4.6620E-03
 52 1.6982E-02 1.5284E+01  9.0199E+02 -1.6147E+05  2.0133E+03  1.6348E+05  1.6237E+05  3.4067E+05  1.7830E+05  5.5173E-03
 53 1.9626E-02 1.4861E+01  1.0615E+03 -1.6122E+05  2.2693E+03  1.6348E+05  1.6228E+05  3.4055E+05  1.7828E+05  6.4932E-03
 54 2.2642E-02 1.4443E+01  1.2394E+03 -1.6094E+05  2.5454E+03  1.6349E+05  1.6218E+05  3.4043E+05  1.7825E+05  7.5808E-03
 55 2.6074E-02 1.4030E+01  1.4338E+03 -1.6065E+05  2.8417E+03  1.6349E+05  1.6208E+05  3.4029E+05  1.7821E+05  8.7698E-03
 56 2.9974E-02 1.3623E+01  1.6442E+03 -1.6033E+05  3.1601E+03  1.6349E+05  1.6198E+05  3.4015E+05  1.7817E+05  1.0057E-02
 57 3.4396E-02 1.3221E+01  1.8722E+03 -1.5999E+05  3.5044E+03  1.6349E+05  1.6186E+05  3.3999E+05  1.7813E+05  1.1451E-02
 58 3.9399E-02 1.2824E+01  2.1216E+03 -1.5962E+05  3.8791E+03  1.6350E+05  1.6174E+05  3.3982E+05  1.7808E+05  1.2977E-02
 59 4.5051E-02 1.2432E+01  2.3974E+03 -1.5921E+05  4.2881E+03  1.6350E+05  1.6161E+05  3.3963E+05  1.7802E+05  1.4663E-02
 60 5.1421E-02 1.2045E+01  2.7047E+03 -1.5877E+05  4.7339E+03  1.6351E+05  1.6148E+05  3.3944E+05  1.7796E+05  1.6541E-02
 61 5.8588E-02 1.1664E+01  3.0478E+03 -1.5830E+05  5.2175E+03  1.6351E+05  1.6134E+05  3.3923E+05  1.7789E+05  1.8639E-02
 62 6.6635E-02 1.1288E+01  3.4285E+03 -1.5779E+05  5.7376E+03  1.6352E+05  1.6121E+05  3.3902E+05  1.7781E+05  2.0967E-02
 63 7.5653E-02 1.0917E+01  3.8443E+03 -1.5724E+05  6.2896E+03  1.6353E+05  1.6109E+05  3.3881E+05  1.7772E+05  2.3508E-02
 64 8.5738E-02 1.0552E+01  4.2881E+03 -1.5668E+05  6.8659E+03  1.6354E+05  1.6097E+05  3.3859E+05  1.7763E+05  2.6220E-02
 65 9.6996E-02 1.0192E+01  4.7504E+03 -1.5610E+05  7.4586E+03  1.6356E+05  1.6085E+05  3.3837E+05  1.7752E+05  2.9044E-02
 66 1.0954E-01 9.8367E+00  5.2200E+03 -1.5552E+05  8.0588E+03  1.6358E+05  1.6074E+05  3.3814E+05  1.7740E+05  3.1912E-02
 67 1.2348E-01 9.4868E+00  5.6851E+03 -1.5494E+05  8.6557E+03  1.6360E+05  1.6063E+05  3.3790E+05  1.7728E+05  3.4750E-02
 68 1.3895E-01 9.1422E+00  6.1503E+03 -1.5436E+05  9.2573E+03  1.6362E+05  1.6051E+05  3.3765E+05  1.7714E+05  3.7589E-02
 69 1.5607E-01 8.8028E+00  6.6233E+03 -1.5377E+05  9.8741E+03  1.6365E+05  1.6039E+05  3.3738E+05  1.7698E+05  4.0474E-02
 70 1.7500E-01 8.4687E+00  7.1112E+03 -1.5316E+05  1.0516E+04  1.6368E+05  1.6027E+05  3.3709E+05  1.7682E+05  4.3446E-02
 71 1.9588E-01 8.1398E+00  7.6170E+03 -1.5253E+05  1.1187E+04  1.6371E+05  1.6014E+05  3.3678E+05  1.7664E+05  4.6526E-02
 72 2.1885E-01 7.8161E+00  8.1394E+03 -1.5187E+05  1.1890E+04  1.6376E+05  1.6001E+05  3.3645E+05  1.7644E+05  4.9704E-02
 73 2.4409E-01 7.4976E+00  8.6735E+03 -1.5119E+05  1.2623E+04  1.6381E+05  1.5986E+05  3.3609E+05  1.7623E+05  5.2949E-02
 74 2.7175E-01 7.1844E+00  9.2129E+03 -1.5049E+05  1.3381E+04  1.6387E+05  1.5970E+05  3.3571E+05  1.7600E+05  5.6220E-02
 75 3.0201E-01 6.8765E+00  9.7518E+03 -1.4979E+05  1.4163E+04  1.6395E+05  1.5954E+05  3.3530E+05  1.7576E+05  5.9480E-02
 76 3.3504E-01 6.5737E+00  1.0286E+04 -1.4908E+05  1.4968E+04  1.6404E+05  1.5936E+05  3.3486E+05  1.7550E+05  6.2701E-02
 77 3.7102E-01 6.2762E+00  1.0812E+04 -1.4836E+05  1.5799E+04  1.6416E+05  1.5917E+05  3.3439E+05  1.7522E+05  6.5863E-02
 78 4.1014E-01 5.9838E+00  1.1330E+04 -1.4765E+05  1.6661E+04  1.6431E+05  1.5898E+05  3.3390E+05  1.7492E+05  6.8954E-02
 79 4.5257E-01 5.6966E+00  1.1838E+04 -1.4693E+05  1.7566E+04  1.6450E+05  1.5877E+05  3.3337E+05  1.7461E+05  7.1963E-02
 80 4.9851E-01 5.4144E+00  1.2335E+04 -1.4621E+05  1.8524E+04  1.6474E+05  1.5855E+05  3.3282E+05  1.7427E+05  7.4876E-02
 81 5.4813E-01 5.1371E+00  1.2813E+04 -1.4551E+05  1.9550E+04  1.6506E+05  1.5832E+05  3.3224E+05  1.7392E+05  7.7627E-02
 82 6.0163E-01 4.8644E+00  1.3213E+04 -1.4498E+05  2.0532E+04  1.6551E+05  1.5819E+05  3.3175E+05  1.7356E+05  7.9836E-02
 83 6.5916E-01 4.5960E+00  4.2657E+04 -1.1059E+05  5.7956E+04  1.6855E+05  1.5325E+05  3.2035E+05  1.6710E+05  2.5308E-01
 84 7.2092E-01 4.3302E+00  4.1487E+04 -1.1093E+05  6.1759E+04  1.7269E+05  1.5242E+05  3.1678E+05  1.6437E+05  2.4024E-01
 85 7.8707E-01 4.0642E+00  4.1412E+04 -1.1060E+05  6.8645E+04  1.7925E+05  1.5202E+05  3.1189E+05  1.5987E+05  2.3103E-01
 86 8.5775E-01 3.7970E+00  4.2185E+04 -1.0931E+05  7.7176E+04  1.8649E+05  1.5150E+05  3.0578E+05  1.5428E+05  2.2621E-01
 87 9.3312E-01 3.5287E+00  4.3619E+04 -1.0720E+05  8.7257E+04  1.9445E+05  1.5082E+05  2.9859E+05  1.4777E+05  2.2432E-01
 88 1.0133E+00 3.2598E+00  4.5593E+04 -1.0430E+05  9.8882E+04  2.0318E+05  1.4989E+05  2.9030E+05  1.4040E+05  2.2439E-01
 89 1.0984E+00 2.9906E+00  4.8071E+04 -1.0081E+05  1.1187E+05  2.1268E+05  1.4888E+05  2.8094E+05  1.3206E+05  2.2603E-01
 90 1.1886E+00 2.7213E+00  5.0784E+04 -9.6856E+04  1.2606E+05  2.2292E+05  1.4764E+05  2.7039E+05  1.2275E+05  2.2782E-01
 91 1.2838E+00 2.4525E+00  5.3518E+04 -9.2614E+04  1.4123E+05  2.3384E+05  1.4613E+05  2.5864E+05  1.1251E+05  2.2887E-01
 92 1.3843E+00 2.1845E+00  5.6246E+04 -8.8143E+04  1.5722E+05  2.4537E+05  1.4439E+05  2.4587E+05  1.0148E+05  2.2923E-01
 93 1.4899E+00 1.9177E+00  5.9179E+04 -8.3408E+04  1.7397E+05  2.5738E+05  1.4259E+05  2.3212E+05  8.9533E+04  2.2993E-01
 94 1.6008E+00 1.6527E+00  6.2194E+04 -7.8481E+04  1.9126E+05  2.6974E+05  1.4068E+05  2.1729E+05  7.6617E+04  2.3057E-01
 95 1.7168E+00 1.3898E+00  6.5154E+04 -7.3508E+04  2.0878E+05  2.8228E+05  1.3866E+05  2.0151E+05  6.2851E+04  2.3081E-01
 96 1.8380E+00 1.1296E+00  6.7824E+04 -6.8711E+04  2.2620E+05  2.9491E+05  1.3654E+05  1.8511E+05  4.8570E+04  2.2998E-01
 97 1.9643E+00 8.7244E-01  7.0134E+04 -6.4298E+04  2.4366E+05  3.0796E+05  1.3443E+05  1.6841E+05  3.3980E+04  2.2774E-01
 98 2.0954E+00 6.1862E-01  7.2057E+04 -6.0223E+04  2.6113E+05  3.2136E+05  1.3228E+05  1.5348E+05  2.1202E+04  2.2423E-01
 99 2.2314E+00 3.6847E-01  7.3572E+04 -5.6604E+04  2.7833E+05  3.3494E+05  1.3018E+05  1.4236E+05  1.2187E+04  2.1966E-01
100 2.3720E+00 1.2236E-01  7.4379E+04 -5.3755E+04  2.9521E+05  3.4896E+05  1.2813E+05  1.3686E+05  8.7308E+03  2.1314E-01
101 2.5169E+00 0.0000E+00  7.7788E+04 -4.8281E+04  3.0482E+05  3.5310E+05  1.2607E+05  1.3412E+05  8.0469E+03  2.2030E-01
 
