 
     0.0000000     0.0000000     0.0000000     0.0000000     0.0000000     0.0000000     0.0000000     0.0000000     0.0000000     0.0000000     0.0000000     0.0000000     0.0000000     0.0000000     0.0000000     0.0000000     0.0000000     0.0000000     0.0000000     0.0000000     0.0000000     0.0000000     0.0000000     0.0000000     0.0000000     0.0000000     0.0000000     0.0000000     0.0000000     0.0000000     0.0000000     0.0000000     0.0000000     0.0000000     0.0000000     0.0000000     0.0000000     0.0000000
     0.0000000     0.0000000     0.0000000     0.0000000     0.0000000     0.0000000     0.0000000     0.0000000     0.0000000     0.0000000     0.0000000     0.0000000     0.0000000     0.0000000     0.0000000     0.0000000     0.0000000     0.0000000     0.0000000     0.0000000     0.0000000     0.0000000     0.0000000     0.0000000     0.0000000     0.0000000     0.0000000     0.0000000     0.0000000     0.0000000     0.0000000     0.0000000     0.0000000     0.0000000     0.0000000     0.0000000     0.0000000     0.0000000
     0.0000000     0.0000000     0.0000000     0.0000000     0.0000000     0.0000000     0.0000000     0.0000000     0.0000000     0.0000000     0.0000000     0.0000000     0.0000000     0.0000000     0.0000000     0.0000000     0.0000000     0.0000000     0.0000000     0.0000000     0.0000000     0.0000000     0.0000000     0.0000000     0.0000000     0.0000000     0.0000000     0.0000000     0.0000000     0.0000000     0.0000000     0.0000000     0.0000000     0.0000000     0.0000000     0.0000000     0.0000000     0.0000000
     0.0000000     0.0000000     0.0000000     0.0000000     0.0000000     0.0000000     0.0000000     0.0000000     0.0000000     0.0000000     0.0000000     0.0000000     0.0000000     0.0000000     0.0000000     0.0000000     0.0000000     0.0000000     0.0000000     0.0000000     0.0000000     0.0000000     0.0000000     0.0000000     0.0000000     0.0000000     0.0000000     0.0000000     0.0000000     0.0000000     0.0000000     0.0000000     0.0000000     0.0000000     0.0000000     0.0000000     0.0000000     0.0000000
     0.0000000     0.0000000     0.0000000     0.0000000     0.0000000     0.0000000     0.0000000     0.0000000     0.0000000     0.0000000     0.0000000     0.0000000     0.0000000     0.0000000     0.0000000     0.0000000     0.0000000     0.0000000     0.0000000     0.0000000     0.0000000     0.0000000     0.0000000     0.0000000     0.0000000     0.0000000     0.0000000     0.0000000     0.0000000     0.0000000     0.0000000     0.0000000     0.0000000     0.0000000     0.0000000     0.0000000     0.0000000     0.0000000
     0.0000000     0.0000000     0.0000000     0.0000000     0.0000000     0.0000000     0.0000000     0.0000000     0.0000000     0.0000000     0.0000000     0.0000000     0.0000000     0.0000000     0.0000000     0.0000000     0.0000000     0.0000000     0.0000000     0.0000000     0.0000000     0.0000000     0.0000000     0.0000000     0.0000000     0.0000000     0.0000000     0.0000000     0.0000000     0.0000000     0.0000000     0.0000000     0.0000000     0.0000000     0.0000000     0.0000000     0.0000000     0.0000000
     0.0000000     0.0000000     0.0000000     0.0000000     0.0000000     0.0000000     0.0000000     0.0000000     0.0000000     0.0000000     0.0000000     0.0000000     0.0000000     0.0000000     0.0000000     0.0000000     0.0000000     0.0000000     0.0000000     0.0000000     0.0000000     0.0000000     0.0000000     0.0000000     0.0000000     0.0000000     0.0000000     0.0000000     0.0000000     0.0000000     0.0000000     0.0000000     0.0000000     0.0000000     0.0000000     0.0000000     0.0000000     0.0000000
     0.0000000     0.0000000     0.0000000     0.0000000     0.0000000     0.0000000     0.0000000     0.0000000     0.0000000     0.0000000     0.0000000     0.0000000     0.0000000     0.0000000     0.0000000     0.0000000     0.0000000     0.0000000     0.0000000     0.0000000     0.0000000     0.0000000     0.0000000     0.0000000     0.0000000     0.0000000     0.0000000     0.0000000     0.0000000     0.0000000     0.0000000     0.0000000     0.0000000     0.0000000     0.0000000     0.0000000     0.0000000     0.0000000
     0.0000000     0.0000000     0.0000000     0.0000000     0.0000000     0.0000000     0.0000000     0.0000000     0.0000000     0.0000000     0.0000000     0.0000000     0.0000000     0.0000000     0.0000000     0.0000000     0.0000000     0.0000000     0.0000000     0.0000000     0.0000000     0.0000000     0.0000000     0.0000000     0.0000000     0.0000000     0.0000000     0.0000000     0.0000000     0.0000000     0.0000000     0.0000000     0.0000000     0.0000000     0.0000000     0.0000000     0.0000000     0.0000000
     0.0000000     0.0000000     0.0000000     0.0000000     0.0000000     0.0000000     0.0000000     0.0000000     0.0000000     0.0000000     0.0000000     0.0000000     0.0000000     0.0000000     0.0000000     0.0000000     0.0000000     0.0000000     0.0000000     0.0000000     0.0000000     0.0000000     0.0000000     0.0000000     0.0000000     0.0000000     0.0000000     0.0000000     0.0000000     0.0000000     0.0000000     0.0000000     0.0000000     0.0000000     0.0000000     0.0000000     0.0000000     0.0000000
     0.0000000     0.0000000     0.0000000     0.0000000     0.0000000     0.0000000     0.0000000     0.0000000     0.0000000     0.0000000     0.0000000     0.0000000     0.0000000     0.0000000     0.0000000     0.0000000     0.0000000     0.0000000     0.0000000     0.0000000     0.0000000     0.0000000     0.0000000     0.0000000     0.0000000     0.0000000     0.0000000     0.0000000     0.0000000     0.0000000     0.0000000     0.0000000     0.0000000     0.0000000     0.0000000     0.0000000     0.0000000     0.0000000
     0.0000000     0.0000000     0.0000000     0.0000000     0.0000000     0.0000000     0.0000000     0.0000000     0.0000000     0.0000000     0.0000000     0.0000000     0.0000000     0.0000000     0.0000000     0.0000000     0.0000000     0.0000000     0.0000000     0.0000000     0.0000000     0.0000000     0.0000000     0.0000000     0.0000000     0.0000000     0.0000000     0.0000000     0.0000000     0.0000000     0.0000000     0.0000000     0.0000000     0.0000000     0.0000000     0.0000000     0.0000000     0.0000000
     0.0000000     0.0000000     0.0000000     0.0000000     0.0000000     0.0000000     0.0000000     0.0000000     0.0000000     0.0000000     0.0000000     0.0000000     0.0000000     0.0000000     0.0000000     0.0000000     0.0000000     0.0000000     0.0000000     0.0000000     0.0000000     0.0000000     0.0000000     0.0000000     0.0000000     0.0000000     0.0000000     0.0000000     0.0000000     0.0000000     0.0000000     0.0000000     0.0000000     0.0000000     0.0000000     0.0000000     0.0000000     0.0000000
     0.0000000     0.0000000     0.0000000     0.0000000     0.0000000     0.0000000     0.0000000     0.0000000     0.0000000     0.0000000     0.0000000     0.0000000     0.0000000     0.0000000     0.0000000     0.0000000     0.0000000     0.0000000     0.0000000     0.0000000     0.0000000     0.0000000     0.0000000     0.0000000     0.0000000     0.0000000     0.0000000     0.0000000     0.0000000     0.0000000     0.0000000     0.0000000     0.0000000     0.0000000     0.0000000     0.0000000     0.0000000     0.0000000
     0.0000000     0.0000000     0.0000000     0.0000000     0.0000000     0.0000000     0.0000000     0.0000000     0.0000000     0.0000000     0.0000000     0.0000000     0.0000000     0.0000000     0.0000000     0.0000000     0.0000000     0.0000000     0.0000000     0.0000000     0.0000000     0.0000000     0.0000000     0.0000000     0.0000000     0.0000000     0.0000000     0.0000000     0.0000000     0.0000000     0.0000000     0.0000000     0.0000000     0.0000000     0.0000000     0.0000000     0.0000000     0.0000000
     0.0000000     0.0000000     0.0000000     0.0000000     0.0000000     0.0000000     0.0000000     0.0000000     0.0000000     0.0000000     0.0000000     0.0000000     0.0000000     0.0000000     0.0000000     0.0000000     0.0000000     0.0000000     0.0000000     0.0000000     0.0000000     0.0000000     0.0000000     0.0000000     0.0000000     0.0000000     0.0000000     0.0000000     0.0000000     0.0000000     0.0000000     0.0000000     0.0000000     0.0000000     0.0000000     0.0000000     0.0000000     0.0000000
     0.0000000     0.0000000     0.0000000     0.0000000     0.0000000     0.0000000     0.0000000     0.0000000     0.0000000     0.0000000     0.0000000     0.0000000     0.0000000     0.0000000     0.0000000     0.0000000     0.0000000     0.0000000     0.0000000     0.0000000     0.0000000     0.0000000     0.0000000     0.0000000     0.0000000     0.0000000     0.0000000     0.0000000     0.0000000     0.0000000     0.0000000     0.0000000     0.0000000     0.0000000     0.0000000     0.0000000     0.0000000     0.0000000
     0.0000000     0.0000000     0.0000000     0.0000000     0.0000000     0.0000000     0.0000000     0.0000000     0.0000000     0.0000000     0.0000000     0.0000000     0.0000000     0.0000000     0.0000000     0.0000000     0.0000000     0.0000000     0.0000000     0.0000000     0.0000000     0.0000000     0.0000000     0.0000000     0.0000000     0.0000000     0.0000000     0.0000000     0.0000000     0.0000000     0.0000000     0.0000000     0.0000000     0.0000000     0.0000000     0.0000000     0.0000000     0.0000000
     0.0000000     0.0000000     0.0000000     0.0000000     0.0000000     0.0000000     0.0000000     0.0000000     0.0000000     0.0000000     0.0000000     0.0000000     0.0000000     0.0000000     0.0000000     0.0000000     0.0000000     0.0000000     0.0000000     0.0000000     0.0000000     0.0000000     0.0000000     0.0000000     0.0000000     0.0000000     0.0000000     0.0000000     0.0000000     0.0000000     0.0000000     0.0000000     0.0000000     0.0000000     0.0000000     0.0000000     0.0000000     0.0000000
     0.0000000     0.0000000     0.0000000     0.0000000     0.0000000     0.0000000     0.0000000     0.0000000     0.0000000     0.0000000     0.0000000     0.0000000     0.0000000     0.0000000     0.0000000     0.0000000     0.0000000     0.0000000     0.0000000     0.0000000     0.0000000     0.0000000     0.0000000     0.0000000     0.0000000     0.0000000     0.0000000     0.0000000     0.0000000     0.0000000     0.0000000     0.0000000     0.0000000     0.0000000     0.0000000     0.0000000     0.0000000     0.0000000
     0.0000000     0.0000000     0.0000000     0.0000000     0.0000000     0.0000000     0.0000000     0.0000000     0.0000000     0.0000000     0.0000000     0.0000000     0.0000000     0.0000000     0.0000000     0.0000000     0.0000000     0.0000000     0.0000000     0.0000000     0.0000000     0.0000000     0.0000000     0.0000000     0.0000000     0.0000000     0.0000000     0.0000000     0.0000000     0.0000000     0.0000000     0.0000000     0.0000000     0.0000000     0.0000000     0.0000000     0.0000000     0.0000000
     0.0000000     0.0000000     0.0000000     0.0000000     0.0000000     0.0000000     0.0000000     0.0000000     0.0000000     0.0000000     0.0000000     0.0000000     0.0000000     0.0000000     0.0000000     0.0000000     0.0000000     0.0000000     0.0000000     0.0000000     0.0000000     0.0000000     0.0000000     0.0000000     0.0000000     0.0000000     0.0000000     0.0000000     0.0000000     0.0000000     0.0000000     0.0000000     0.0000000     0.0000000     0.0000000     0.0000000     0.0000000     0.0000000
     0.0000000     0.0000000     0.0000000     0.0000000     0.0000000     0.0000000     0.0000000     0.0000000     0.0000000     0.0000000     0.0000000     0.0000000     0.0000000     0.0000000     0.0000000     0.0000000     0.0000000     0.0000000     0.0000000     0.0000000     0.0000000     0.0000000     0.0000000     0.0000000     0.0000000     0.0000000     0.0000000     0.0000000     0.0000000     0.0000000     0.0000000     0.0000000     0.0000000     0.0000000     0.0000000     0.0000000     0.0000000     0.0000000
     0.0000000     0.0000000     0.0000000     0.0000000     0.0000000     0.0000000     0.0000000     0.0000000     0.0000000     0.0000000     0.0000000     0.0000000     0.0000000     0.0000000     0.0000000     0.0000000     0.0000000     0.0000000     0.0000000     0.0000000     0.0000000     0.0000000     0.0000000     0.0000000     0.0000000     0.0000000     0.0000000     0.0000000     0.0000000     0.0000000     0.0000000     0.0000000     0.0000000     0.0000000     0.0000000     0.0000000     0.0000000     0.0000000
     0.0000000     0.0000000     0.0000000     0.0000000     0.0000000     0.0000000     0.0000000     0.0000000     0.0000000     0.0000000     0.0000000     0.0000000     0.0000000     0.0000000     0.0000000     0.0000000     0.0000000     0.0000000     0.0000000     0.0000000     0.0000000     0.0000000     0.0000000     0.0000000     0.0000000     0.0000000     0.0000000     0.0000000     0.0000000     0.0000000     0.0000000     0.0000000     0.0000000     0.0000000     0.0000000     0.0000000     0.0000000     0.0000000
     0.0000000     0.0000000     0.0000000     0.0000000     0.0000000     0.0000000     0.0000000     0.0000000     0.0000000     0.0000000     0.0000000     0.0000000     0.0000000     0.0000000     0.0000000     0.0000000     0.0000000     0.0000000     0.0000000     0.0000000     0.0000000     0.0000000     0.0000000     0.0000000     0.0000000     0.0000000     0.0000000     0.0000000     0.0000000     0.0000000     0.0000000     0.0000000     0.0000000     0.0000000     0.0000000     0.0000000     0.0000000     0.0000000
     0.0000000     0.0000000     0.0000000     0.0000000     0.0000000     0.0000000     0.0000000     0.0000000     0.0000000     0.0000000     0.0000000     0.0000000     0.0000000     0.0000000     0.0000000     0.0000000     0.0000000     0.0000000     0.0000000     0.0000000     0.0000000     0.0000000     0.0000000     0.0000000     0.0000000     0.0000000     0.0000000     0.0000000     0.0000000     0.0000000     0.0000000     0.0000000     0.0000000     0.0000000     0.0000000     0.0000000     0.0000000     0.0000000
     0.0000000     0.0000000     0.0000000     0.0000000     0.0000000     0.0000000     0.0000000     0.0000000     0.0000000     0.0000000     0.0000000     0.0000000     0.0000000     0.0000000     0.0000000     0.0000000     0.0000000     0.0000000     0.0000000     0.0000000     0.0000000     0.0000000     0.0000000     0.0000000     0.0000000     0.0000000     0.0000000     0.0000000     0.0000000     0.0000000     0.0000000     0.0000000     0.0000000     0.0000000     0.0000000     0.0000000     0.0000000     0.0000000
     0.0000000     0.0000000     0.0000000     0.0000000     0.0000000     0.0000000     0.0000000     0.0000000     0.0000000     0.0000000     0.0000000     0.0000000     0.0000000     0.0000000     0.0000000     0.0000000     0.0000000     0.0000000     0.0000000     0.0000000     0.0000000     0.0000000     0.0000000     0.0000000     0.0000000     0.0000000     0.0000000     0.0000000     0.0000000     0.0000000     0.0000000     0.0000000     0.0000000     0.0000000     0.0000000     0.0000000     0.0000000     0.0000000
     0.0000000     0.0000000     0.0000000     0.0000000     0.0000000     0.0000000     0.0000000     0.0000000     0.0000000     0.0000000     0.0000000     0.0000000     0.0000000     0.0000000     0.0000000     0.0000000     0.0000000     0.0000000     0.0000000     0.0000000     0.0000000     0.0000000     0.0000000     0.0000000     0.0000000     0.0000000     0.0000000     0.0000000     0.0000000     0.0000000     0.0000000     0.0000000     0.0000000     0.0000000     0.0000000     0.0000000     0.0000000     0.0000000
     0.0000000     0.0000000     0.0000000     0.0000000     0.0000000     0.0000000     0.0000000     0.0000000     0.0000000     0.0000000     0.0000000     0.0000000     0.0000000     0.0000000     0.0000000     0.0000000     0.0000000     0.0000000     0.0000000     0.0000000     0.0000000     0.0000000     0.0000000     0.0000000     0.0000000     0.0000000     0.0000000     0.0000000     0.0000000     0.0000000     0.0000000     0.0000000     0.0000000     0.0000000     0.0000000     0.0000000     0.0000000     0.0000000
     0.0000000     0.0000000     0.0000000     0.0000000     0.0000000     0.0000000     0.0000000     0.0000000     0.0000000     0.0000000     0.0000000     0.0000000     0.0000000     0.0000000     0.0000000     0.0000000     0.0000000     0.0000000     0.0000000     0.0000000     0.0000000     0.0000000     0.0000000     0.0000000     0.0000000     0.0000000     0.0000000     0.0000000     0.0000000     0.0000000     0.0000000     0.0000000     0.0000000     0.0000000     0.0000000     0.0000000     0.0000000     0.0000000
     0.0000000     0.0000000     0.0000000     0.0000000     0.0000000     0.0000000     0.0000000     0.0000000     0.0000000     0.0000000     0.0000000     0.0000000     0.0000000     0.0000000     0.0000000     0.0000000     0.0000000     0.0000000     0.0000000     0.0000000     0.0000000     0.0000000     0.0000000     0.0000000     0.0000000     0.0000000     0.0000000     0.0000000     0.0000000     0.0000000     0.0000000     0.0000000     0.0000000     0.0000000     0.0000000     0.0000000     0.0000000     0.0000000
     0.0000000     0.0000000     0.0000000     0.0000000     0.0000000     0.0000000     0.0000000     0.0000000     0.0000000     0.0000000     0.0000000     0.0000000     0.0000000     0.0000000     0.0000000     0.0000000     0.0000000     0.0000000     0.0000000     0.0000000     0.0000000     0.0000000     0.0000000     0.0000000     0.0000000     0.0000000     0.0000000     0.0000000     0.0000000     0.0000000     0.0000000     0.0000000     0.0000000     0.0000000     0.0000000     0.0000000     0.0000000     0.0000000
     0.0000000     0.0000000     0.0000000     0.0000000     0.0000000     0.0000000     0.0000000     0.0000000     0.0000000     0.0000000     0.0000000     0.0000000     0.0000000     0.0000000     0.0000000     0.0000000     0.0000000     0.0000000     0.0000000     0.0000000     0.0000000     0.0000000     0.0000000     0.0000000     0.0000000     0.0000000     0.0000000     0.0000000     0.0000000     0.0000000     0.0000000     0.0000000     0.0000000     0.0000000     0.0000000     0.0000000     0.0000000     0.0000000
     0.0000000     0.0000000     0.0000000     0.0000000     0.0000000     0.0000000     0.0000000     0.0000000     0.0000000     0.0000000     0.0000000     0.0000000     0.0000000     0.0000000     0.0000000     0.0000000     0.0000000     0.0000000     0.0000000     0.0000000     0.0000000     0.0000000     0.0000000     0.0000000     0.0000000     0.0000000     0.0000000     0.0000000     0.0000000     0.0000000     0.0000000     0.0000000     0.0000000     0.0000000     0.0000000     0.0000000     0.0000000     0.0000000
     0.0000000     0.0000000     0.0000000     0.0000000     0.0000000     0.0000000     0.0000000     0.0000000     0.0000000     0.0000000     0.0000000     0.0000000     0.0000000     0.0000000     0.0000000     0.0000000     0.0000000     0.0000000     0.0000000     0.0000000     0.0000000     0.0000000     0.0000000     0.0000000     0.0000000     0.0000000     0.0000000     0.0000000     0.0000000     0.0000000     0.0000000     0.0000000     0.0000000     0.0000000     0.0000000     0.0000000     0.0000000     0.0000000
     0.0000000     0.0000000     0.0000000     0.0000000     0.0000000     0.0000000     0.0000000     0.0000000     0.0000000     0.0000000     0.0000000     0.0000000     0.0000000     0.0000000     0.0000000     0.0000000     0.0000000     0.0000000     0.0000000     0.0000000     0.0000000     0.0000000     0.0000000     0.0000000     0.0000000     0.0000000     0.0000000     0.0000000     0.0000000     0.0000000     0.0000000     0.0000000     0.0000000     0.0000000     0.0000000     0.0000000     0.0000000     0.0000000
     0.0000000     0.0000000     0.0000000     0.0000000     0.0000000     0.0000000     0.0000000     0.0000000     0.0000000     0.0000000     0.0000000     0.0000000     0.0000000     0.0000000     0.0000000     0.0000000     0.0000000     0.0000000     0.0000000     0.0000000     0.0000000     0.0000000     0.0000000     0.0000000     0.0000000     0.0000000     0.0000000     0.0000000     0.0000000     0.0000000     0.0000000     0.0000000     0.0000000     0.0000000     0.0000000     0.0000000     0.0000000     0.0000000
     0.0000000     0.0000000     0.0000000     0.0000000     0.0000000     0.0000000     0.0000000     0.0000000     0.0000000     0.0000000     0.0000000     0.0000000     0.0000000     0.0000000     0.0000000     0.0000000     0.0000000     0.0000000     0.0000000     0.0000000     0.0000000     0.0000000     0.0000000     0.0000000     0.0000000     0.0000000     0.0000000     0.0000000     0.0000000     0.0000000     0.0000000     0.0000000     0.0000000     0.0000000     0.0000000     0.0000000     0.0000000     0.0000000
     0.0000000     0.0000000     0.0000000     0.0000000     0.0000000     0.0000000     0.0000000     0.0000000     0.0000000     0.0000000     0.0000000     0.0000000     0.0000000     0.0000000     0.0000000     0.0000000     0.0000000     0.0000000     0.0000000     0.0000000     0.0000000     0.0000000     0.0000000     0.0000000     0.0000000     0.0000000     0.0000000     0.0000000     0.0000000     0.0000000     0.0000000     0.0000000     0.0000000     0.0000000     0.0000000     0.0000000     0.0000000     0.0000000
     0.0000000     0.0000000     0.0000000     0.0000000     0.0000000     0.0000000     0.0000000     0.0000000     0.0000000     0.0000000     0.0000000     0.0000000     0.0000000     0.0000000     0.0000000     0.0000000     0.0000000     0.0000000     0.0000000     0.0000000     0.0000000     0.0000000     0.0000000     0.0000000     0.0000000     0.0000000     0.0000000     0.0000000     0.0000000     0.0000000     0.0000000     0.0000000     0.0000000     0.0000000     0.0000000     0.0000000     0.0000000     0.0000000
     0.0000000     0.0000000     0.0000000     0.0000000     0.0000000     0.0000000     0.0000000     0.0000000     0.0000000     0.0000000     0.0000000     0.0000000     0.0000000     0.0000000     0.0000000     0.0000000     0.0000000     0.0000000     0.0000000     0.0000000     0.0000000     0.0000000     0.0000000     0.0000000     0.0000000     0.0000000     0.0000000     0.0000000     0.0000000     0.0000000     0.0000000     0.0000000     0.0000000     0.0000000     0.0000000     0.0000000     0.0000000     0.0000000
     0.0000000     0.0000000     0.0000000     0.0000000     0.0000000     0.0000000     0.0000000     0.0000000     0.0000000     0.0000000     0.0000000     0.0000000     0.0000000     0.0000000     0.0000000     0.0000000     0.0000000     0.0000000     0.0000000     0.0000000     0.0000000     0.0000000     0.0000000     0.0000000     0.0000000     0.0000000     0.0000000     0.0000000     0.0000000     0.0000000     0.0000000     0.0000000     0.0000000     0.0000000     0.0000000     0.0000000     0.0000000     0.0000000
     0.0000000     0.0000000     0.0000000     0.0000000     0.0000000     0.0000000     0.0000000     0.0000000     0.0000000     0.0000000     0.0000000     0.0000000     0.0000000     0.0000000     0.0000000     0.0000000     0.0000000     0.0000000     0.0000000     0.0000000     0.0000000     0.0000000     0.0000000     0.0000000     0.0000000     0.0000000     0.0000000     0.0000000     0.0000000     0.0000000     0.0000000     0.0000000     0.0000000     0.0000000     0.0000000     0.0000000     0.0000000     0.0000000
     0.0000000     0.0000000     0.0000000     0.0000000     0.0000000     0.0000000     0.0000000     0.0000000     0.0000000     0.0000000     0.0000000     0.0000000     0.0000000     0.0000000     0.0000000     0.0000000     0.0000000     0.0000000     0.0000000     0.0000000     0.0000000     0.0000000     0.0000000     0.0000000     0.0000000     0.0000000     0.0000000     0.0000000     0.0000000     0.0000000     0.0000000     0.0000000     0.0000000     0.0000000     0.0000000     0.0000000     0.0000000     0.0000000
     0.0000000     0.0000000     0.0000000     0.0000000     0.0000000     0.0000000     0.0000000     0.0000000     0.0000000     0.0000000     0.0000000     0.0000000     0.0000000     0.0000000     0.0000000     0.0000000     0.0000000     0.0000000     0.0000000     0.0000000     0.0000000     0.0000000     0.0000000     0.0000000     0.0000000     0.0000000     0.0000000     0.0000000     0.0000000     0.0000000     0.0000000     0.0000000     0.0000000     0.0000000     0.0000000     0.0000000     0.0000000     0.0000000
     0.0000000     0.0000000     0.0000000     0.0000000     0.0000000     0.0000000     0.0000000     0.0000000     0.0000000     0.0000000     0.0000000     0.0000000     0.0000000     0.0000000     0.0000000     0.0000000     0.0000000     0.0000000     0.0000000     0.0000000     0.0000000     0.0000000     0.0000000     0.0000000     0.0000000     0.0000000     0.0000000     0.0000000     0.0000000     0.0000000     0.0000000     0.0000000     0.0000000     0.0000000     0.0000000     0.0000000     0.0000000     0.0000000
     0.0000000     0.0000000     0.0000000     0.0000000     0.0000000     0.0000000     0.0000000     0.0000000     0.0000000     0.0000000     0.0000000     0.0000000     0.0000000     0.0000000     0.0000000     0.0000000     0.0000000     0.0000000     0.0000000     0.0000000     0.0000000     0.0000000     0.0000000     0.0000000     0.0000000     0.0000000     0.0000000     0.0000000     0.0000000     0.0000000     0.0000000     0.0000000     0.0000000     0.0000000     0.0000000     0.0000000     0.0000000     0.0000000
     4.5141249     4.5102554     4.5272005     4.5575100     4.5552996     4.5941533     4.6106743     4.7301966     4.7259815     4.7778906     4.8185020     4.8641981     4.8790809     4.9071863     4.9416081     5.0054260     5.0670062     5.0331319     5.1278809     5.2297562     5.2821960     5.2957512     5.3641730     5.3701796     5.4610754     5.5281739     5.5130897     5.5270787     5.5015756     5.4174008     5.2022751     4.7069805     3.1812056     5.0360915     5.3096261     4.8142213     4.4411088     4.1428211
     6.8112382     6.8053416     6.8304797     6.8749532     6.8723966     6.9303315     6.9541749     7.1322224     7.1247978     7.2018723     7.2624901     7.3312616     7.3529618     7.3938992     7.4445347     7.5396595     7.6325323     7.5797052     7.7226163     7.8763638     7.9559521     7.9757541     8.0797458     8.0900985     8.2308185     8.3365880     8.3184191     8.3471937     8.3186689     8.2013011     7.8926452     7.1648899     4.8452444     7.6195614     8.0565540     7.3329449     6.7783782     6.3323038
     9.9845418     9.9758573    10.0122501    10.0761026    10.0732048    10.1573867    10.1912157    10.4497647    10.4377817    10.5494070    10.6375516    10.7381661    10.7691924    10.8276116    10.9004155    11.0385691    11.1746317    11.0953497    11.3046924    11.5300029    11.6470897    11.6753381    11.8284667    11.8449281    12.0548364    12.2145295    12.1926746    12.2429126    12.2116875    12.0499278    11.6146631    10.5692934     7.1512342    11.1909697    11.8569889    10.8223254    10.0188075     9.3695147
    14.0974134    14.0851219    14.1359436    14.2244481    14.2214230    14.3393551    14.3857681    14.7477998    14.7295620    14.8854710    15.0090328    15.1508427    15.1937070    15.2742081    15.3752171    15.5686494    15.7606318    15.6464084    15.9417093    16.2596518    16.4254128    16.4642543    16.6811963    16.7059360    17.0066042    17.2376241    17.2125392    17.2932793    17.2622089    17.0464988    16.4533071    15.0042973    10.1573462    15.8267128    16.7979781    15.3698161    14.2473595    13.3366171
    18.9770064    18.9604460    19.0281751    19.1453050    19.1425527    19.3001663    19.3610335    19.8446946    19.8185776    20.0263575    20.1915889    20.3821717    20.4387514    20.5446777    20.6784415    20.9367960    21.1950422    21.0384901    21.4355707    21.8632418    22.0868395    22.1377643    22.4305722    22.4656070    22.8753826    23.1929236    23.1660606    23.2865602    23.2605560    22.9856326    22.2133476    20.2962511    13.7471502    21.3357981    22.6803924    20.7983714    19.3025669    18.0842805
    24.1687012    24.1476163    24.2330768    24.3799057    24.3779644    24.5773557    24.6530307    25.2647063    25.2296580    25.4918075    25.7009444    25.9432934    26.0140723    26.1461041    26.3138485    26.6404629    26.9691062    26.7664548    27.2715555    27.8157411    28.1009649    28.1641355    28.5378236    28.5843680    29.1119204    29.5237763    29.4974903    29.6646020    29.6499169    29.3178233    28.3651004    25.9632618    17.5950315    27.2082263    28.9634999    26.6145522    24.7277832    23.1855944
    29.1154516    29.0900815    29.1921373    29.3663816    29.3658254    29.6045051    29.6936333    30.4256568    30.3814724    30.6944650    30.9449315    31.2364550    31.3203137    31.4761115    31.6752123    32.0659044    32.4614931    32.2136785    32.8213616    33.4762662    33.8202923    33.8943952    34.3453020    34.4034369    35.0451227    35.5494179    35.5265205    35.7430225    35.7460138    35.3662348    34.2534146    31.4053491    21.2946907    32.8162003    34.9783140    32.2032401    29.9513935    28.1045553
    33.1148100    33.0860325    33.2008585    33.3953622    33.3972496    33.6665723    33.7651636    34.5909732    34.5380550    34.8900765    35.1728667    35.5038240    35.5972914    35.7699112    35.9921579    36.4325771    36.8820073    36.5950081    37.2848829    38.0286503    38.4203922    38.5017386    39.0153986    39.0842454    39.8223166    40.4068817    40.3928389    40.6599951    40.6921409    40.2884526    39.0717319    35.8967185    24.3577802    37.3772984    39.9018010    36.8227764    34.2918833    32.2073553
    34.0838472    34.0555765    34.1658242    34.3425615    34.3614746    34.6244171    34.7096279    35.5160888    35.4465711    35.7825159    36.0596253    36.3960168    36.4815064    36.6290770    36.8297527    37.2560529    37.7142104    37.3861258    38.0837228    38.8379131    39.2407217    39.3018633    39.8303715    39.9149069    40.7180954    41.3804255    41.4365360    41.8376416    42.0511445    41.8146868    40.8816598    38.0498071    25.9743707    38.7821539    41.7713639    39.1218780    36.7329084    34.7073386
    34.8288108    34.8020976    34.9081473    35.0690319    35.1037355    35.3595465    35.4349441    36.2218648    36.1411112    36.4609494    36.7313560    37.0710076    37.1517277    37.2763069    37.4564279    37.8669776    38.3298976    37.9681786    38.6647657    39.4202592    39.8271656    39.8656529    40.3981842    40.4913838    41.3356121    42.0492982    42.1571404    42.6609837    43.0244247    42.9293225    42.2501470    39.7555474    27.3320265    39.8480614    43.1881684    40.9503096    38.7220987    36.7786454
    35.6188245    35.5939174    35.6969678    35.8451429    35.8940796    36.1442977    36.2131001    36.9864086    36.8980629    37.2049716    37.4700676    37.8135985    37.8926042    37.9978598    38.1607586    38.5582760    39.0263900    38.6359859    39.3308718    40.0871832    40.4965248    40.5127255    41.0459090    41.1440459    42.0171198    42.7667153    42.9123086    43.4952363    43.9808955    44.0003848    43.5340882    41.3341490    28.6278885    40.9000910    44.5164047    42.6366416    40.5568726    38.6932339
    36.6662047    36.6429123    36.7445684    36.8834577    36.9454557    37.1929895    37.2578336    38.0270381    37.9330281    38.2317306    38.4943835    38.8444687    38.9243630    39.0141158    39.1638158    39.5533611    40.0302099    39.6127522    40.3107175    41.0732195    41.4870628    41.4823684    42.0181349    42.1198788    43.0196219    43.7996149    43.9742087    44.6224315    45.2115746    45.3243850    45.0330000    43.0730498    30.0470197    42.2018939    46.0624942    44.4790449    42.5194033    40.7180310
    37.7947373    37.7728715    37.8740265    38.0057497    38.0796391    38.3259715    38.3884423    39.1582614    39.0600740    39.3533094    39.6149104    39.9725017    40.0547913    40.1317115    40.2709092    40.6552551    41.1421592    40.7001332    41.4031266    42.1740229    42.5930823    42.5690351    43.1078661    43.2124386    44.1356460    44.9407390    45.1381339    45.8403007    46.5175417    46.7076363    46.5627822    44.8046400    31.4650940    43.5660020    47.6384988    46.3066241    44.4491319    42.7002753
    38.9397427    38.9191064    39.0203382    39.1464048    39.2310841    39.4771496    39.5382756    40.3114949    40.2101977    40.4998468    40.7612397    41.1266692    41.2122363    41.2783894    41.4091237    41.7901269    42.2876040    41.8234206    42.5325144    43.3129643    43.7376001    43.6958236    44.2379764    44.3449747    45.2889814    46.1150914    46.3308759    47.0781382    47.8310448    48.0859169    48.0650047    46.4782349    32.8404601    44.9277106    49.1848860    48.0684497    46.2987740    44.5949138
    39.9498241    39.9302905    40.0316801    40.1528436    40.2470371    40.4927225    40.5530032    41.3290006    41.2256581    41.5122033    41.7731531    42.1453328    42.2343965    42.2912368    42.4147094    42.7925434    43.2991818    42.8164278    43.5301087    44.3183599    44.7474718    44.6897035    45.2337354    45.3426315    46.3024792    47.1440390    47.3743551    48.1575524    48.9737208    49.2826689    49.3674007    47.9316506    34.0542217    46.1189779    50.5255772    49.5978783    47.9092229    46.2491166
    41.4125292    41.3937013    41.4967299    41.6152838    41.7192722    41.9679637    42.0285797    42.8177606    42.7116570    42.9995177    43.2635354    43.6468357    43.7407140    43.7901959    43.9091011    44.2892535    44.8110614    44.3057197    45.0329569    45.8388074    46.2776547    46.2045965    46.7572133    46.8692207    47.8548876    48.7197992    48.9651393    49.7885263    50.6699459    51.0291292    51.2063034    49.8845449    35.6160543    47.8226895    52.4143957    51.6405655    50.0028771    48.3613863
    43.7429683    43.7243342    43.8313716    43.9503603    44.0658362    44.3230994    44.3856354    45.2054667    45.0946972    45.3906265    45.6635536    46.0660796    46.1669595    46.2109323    46.3285745    46.7197227    47.2677816    46.7302334    47.4867627    48.3275968    48.7856150    48.6965699    49.2696411    49.3871273    50.4186066    51.3238335    51.5880111    52.4657900    53.4262712    53.8385342    54.1028837    52.8545377    37.9013410    50.5217582    55.3852275    54.7338805    53.1063071    51.4453943
    46.5955376    46.5768054    46.6892525    46.8103876    46.9384728    47.2075371    47.2729354    48.1336098    48.0171039    48.3250136    48.6102191    49.0367814    49.1460517    49.1854828    49.3037195    49.7108566    50.2917559    49.7162332    50.5112435    51.3972788    51.8800256    51.7743411    52.3747434    52.4991383    53.5881204    54.5434995    54.8288395    55.7694293    56.8175810    57.2850340    57.6345180    56.4378467    40.6275864    53.8192121    59.0058100    58.4609894    56.8211183    55.1195867
    50.2565188    50.2373276    50.3572004    50.4826931    50.6255108    50.9110660    50.9805838    51.8970786    51.7730365    52.0984156    52.4008184    52.8587739    52.9785050    53.0142713    53.1353652    53.5656096    54.1894027    53.5663690    54.4135624    55.3601200    55.8759481    55.7519018    56.3898903    56.5233763    57.6881014    58.7093004    59.0202256    60.0384802    61.1907884    61.7199440    62.1579419    60.9894884    44.0550445    58.0469102    63.6416010    63.1904349    61.5093417    59.7379426
    55.2897242    55.2695434    55.4001329    55.5333666    55.6948517    56.0045943    56.0802003    57.0772679    56.9425209    57.2942031    57.6219023    58.1236638    58.2573095    58.2903732    58.4176415    58.8825575    59.5661848    58.8789380    59.8011164    60.8337720    61.3966326    61.2506822    61.9433124    62.0895489    63.3610598    64.4750084    64.8196849    65.9423277    67.2294350    67.8340838    68.3719007    67.2006016    48.6884209    63.8567293    70.0082470    69.6390260    67.8725968    65.9847707
    62.7653206    62.7433060    62.8903210    63.0368561    63.2244302    63.5716934    63.6567351    64.7775103    64.6263963    65.0195008    65.3865369    65.9540659    66.1078018    66.1392381    66.2779608    66.7974245    67.5708461    66.7891917    67.8262220    68.9898425    69.6242144    69.4492214    70.2262302    70.3916619    71.8248943    73.0794168    73.4729619    74.7487975    76.2280013    76.9356203    77.5997479    76.3813183    55.4883628    72.4847445    79.4611386    79.1655749    77.2422270    75.1597516
    74.7457100    74.7203988    74.8942325    75.0638824    75.2916356    75.7006454    75.8011682    77.1242881    76.9463956    77.4082292    77.8401116    78.5137705    78.6990597    78.7302500    78.8895808    79.4995472    80.4178221    79.4857020    80.7103611    82.0870210    82.8376868    82.6196600    83.5352213    83.7316662    85.4274559    86.9104243    87.3811755    88.9011214    90.6804931    91.5443530    92.3894907    91.0528193    66.3039874    86.3120842    94.6098985    94.3846743    92.1793380    89.7627441
    85.3962563    85.3611213    85.5683310    85.7943931    86.0254658    86.5221982    86.6429077    88.2294462    88.0147860    88.5843836    89.1111065    89.8944938    90.0933921    90.1710002    90.3927905    91.1458676    92.2126050    91.1598489    92.6247955    94.2556649    95.1441478    94.9583133    96.0660259    96.2945495    98.2976118   100.0552397   100.5754600   102.2956109   104.1987862   105.0353027   105.6270803   103.3377663    74.2743825    98.6340119   108.1364848   107.0304251   103.9568478   100.7891033
    87.3987901    87.3631254    87.5747814    87.8046634    88.0424951    88.5495589    88.6727835    90.2931855    90.0738973    90.6549209    91.1925316    91.9937007    92.1977526    92.2752278    92.5003552    93.2685729    94.3595558    93.2813627    94.7777815    96.4443400    97.3522945    97.1592377    98.2902569    98.5239407   100.5713527   102.3677952   102.9012280   104.6631133   106.6174603   107.4810073   108.1045089   105.7966296    76.0833734   100.9475308   110.6741497   109.5814515   106.4606382   103.2365607
    98.9482507    98.9081624    99.1473828    99.4061829    99.6767646   100.2495339   100.3887354   102.2199675   101.9721112   102.6280120   103.2352179   104.1416752   104.3731828   104.4589733   104.7120162   105.5792635   106.8136545   105.5922581   107.2835723   109.1678337   110.1944226   109.9730265   111.2508611   111.5152297   113.8305823   115.8620085   116.4669133   118.4629487   120.6819565   121.6668843   122.3903163   119.8120697    86.2038888   114.2878281   125.3008869   124.1025068   120.5938251   116.9614528
    98.2628556    98.2240299    98.4602181    98.7122377    98.9854590    99.5497941    99.6870106   101.4942246   101.2495573   101.8944140   102.4924271   103.3905871   103.6222277   103.7008684   103.9459125   104.7986157   106.0218311   104.8065341   106.4763052   108.3388119   109.3536472   109.1240963   110.3839413   110.6458130   112.9359434   114.9447568   115.5486935   117.5350372   119.7601967   120.7628294   121.5407778   119.0986103    85.8338249   113.4966217   124.4357589   123.3778004   119.9776375   116.4315419
   108.3099331   108.2677843   108.5272222   108.8017167   109.1058542   109.7249239   109.8755195   111.8599847   111.5913315   112.2978318   112.9536650   113.9423058   114.1988265   114.2811911   114.5471840   115.4814060   116.8279389   115.4869151   117.3208559   119.3679963   120.4835020   120.2240609   121.6066047   121.8948159   124.4128448   126.6211612   127.2888722   129.4807253   131.9473264   133.0684237   133.9648951   131.3510469    94.7602911   125.1007928   137.1588338   136.0798058   132.3879029   128.5199527
   112.4955677   112.4519696   112.7211839   113.0053689   113.3220898   113.9642546   114.1204917   116.1795421   115.9008017   116.6334095   117.3136569   118.3401239   118.6068973   118.6912440   118.9663746   119.9351167   121.3331955   119.9399518   121.8429286   123.9675571   125.1253060   124.8540478   126.2883050   126.5875332   129.2011013   131.4930831   132.1871478   134.4643346   137.0300986   138.1989305   139.1408611   136.4477305    98.4641873   129.9350596   142.4590440   141.3625629   137.5436043   133.5375705
   113.1010030   113.0579382   113.3275364   113.6093157   113.9313011   114.5733554   114.7296833   116.7907571   116.5118192   117.2432444   117.9231404   118.9534894   119.2231860   119.3028429   119.5745697   120.5417159   121.9452011   120.5428204   122.4481160   124.5771791   125.7374296   125.4570156   126.8915838   127.1919073   129.8118245   132.1087962   132.8088908   135.1008293   137.6966942   138.8905731   139.8837499   137.2692997    99.1739685   130.6327637   143.2232424   142.2247638   138.4524366   134.4739468
   131.9172943   131.8670190   132.1815330   132.5104267   132.8857668   133.6348518   133.8172317   136.2217442   135.8963204   136.7497374   137.5429869   138.7448510   139.0593258   139.1525425   139.4697676   140.5982236   142.2353299   140.5997345   142.8224849   145.3061748   146.6596769   146.3330724   148.0067513   148.3570695   151.4133224   154.0928818   154.9093147   157.5824165   160.6091815   162.0005673   163.1562222   160.1012384   115.6624851   152.3658828   167.0510920   165.8802852   161.4763366   156.8330072
   130.4570044   130.4078765   130.7180910   131.0403016   131.4142384   132.1522628   132.3320581   134.7029188   134.3821416   135.2221499   136.0034956   137.1907723   137.5029465   137.5911623   137.9011112   139.0117912   140.6291252   139.0104281   141.2024038   143.6531531   144.9887724   144.6598207   146.3091937   146.6552395   149.6715720   152.3156319   153.1247379   155.7699777   158.7756512   160.1659787   161.3443295   158.3951648   114.5213765   150.6774958   165.1987110   164.1210974   159.8180316   155.2642965
   137.7589017   137.7075037   138.0344182   138.3721836   138.7692926   139.5463618   139.7357684   142.2335763   141.8957188   142.7795154   143.6020358   144.8547120   145.1853405   145.2752634   145.5994994   146.7680262   148.4745324   146.7642872   149.0738951   151.6573554   153.0653576   152.7131258   154.4500748   154.8151706   157.9952934   160.7824890   161.6382377   164.4328199   167.6167318   169.0964725   170.3695729   167.3140057   121.0449519   159.1094361   174.4418058   173.3692134   168.8679098   164.0905702
   158.6474899   158.5879580   158.9649136   159.3556556   159.8113868   160.7078922   160.9263388   163.8069807   163.4172700   164.4373701   165.3864286   166.8297996   167.2098628   167.3157139   167.6912869   169.0400677   171.0062955   169.0373911   171.7008016   174.6791662   176.3023526   175.9001687   177.9038647   178.3245465   181.9904628   185.2037450   186.1882942   189.4057264   193.0653289   194.7612245   196.2069378   192.6463988   139.3184919   183.2367050   200.8951508   199.6135371   194.3994252   188.8754673
   156.0428961   155.9849590   156.3548727   156.7360028   157.1871424   158.0660079   158.2802897   161.1062113   160.7240372   161.7232285   162.6534012   164.0717122   164.4468103   164.5467617   164.9122265   166.2332888   168.1654881   166.2277067   168.8408587   171.7645636   173.3580360   172.9561757   174.9208468   175.3342126   178.9334097   182.0876269   183.0577402   186.2239414   189.8363029   191.5192520   192.9782817   189.5518119   137.1777603   180.2260242   197.5922393   196.4158583   191.3423387   185.9494600
   170.9647155   170.9015193   171.3064182   171.7225344   172.2181346   173.1797056   173.4142180   176.5069715   176.0887812   177.1816212   178.1992282   179.7525409   180.1640984   180.2717089   180.6703244   182.1151637   184.2313307   182.1077130   184.9677567   188.1684039   189.9128502   189.4696905   191.6194235   192.0721322   196.0124918   199.4654121   200.5290673   203.9987154   207.9623312   209.8129773   211.4283952   207.7087885   150.3625475   197.4591641   216.4847971   215.2343481   209.7008295   203.8107553
   190.4020842   190.3312052   190.7828256   191.2488351   191.7984452   192.8717053   193.1333421   196.5837340   196.1170643   197.3375151   198.4734954   200.2045151   200.6618216   200.7850280   201.2321451   202.8457655   205.2039421   202.8398339   206.0303392   209.5995467   211.5448070   211.0563437   213.4554586   213.9599659   218.3536417   222.2042938   223.3875047   227.2504151   231.6543531   233.7034220   235.4726318   231.2690279   167.3390906   219.9108745   241.1017303   239.6410989   233.4339407   226.8414752
   184.1918419   184.1237872   184.5599698   185.0081205   185.5422081   186.5780275   186.8306552   190.1623163   189.7118297   190.8890128   191.9851841   193.6586044   194.1020677   194.2177967   194.6470561   196.2034005   198.4832026   196.1952282   199.2762193   202.7242044   204.6034609   204.1257016   206.4414470   206.9291603   211.1740459   214.8937899   216.0398212   219.7779794   224.0488837   226.0434463   227.7856836   223.7820667   162.0030438   212.7359637   233.2334207   231.8904194   225.9315333   219.5877797
   203.5129816   203.4379398   203.9196672   204.4140389   205.0048634   206.1486139   206.4276017   210.1069044   209.6094518   210.9090913   212.1194278   213.9680454   214.4583474   214.5851909   215.0585082   216.7767288   219.2952410   216.7669815   220.1695382   223.9777772   226.0534021   225.5239759   228.0811129   228.6198859   233.3084093   237.4167528   238.6834128   242.8140425   247.5360807   249.7435085   251.6775966   247.2726579   179.0328370   235.0505949   257.6974445   256.2343143   249.6639644   242.6647828
   227.7690478   227.6843809   228.2244641   228.7812951   229.4393412   230.7226515   231.0355213   235.1615876   234.6035602   236.0627026   237.4209657   239.4914319   240.0387405   240.1853012   240.7193849   242.6485760   245.4692042   242.6408976   246.4562508   250.7247806   253.0511950   252.4656231   255.3343527   255.9377900   261.1924351   265.7975287   267.2132879   271.8346111   277.1053728   279.5595245   281.6832863   276.6697116   200.2089535   263.0685233   288.4176480   286.6870605   279.2726482   271.3944166
   224.1851053   224.1021722   224.6332027   225.1791878   225.8287636   227.0899727   227.3975469   231.4538368   230.9053443   232.3388144   233.6735440   235.7105381   236.2500756   236.3916193   236.9147329   238.8099271   241.5850291   238.8004619   242.5515078   246.7491042   249.0369087   248.4564532   251.2760310   251.8697078   257.0373721   261.5658392   262.9604283   267.5100076   272.7061466   275.1313432   277.2457744   272.3603724   197.1542615   258.9274200   283.8759263   282.2274255   274.9655901   267.2377284
   248.8554812   248.7634669   249.3528723   249.9587062   250.6799757   252.0797599   252.4211394   256.9232572   256.3144912   257.9054028   259.3867693   261.6478233   262.2468289   262.4036446   262.9840362   265.0873775   268.1677361   265.0766573   269.2400056   273.8991018   276.4384419   275.7936503   278.9230565   279.5820346   285.3178885   290.3442196   291.8923991   296.9427415   302.7116182   305.4047766   307.7545897   302.3371056   218.8607680   287.4208016   315.1145508   313.2907960   305.2338672   296.6585623
   295.1645591   295.0544410   295.7548826   296.4785431   297.3294329   298.9943568   299.4001752   304.7519250   304.0280405   305.9216243   307.6839280   310.3679157   311.0763423   311.2689590   311.9636219   314.4672552   318.1236218   314.4592060   319.4077269   324.9430183   327.9597883   327.2050095   330.9265470   331.7088020   338.5225029   344.4943139   346.3278779   352.3156175   359.1376867   362.3083961   365.0366400   358.4907045   259.3548556   340.9105452   373.7619103   371.4648408   361.8209803   351.5854921
   313.8938777   313.7770434   314.5215560   315.2897305   316.1958827   317.9651678   318.3964835   324.0845560   323.3152407   325.3271508   327.1998258   330.0535227   330.8074636   331.0104737   331.7474836   334.4075307   338.2951389   334.3976770   339.6573272   345.5413194   348.7481667   347.9427339   351.8977205   352.7294329   359.9726106   366.3205733   368.2712399   374.6396127   381.9002016   385.2786430   388.1962771   381.2682081   275.8763236   362.5415411   397.4763892   395.0705596   384.8389383   373.9717336
   360.7055968   360.5713957   361.4268603   362.3092988   363.3508549   365.3837272   365.8793127   372.4149730   371.5310340   373.8426000   375.9942452   379.2733942   380.1398906   380.3727913   381.2193488   384.2755788   388.7427930   384.2639838   390.3074127   397.0683646   400.7531725   399.8270426   404.3712775   405.3269873   413.6497499   420.9438119   423.1855445   430.5037902   438.8483514   442.7320019   446.0881719   438.1338968   317.0319537   416.6079664   456.7524987   453.9956669   442.2432703   429.7591550
   453.6978057   453.5278516   454.6054567   455.7213736   457.0260428   459.5884674   460.2129004   468.4473891   467.3334359   470.2487229   472.9612575   477.0883422   478.1758432   478.4765728   479.5487532   483.4033271   489.0254871   483.3942612   491.0079427   499.5226901   504.1631990   503.0100529   508.7372851   509.9401491   520.4207934   529.6071134   532.4235451   541.6255006   552.0973189   556.9543306   561.1064276   550.9600408   398.4907182   524.0166301   574.5150095   570.8899527   556.0048506   540.2267005
   534.8068427   534.6060909   535.8769160   537.1944712   538.7304433   541.7529160   542.4893719   552.2009364   550.8870838   554.3263350   557.5260077   562.3918153   563.6728854   564.0301680   565.2966700   569.8440698   576.4724898   569.8353705   578.8145414   588.8553511   594.3275093   592.9724162   599.7276196   601.1457991   613.5044525   624.3372330   627.6559952   638.5019013   650.8371542   656.5524516   661.4219552   649.4109887   469.6320622   617.6982787   677.2258052   672.8962454   655.3132809   636.6874081
   648.3380117   648.0947282   649.6352124   651.2320255   653.0944572   656.7581537   657.6508675   669.4230292   667.8304202   671.9991999   675.8776614   681.7762179   683.3294123   683.7619692   685.2967886   690.8087670   698.8440584   690.7978137   701.6822295   713.8537584   720.4871511   718.8435322   727.0319224   728.7511028   743.7324167   756.8639713   760.8874954   774.0360482   788.9916548   795.9222729   801.8305903   787.2802560   569.3477264   748.8257098   820.9897262   815.7526217   794.4445992   771.8702705
   839.0334899   838.7179806   840.7124920   842.7824302   845.1895342   849.9339843   851.0899043   866.3326188   864.2703649   869.6698045   874.6925973   882.3275611   884.3362343   884.9005209   886.8910430   894.0302726   904.4308645   894.0193096   908.1121920   923.8699388   932.4577139   930.3374376   940.9408743   943.1661618   962.5609239   979.5615976   984.7666603  1001.7807697  1021.1212936  1030.0742326  1037.6802091  1018.7684511   736.6515574   969.0799307  1062.4716621  1055.6031285  1027.9684519   998.7108108
  1102.2372805  1101.8191442  1104.4443852  1107.1824864  1110.3276705  1116.5775954  1118.0996068  1138.1675147  1135.4518228  1142.5695727  1149.1873614  1159.2253624  1161.8568072  1162.6226598  1165.2608853  1174.6724093  1188.3458809  1174.6756241  1193.2276629  1213.9623478  1225.2620642  1222.5135741  1236.4791241  1239.4049167  1264.9216334  1287.2917345  1294.1191177  1316.4601084  1341.7911585  1353.4640759  1363.2367205  1337.9468704   966.8763505  1273.0905664  1395.7890234  1386.2694924  1349.6429996  1310.9706168
  1397.8887688  1397.3586663  1400.6878089  1404.1593696  1408.1490658  1416.0745098  1418.0045859  1443.4530204  1440.0092369  1449.0348977  1457.4267635  1470.1568309  1473.4944827  1474.4644836  1477.8091467  1489.7434129  1507.0839700  1489.7465708  1513.2728149  1539.5673852  1553.8970768  1550.4094479  1568.1191018  1571.8295487  1604.1886241  1632.5571535  1641.2163870  1669.5504295  1701.6799830  1716.4885222  1728.8938756  1696.8436980  1226.2649034  1614.5692365  1770.1784800  1758.1313172  1711.6972967  1662.6641413
  1561.3694468  1561.0527808  1564.3228331  1565.5116333  1572.1959678  1578.2353126  1580.3222194  1601.0210699  1599.3329159  1606.0312853  1611.8468730  1624.3542871  1630.0073986  1627.9186281  1628.9024606  1636.7393962  1654.0133520  1635.9343437  1655.3486724  1678.6088254  1691.7758963  1682.5849361  1695.8259874  1700.1566303  1727.3146581  1748.7864807  1758.7074814  1785.1680891  1825.5132107  1849.2309450  1885.4379331  1908.0781630  1499.0052677  1784.5735418  1931.9742212  1981.7085078  1979.8664077  1965.2401505
