  i  P(bar) chf(erg/s/cm**2) kzz(cm**-2)  
  1 1.2655E-06 1.0000E+03 4.2490E+08
  2 1.5986E-06 1.0000E+03 3.9176E+08
  3 2.0159E-06 1.0000E+03 3.6139E+08
  4 2.5375E-06 1.0000E+03 3.3356E+08
  5 3.1884E-06 1.0000E+03 3.0803E+08
  6 3.9991E-06 1.0000E+03 2.8460E+08
  7 5.0071E-06 1.0000E+03 2.6309E+08
  8 6.2580E-06 1.0000E+03 2.4333E+08
  9 7.8076E-06 1.0000E+03 2.2517E+08
 10 9.7234E-06 1.0000E+03 2.0847E+08
 11 1.2088E-05 1.0000E+03 1.9311E+08
 12 1.5001E-05 1.0000E+03 1.7897E+08
 13 1.8582E-05 1.0000E+03 1.6595E+08
 14 2.2978E-05 1.0000E+03 1.5395E+08
 15 2.8363E-05 1.0000E+03 1.4289E+08
 16 3.4948E-05 1.0000E+03 1.3269E+08
 17 4.2985E-05 1.0000E+03 1.2328E+08
 18 5.2776E-05 1.0000E+03 1.1460E+08
 19 6.4683E-05 1.0000E+03 1.0657E+08
 20 7.9135E-05 1.0000E+03 9.9159E+07
 21 9.6643E-05 1.0000E+03 9.2304E+07
 22 1.1782E-04 1.0000E+03 8.5964E+07
 23 1.4337E-04 1.0000E+03 8.0096E+07
 24 1.7416E-04 1.0000E+03 7.4664E+07
 25 2.1118E-04 1.0000E+03 6.9632E+07
 26 2.5562E-04 1.0000E+03 6.4969E+07
 27 3.0887E-04 1.0000E+03 6.0645E+07
 28 3.7253E-04 1.0000E+03 5.6634E+07
 29 4.4853E-04 1.0000E+03 5.2912E+07
 30 5.3906E-04 1.0000E+03 4.9456E+07
 31 6.4672E-04 1.0000E+03 4.6245E+07
 32 7.7450E-04 1.0000E+03 4.3261E+07
 33 9.2587E-04 1.0000E+03 4.0486E+07
 34 1.1049E-03 1.0000E+03 3.7905E+07
 35 1.3161E-03 1.0000E+03 3.5502E+07
 36 1.5650E-03 1.0000E+03 3.3265E+07
 37 1.8576E-03 1.0000E+03 3.1181E+07
 38 2.2010E-03 1.0000E+03 2.9239E+07
 39 2.6032E-03 1.0000E+03 2.7427E+07
 40 3.0735E-03 1.0000E+03 2.5737E+07
 41 3.6223E-03 1.0000E+03 2.4160E+07
 42 4.2615E-03 1.0000E+03 2.2687E+07
 43 5.0046E-03 1.0000E+03 2.1311E+07
 44 5.8668E-03 1.0000E+03 2.0025E+07
 45 6.8653E-03 1.0000E+03 1.8822E+07
 46 8.0194E-03 1.0000E+03 1.7697E+07
 47 9.3510E-03 1.0000E+03 1.6644E+07
 48 1.0884E-02 1.0000E+03 1.5658E+07
 49 1.2646E-02 1.0000E+03 1.4734E+07
 50 1.4668E-02 1.0000E+03 1.3868E+07
 51 1.6982E-02 1.0000E+03 1.3055E+07
 52 1.9626E-02 1.0000E+03 1.2293E+07
 53 2.2642E-02 1.0000E+03 1.1578E+07
 54 2.6074E-02 1.0000E+03 1.0906E+07
 55 2.9974E-02 1.0000E+03 1.0274E+07
 56 3.4396E-02 1.0000E+03 9.6808E+06
 57 3.9399E-02 1.0000E+03 9.1225E+06
 58 4.5051E-02 1.0000E+03 8.5972E+06
 59 5.1421E-02 1.0000E+03 8.1027E+06
 60 5.8588E-02 1.0000E+03 7.6368E+06
 61 6.6635E-02 1.0000E+03 7.1977E+06
 62 7.5653E-02 1.0000E+03 6.7838E+06
 63 8.5738E-02 1.0000E+03 6.3932E+06
 64 9.6996E-02 1.0000E+03 6.0246E+06
 65 1.0954E-01 1.0000E+03 5.6765E+06
 66 1.2348E-01 1.0000E+03 5.3475E+06
 67 1.3895E-01 1.0000E+03 5.0366E+06
 68 1.5607E-01 1.0000E+03 4.7425E+06
 69 1.7500E-01 1.0000E+03 4.4642E+06
 70 1.9588E-01 1.0000E+03 4.2007E+06
 71 2.1885E-01 1.0000E+03 3.9510E+06
 72 2.4409E-01 1.0000E+03 3.7144E+06
 73 2.7175E-01 1.0000E+03 3.4900E+06
 74 3.0201E-01 1.0000E+03 3.2771E+06
 75 3.3504E-01 1.0000E+03 3.0750E+06
 76 3.7102E-01 1.0000E+03 2.8831E+06
 77 4.1014E-01 1.0000E+03 2.7006E+06
 78 4.5257E-01 1.0000E+03 2.5272E+06
 79 4.9851E-01 1.0000E+03 2.3623E+06
 80 5.4813E-01 1.0000E+03 2.2054E+06
 81 6.0163E-01 1.0000E+03 2.0601E+06
 82 6.5916E-01 1.0000E+03 1.9340E+06
 83 7.2092E-01 1.0000E+03 1.8175E+06
 84 7.8707E-01 1.0000E+03 1.6995E+06
 85 8.5775E-01 1.0000E+03 1.5805E+06
 86 9.3312E-01 1.0000E+03 1.4607E+06
 87 1.0133E+00 1.0000E+03 1.3405E+06
 88 1.0984E+00 1.0000E+03 1.2202E+06
 89 1.1886E+00 1.0000E+03 1.1004E+06
 90 1.2838E+00 1.0000E+03 9.8150E+05
 91 1.3843E+00 1.0000E+03 8.6409E+05
 92 1.4899E+00 1.0000E+03 7.4878E+05
 93 1.6008E+00 1.0000E+03 6.3632E+05
 94 1.7168E+00 1.0000E+03 5.2748E+05
 95 1.8380E+00 1.0000E+03 4.2315E+05
 96 1.9643E+00 1.0000E+03 3.2432E+05
 97 2.0954E+00 1.0000E+03 3.0878E+05
 98 2.2314E+00 1.0000E+03 3.0767E+05
 99 2.3720E+00 1.0000E+03 3.0639E+05
100 2.5169E+00 1.0000E+03 4.5728E+10
 
  i  P(bar) chf(erg/s/cm**2) kzz(cm**-2)  
  1 1.2655E-06 1.5996E+03 5.1214E+08
  2 1.5986E-06 1.5996E+03 4.6790E+08
  3 2.0159E-06 1.5996E+03 4.2823E+08
  4 2.5375E-06 1.5996E+03 3.9264E+08
  5 3.1884E-06 1.5996E+03 3.6064E+08
  6 3.9991E-06 1.5996E+03 3.3180E+08
  7 5.0071E-06 1.5996E+03 3.0576E+08
  8 6.2580E-06 1.5996E+03 2.8223E+08
  9 7.8076E-06 1.5996E+03 2.6093E+08
 10 9.7234E-06 1.5996E+03 2.4160E+08
 11 1.2088E-05 1.5996E+03 2.2399E+08
 12 1.5001E-05 1.5996E+03 2.0790E+08
 13 1.8582E-05 1.5996E+03 1.9313E+08
 14 2.2978E-05 1.5996E+03 1.7950E+08
 15 2.8363E-05 1.5996E+03 1.6691E+08
 16 3.4948E-05 1.5996E+03 1.5523E+08
 17 4.2985E-05 1.5996E+03 1.4440E+08
 18 5.2776E-05 1.5996E+03 1.3434E+08
 19 6.4683E-05 1.5996E+03 1.2501E+08
 20 7.9135E-05 1.5996E+03 1.1635E+08
 21 9.6643E-05 1.5996E+03 1.0833E+08
 22 1.1782E-04 1.5996E+03 1.0090E+08
 23 1.4337E-04 1.5996E+03 9.4013E+07
 24 1.7416E-04 1.5996E+03 8.7636E+07
 25 2.1118E-04 1.5996E+03 8.1728E+07
 26 2.5562E-04 1.5996E+03 7.6252E+07
 27 3.0887E-04 1.5996E+03 7.1175E+07
 28 3.7253E-04 1.5996E+03 6.6466E+07
 29 4.4853E-04 1.5996E+03 6.2096E+07
 30 5.3906E-04 1.5996E+03 5.8038E+07
 31 6.4672E-04 1.5996E+03 5.4269E+07
 32 7.7450E-04 1.5996E+03 5.0766E+07
 33 9.2587E-04 1.5996E+03 4.7509E+07
 34 1.1049E-03 1.5996E+03 4.4480E+07
 35 1.3161E-03 1.5996E+03 4.1661E+07
 36 1.5650E-03 1.5996E+03 3.9036E+07
 37 1.8576E-03 1.5996E+03 3.6591E+07
 38 2.2010E-03 1.5996E+03 3.4312E+07
 39 2.6032E-03 1.5996E+03 3.2187E+07
 40 3.0735E-03 1.5996E+03 3.0204E+07
 41 3.6223E-03 1.5996E+03 2.8353E+07
 42 4.2615E-03 1.5996E+03 2.6624E+07
 43 5.0046E-03 1.5996E+03 2.5009E+07
 44 5.8668E-03 1.5996E+03 2.3499E+07
 45 6.8653E-03 1.5996E+03 2.2087E+07
 46 8.0194E-03 1.5996E+03 2.0766E+07
 47 9.3510E-03 1.5996E+03 1.9530E+07
 48 1.0884E-02 1.5996E+03 1.8371E+07
 49 1.2646E-02 1.5996E+03 1.7286E+07
 50 1.4668E-02 1.5996E+03 1.6270E+07
 51 1.6982E-02 1.5996E+03 1.5316E+07
 52 1.9626E-02 1.5996E+03 1.4421E+07
 53 2.2642E-02 1.5996E+03 1.3581E+07
 54 2.6074E-02 1.5996E+03 1.2793E+07
 55 2.9974E-02 1.5996E+03 1.2052E+07
 56 3.4396E-02 1.5996E+03 1.1355E+07
 57 3.9399E-02 1.5996E+03 1.0700E+07
 58 4.5051E-02 1.5996E+03 1.0083E+07
 59 5.1421E-02 1.5996E+03 9.5023E+06
 60 5.8588E-02 1.5996E+03 8.9554E+06
 61 6.6635E-02 1.5996E+03 8.4399E+06
 62 7.5653E-02 1.5996E+03 7.9539E+06
 63 8.5738E-02 1.5996E+03 7.4954E+06
 64 9.6996E-02 1.5996E+03 7.0627E+06
 65 1.0954E-01 1.5996E+03 6.6541E+06
 66 1.2348E-01 1.5996E+03 6.2680E+06
 67 1.3895E-01 1.5996E+03 5.9029E+06
 68 1.5607E-01 1.5996E+03 5.5576E+06
 69 1.7500E-01 1.5996E+03 5.2307E+06
 70 1.9588E-01 1.5996E+03 4.9213E+06
 71 2.1885E-01 1.5996E+03 4.6281E+06
 72 2.4409E-01 1.5996E+03 4.3503E+06
 73 2.7175E-01 1.5996E+03 4.0868E+06
 74 3.0201E-01 1.5996E+03 3.8367E+06
 75 3.3504E-01 1.5996E+03 3.5994E+06
 76 3.7102E-01 1.5996E+03 3.3739E+06
 77 4.1014E-01 1.5996E+03 3.1597E+06
 78 4.5257E-01 1.7263E+03 3.0320E+06
 79 4.9851E-01 2.1448E+03 3.0459E+06
 80 5.4813E-01 2.5342E+03 3.0049E+06
 81 6.0163E-01 2.8183E+03 2.9057E+06
 82 6.5916E-01 3.2195E+04 6.1273E+06
 83 7.2092E-01 3.2496E+04 5.7653E+06
 84 7.8707E-01 3.3484E+04 5.4455E+06
 85 8.5775E-01 3.5124E+04 5.1456E+06
 86 9.3312E-01 3.7358E+04 4.8543E+06
 87 1.0133E+00 3.9954E+04 4.5556E+06
 88 1.0984E+00 4.2734E+04 4.2409E+06
 89 1.1886E+00 4.5511E+04 3.9054E+06
 90 1.2838E+00 4.8326E+04 3.5536E+06
 91 1.3843E+00 5.1260E+04 3.1904E+06
 92 1.4899E+00 5.4294E+04 2.8180E+06
 93 1.6008E+00 5.7309E+04 2.4381E+06
 94 1.7168E+00 6.0096E+04 2.0531E+06
 95 1.8380E+00 6.2443E+04 1.6681E+06
 96 1.9643E+00 6.4427E+04 1.2918E+06
 97 2.0954E+00 6.6434E+04 1.2422E+06
 98 2.2314E+00 6.8737E+04 1.2518E+06
 99 2.3720E+00 7.0535E+04 1.2573E+06
100 2.5169E+00 7.5506E+04 3.3162E+10
 
  i  P(bar) chf(erg/s/cm**2) kzz(cm**-2)  
  1 1.2655E-06 1.6268E+03 5.2646E+08
  2 1.5986E-06 1.6268E+03 4.7766E+08
  3 2.0159E-06 1.6268E+03 4.3391E+08
  4 2.5375E-06 1.6268E+03 3.9525E+08
  5 3.1884E-06 1.6268E+03 3.6174E+08
  6 3.9991E-06 1.6268E+03 3.3171E+08
  7 5.0071E-06 1.6268E+03 3.0476E+08
  8 6.2580E-06 1.6268E+03 2.8083E+08
  9 7.8076E-06 1.6268E+03 2.5942E+08
 10 9.7234E-06 1.6268E+03 2.4018E+08
 11 1.2088E-05 1.6268E+03 2.2281E+08
 12 1.5001E-05 1.6268E+03 2.0703E+08
 13 1.8582E-05 1.6268E+03 1.9258E+08
 14 2.2978E-05 1.6268E+03 1.7927E+08
 15 2.8363E-05 1.6268E+03 1.6694E+08
 16 3.4948E-05 1.6268E+03 1.5547E+08
 17 4.2985E-05 1.6268E+03 1.4479E+08
 18 5.2776E-05 1.6268E+03 1.3482E+08
 19 6.4683E-05 1.6268E+03 1.2553E+08
 20 7.9135E-05 1.6268E+03 1.1689E+08
 21 9.6643E-05 1.6268E+03 1.0885E+08
 22 1.1782E-04 1.6268E+03 1.0139E+08
 23 1.4337E-04 1.6268E+03 9.4479E+07
 24 1.7416E-04 1.6268E+03 8.8070E+07
 25 2.1118E-04 1.6268E+03 8.2132E+07
 26 2.5562E-04 1.6268E+03 7.6627E+07
 27 3.0887E-04 1.6268E+03 7.1524E+07
 28 3.7253E-04 1.6268E+03 6.6789E+07
 29 4.4853E-04 1.6268E+03 6.2397E+07
 30 5.3906E-04 1.6268E+03 5.8318E+07
 31 6.4672E-04 1.6268E+03 5.4529E+07
 32 7.7450E-04 1.6268E+03 5.1009E+07
 33 9.2587E-04 1.6268E+03 4.7737E+07
 34 1.1049E-03 1.6268E+03 4.4693E+07
 35 1.3161E-03 1.6268E+03 4.1861E+07
 36 1.5650E-03 1.6268E+03 3.9225E+07
 37 1.8576E-03 1.6268E+03 3.6769E+07
 38 2.2010E-03 1.6268E+03 3.4479E+07
 39 2.6032E-03 1.6268E+03 3.2344E+07
 40 3.0735E-03 1.6268E+03 3.0352E+07
 41 3.6223E-03 1.6268E+03 2.8492E+07
 42 4.2615E-03 1.6268E+03 2.6755E+07
 43 5.0046E-03 1.6268E+03 2.5132E+07
 44 5.8668E-03 1.6268E+03 2.3615E+07
 45 6.8653E-03 1.6268E+03 2.2195E+07
 46 8.0194E-03 1.6268E+03 2.0867E+07
 47 9.3510E-03 1.6268E+03 1.9624E+07
 48 1.0884E-02 1.6268E+03 1.8460E+07
 49 1.2646E-02 1.6268E+03 1.7369E+07
 50 1.4668E-02 1.6268E+03 1.6347E+07
 51 1.6982E-02 1.6268E+03 1.5388E+07
 52 1.9626E-02 1.6268E+03 1.4489E+07
 53 2.2642E-02 1.6268E+03 1.3645E+07
 54 2.6074E-02 1.6268E+03 1.2853E+07
 55 2.9974E-02 1.6268E+03 1.2108E+07
 56 3.4396E-02 1.6268E+03 1.1408E+07
 57 3.9399E-02 1.6268E+03 1.0749E+07
 58 4.5051E-02 1.6268E+03 1.0129E+07
 59 5.1421E-02 1.6268E+03 9.5456E+06
 60 5.8588E-02 1.6268E+03 8.9958E+06
 61 6.6635E-02 1.6268E+03 8.4777E+06
 62 7.5653E-02 1.6268E+03 7.9892E+06
 63 8.5738E-02 1.6268E+03 7.5284E+06
 64 9.6996E-02 1.6268E+03 7.0936E+06
 65 1.0954E-01 1.6268E+03 6.6828E+06
 66 1.2348E-01 1.6268E+03 6.2947E+06
 67 1.3895E-01 1.6268E+03 5.9278E+06
 68 1.5607E-01 1.6268E+03 5.5807E+06
 69 1.7500E-01 1.6268E+03 5.2521E+06
 70 1.9588E-01 1.8296E+03 5.1384E+06
 71 2.1885E-01 2.3506E+03 5.2528E+06
 72 2.4409E-01 2.8823E+03 5.2842E+06
 73 2.7175E-01 3.4182E+03 5.2540E+06
 74 3.0201E-01 3.9522E+03 5.1765E+06
 75 3.3504E-01 4.4799E+03 5.0628E+06
 76 3.7102E-01 4.9980E+03 4.9213E+06
 77 4.1014E-01 5.5029E+03 4.7584E+06
 78 4.5257E-01 5.9876E+03 4.5780E+06
 79 4.9851E-01 6.4350E+03 4.3810E+06
 80 5.4813E-01 6.8444E+03 4.1728E+06
 81 6.0163E-01 7.2058E+03 3.9608E+06
 82 6.5916E-01 3.6051E+04 6.3326E+06
 83 7.2092E-01 3.5761E+04 5.9173E+06
 84 7.8707E-01 3.6447E+04 5.5694E+06
 85 8.5775E-01 3.7828E+04 5.2445E+06
 86 9.3312E-01 3.9731E+04 4.9275E+06
 87 1.0133E+00 4.2210E+04 4.6145E+06
 88 1.0984E+00 4.4944E+04 4.2897E+06
 89 1.1886E+00 4.7701E+04 3.9462E+06
 90 1.2838E+00 5.0473E+04 3.5868E+06
 91 1.3843E+00 5.3456E+04 3.2188E+06
 92 1.4899E+00 5.6536E+04 2.8418E+06
 93 1.6008E+00 5.9575E+04 2.4575E+06
 94 1.7168E+00 6.2424E+04 2.0691E+06
 95 1.8380E+00 6.4845E+04 1.6809E+06
 96 1.9643E+00 6.6861E+04 1.3015E+06
 97 2.0954E+00 6.8768E+04 1.2504E+06
 98 2.2314E+00 7.0637E+04 1.2571E+06
 99 2.3720E+00 7.2144E+04 1.2607E+06
100 2.5169E+00 7.6685E+04 3.3279E+10
 
  i  P(bar) chf(erg/s/cm**2) kzz(cm**-2)  
  1 1.2655E-06 1.6287E+03 5.3649E+08
  2 1.5986E-06 1.6287E+03 4.7565E+08
  3 2.0159E-06 1.6287E+03 4.3139E+08
  4 2.5375E-06 1.6287E+03 3.9411E+08
  5 3.1884E-06 1.6287E+03 3.6073E+08
  6 3.9991E-06 1.6287E+03 3.3041E+08
  7 5.0071E-06 1.6287E+03 3.0286E+08
  8 6.2580E-06 1.6287E+03 2.7850E+08
  9 7.8076E-06 1.6287E+03 2.5702E+08
 10 9.7234E-06 1.6287E+03 2.3790E+08
 11 1.2088E-05 1.6287E+03 2.2077E+08
 12 1.5001E-05 1.6287E+03 2.0529E+08
 13 1.8582E-05 1.6287E+03 1.9116E+08
 14 2.2978E-05 1.6287E+03 1.7816E+08
 15 2.8363E-05 1.6287E+03 1.6612E+08
 16 3.4948E-05 1.6287E+03 1.5490E+08
 17 4.2985E-05 1.6287E+03 1.4441E+08
 18 5.2776E-05 1.6287E+03 1.3458E+08
 19 6.4683E-05 1.6287E+03 1.2539E+08
 20 7.9135E-05 1.6287E+03 1.1681E+08
 21 9.6643E-05 1.6287E+03 1.0880E+08
 22 1.1782E-04 1.6287E+03 1.0136E+08
 23 1.4337E-04 1.6287E+03 9.4457E+07
 24 1.7416E-04 1.6287E+03 8.8051E+07
 25 2.1118E-04 1.6287E+03 8.2112E+07
 26 2.5562E-04 1.6287E+03 7.6608E+07
 27 3.0887E-04 1.6287E+03 7.1504E+07
 28 3.7253E-04 1.6287E+03 6.6770E+07
 29 4.4853E-04 1.6287E+03 6.2377E+07
 30 5.3906E-04 1.6287E+03 5.8299E+07
 31 6.4672E-04 1.6287E+03 5.4511E+07
 32 7.7450E-04 1.6287E+03 5.0991E+07
 33 9.2587E-04 1.6287E+03 4.7720E+07
 34 1.1049E-03 1.6287E+03 4.4678E+07
 35 1.3161E-03 1.6287E+03 4.1848E+07
 36 1.5650E-03 1.6287E+03 3.9213E+07
 37 1.8576E-03 1.6287E+03 3.6758E+07
 38 2.2010E-03 1.6287E+03 3.4470E+07
 39 2.6032E-03 1.6287E+03 3.2336E+07
 40 3.0735E-03 1.6287E+03 3.0345E+07
 41 3.6223E-03 1.6287E+03 2.8486E+07
 42 4.2615E-03 1.6287E+03 2.6749E+07
 43 5.0046E-03 1.6287E+03 2.5127E+07
 44 5.8668E-03 1.6287E+03 2.3609E+07
 45 6.8653E-03 1.6287E+03 2.2190E+07
 46 8.0194E-03 1.6287E+03 2.0862E+07
 47 9.3510E-03 1.6287E+03 1.9619E+07
 48 1.0884E-02 1.6287E+03 1.8454E+07
 49 1.2646E-02 1.6287E+03 1.7364E+07
 50 1.4668E-02 1.6287E+03 1.6341E+07
 51 1.6982E-02 1.6287E+03 1.5383E+07
 52 1.9626E-02 1.6287E+03 1.4484E+07
 53 2.2642E-02 1.6287E+03 1.3640E+07
 54 2.6074E-02 1.6287E+03 1.2848E+07
 55 2.9974E-02 1.6287E+03 1.2103E+07
 56 3.4396E-02 1.6287E+03 1.1403E+07
 57 3.9399E-02 1.6287E+03 1.0744E+07
 58 4.5051E-02 1.6287E+03 1.0124E+07
 59 5.1421E-02 1.6287E+03 9.5409E+06
 60 5.8588E-02 1.6287E+03 8.9912E+06
 61 6.6635E-02 1.6287E+03 8.4732E+06
 62 7.5653E-02 1.6287E+03 7.9847E+06
 63 8.5738E-02 1.6287E+03 7.5240E+06
 64 9.6996E-02 1.6287E+03 7.0891E+06
 65 1.0954E-01 1.6287E+03 6.6785E+06
 66 1.2348E-01 1.6287E+03 6.2904E+06
 67 1.3895E-01 1.6510E+03 5.9503E+06
 68 1.5607E-01 2.1254E+03 6.0937E+06
 69 1.7500E-01 2.6141E+03 6.1442E+06
 70 1.9588E-01 3.1201E+03 6.1311E+06
 71 2.1885E-01 3.6422E+03 6.0701E+06
 72 2.4409E-01 4.1753E+03 5.9705E+06
 73 2.7175E-01 4.7130E+03 5.8389E+06
 74 3.0201E-01 5.2494E+03 5.6811E+06
 75 3.3504E-01 5.7801E+03 5.5023E+06
 76 3.7102E-01 6.3020E+03 5.3072E+06
 77 4.1014E-01 6.8120E+03 5.0995E+06
 78 4.5257E-01 7.3040E+03 4.8816E+06
 79 4.9851E-01 7.7590E+03 4.6529E+06
 80 5.4813E-01 8.1593E+03 4.4147E+06
 81 6.0163E-01 8.5361E+03 4.1801E+06
 82 6.5916E-01 3.7413E+04 6.3868E+06
 83 7.2092E-01 3.6844E+04 5.9486E+06
 84 7.8707E-01 3.7448E+04 5.5942E+06
 85 8.5775E-01 3.8668E+04 5.2594E+06
 86 9.3312E-01 4.0483E+04 4.9366E+06
 87 1.0133E+00 4.2862E+04 4.6182E+06
 88 1.0984E+00 4.5552E+04 4.2907E+06
 89 1.1886E+00 4.8340E+04 3.9472E+06
 90 1.2838E+00 5.1056E+04 3.5857E+06
 91 1.3843E+00 5.3995E+04 3.2164E+06
 92 1.4899E+00 5.7061E+04 2.8392E+06
 93 1.6008E+00 6.0116E+04 2.4551E+06
 94 1.7168E+00 6.2977E+04 2.0670E+06
 95 1.8380E+00 6.5492E+04 1.6800E+06
 96 1.9643E+00 6.7529E+04 1.3008E+06
 97 2.0954E+00 6.9412E+04 1.2494E+06
 98 2.2314E+00 7.1132E+04 1.2552E+06
 99 2.3720E+00 7.2440E+04 1.2577E+06
100 2.5169E+00 7.6699E+04 3.3211E+10
 
  i  P(bar) chf(erg/s/cm**2) kzz(cm**-2)  
  1 1.2655E-06 1.6299E+03 5.8077E+08
  2 1.5986E-06 1.6299E+03 5.0908E+08
  3 2.0159E-06 1.6299E+03 4.4240E+08
  4 2.5375E-06 1.6299E+03 3.9582E+08
  5 3.1884E-06 1.6299E+03 3.6071E+08
  6 3.9991E-06 1.6299E+03 3.2940E+08
  7 5.0071E-06 1.6299E+03 3.0129E+08
  8 6.2580E-06 1.6299E+03 2.7653E+08
  9 7.8076E-06 1.6299E+03 2.5493E+08
 10 9.7234E-06 1.6299E+03 2.3590E+08
 11 1.2088E-05 1.6299E+03 2.1895E+08
 12 1.5001E-05 1.6299E+03 2.0370E+08
 13 1.8582E-05 1.6299E+03 1.8983E+08
 14 2.2978E-05 1.6299E+03 1.7710E+08
 15 2.8363E-05 1.6299E+03 1.6530E+08
 16 3.4948E-05 1.6299E+03 1.5430E+08
 17 4.2985E-05 1.6299E+03 1.4399E+08
 18 5.2776E-05 1.6299E+03 1.3431E+08
 19 6.4683E-05 1.6299E+03 1.2522E+08
 20 7.9135E-05 1.6299E+03 1.1670E+08
 21 9.6643E-05 1.6299E+03 1.0874E+08
 22 1.1782E-04 1.6299E+03 1.0132E+08
 23 1.4337E-04 1.6299E+03 9.4421E+07
 24 1.7416E-04 1.6299E+03 8.8019E+07
 25 2.1118E-04 1.6299E+03 8.2083E+07
 26 2.5562E-04 1.6299E+03 7.6579E+07
 27 3.0887E-04 1.6299E+03 7.1476E+07
 28 3.7253E-04 1.6299E+03 6.6742E+07
 29 4.4853E-04 1.6299E+03 6.2349E+07
 30 5.3906E-04 1.6299E+03 5.8272E+07
 31 6.4672E-04 1.6299E+03 5.4485E+07
 32 7.7450E-04 1.6299E+03 5.0967E+07
 33 9.2587E-04 1.6299E+03 4.7698E+07
 34 1.1049E-03 1.6299E+03 4.4657E+07
 35 1.3161E-03 1.6299E+03 4.1829E+07
 36 1.5650E-03 1.6299E+03 3.9196E+07
 37 1.8576E-03 1.6299E+03 3.6743E+07
 38 2.2010E-03 1.6299E+03 3.4457E+07
 39 2.6032E-03 1.6299E+03 3.2325E+07
 40 3.0735E-03 1.6299E+03 3.0335E+07
 41 3.6223E-03 1.6299E+03 2.8477E+07
 42 4.2615E-03 1.6299E+03 2.6741E+07
 43 5.0046E-03 1.6299E+03 2.5119E+07
 44 5.8668E-03 1.6299E+03 2.3602E+07
 45 6.8653E-03 1.6299E+03 2.2183E+07
 46 8.0194E-03 1.6299E+03 2.0855E+07
 47 9.3510E-03 1.6299E+03 1.9612E+07
 48 1.0884E-02 1.6299E+03 1.8447E+07
 49 1.2646E-02 1.6299E+03 1.7357E+07
 50 1.4668E-02 1.6299E+03 1.6335E+07
 51 1.6982E-02 1.6299E+03 1.5376E+07
 52 1.9626E-02 1.6299E+03 1.4478E+07
 53 2.2642E-02 1.6299E+03 1.3634E+07
 54 2.6074E-02 1.6299E+03 1.2842E+07
 55 2.9974E-02 1.6299E+03 1.2097E+07
 56 3.4396E-02 1.6299E+03 1.1398E+07
 57 3.9399E-02 1.6299E+03 1.0739E+07
 58 4.5051E-02 1.6299E+03 1.0120E+07
 59 5.1421E-02 1.6299E+03 9.5360E+06
 60 5.8588E-02 1.6299E+03 8.9864E+06
 61 6.6635E-02 1.6299E+03 8.4685E+06
 62 7.5653E-02 1.6299E+03 7.9802E+06
 63 8.5738E-02 1.6299E+03 7.5196E+06
 64 9.6996E-02 1.6299E+03 7.0849E+06
 65 1.0954E-01 1.7446E+03 6.8273E+06
 66 1.2348E-01 2.2126E+03 6.9605E+06
 67 1.3895E-01 2.6801E+03 6.9868E+06
 68 1.5607E-01 3.1548E+03 6.9446E+06
 69 1.7500E-01 3.6439E+03 6.8568E+06
 70 1.9588E-01 4.1506E+03 6.7360E+06
 71 2.1885E-01 4.6736E+03 6.5890E+06
 72 2.4409E-01 5.2078E+03 6.4196E+06
 73 2.7175E-01 5.7470E+03 6.2306E+06
 74 3.0201E-01 6.2854E+03 6.0251E+06
 75 3.3504E-01 6.8186E+03 5.8061E+06
 76 3.7102E-01 7.3438E+03 5.5770E+06
 77 4.1014E-01 7.8582E+03 5.3402E+06
 78 4.5257E-01 8.3558E+03 5.0973E+06
 79 4.9851E-01 8.8193E+03 4.8478E+06
 80 5.4813E-01 9.2290E+03 4.5918E+06
 81 6.0163E-01 9.6385E+03 4.3439E+06
 82 6.5916E-01 3.8462E+04 6.4263E+06
 83 7.2092E-01 3.7682E+04 5.9714E+06
 84 7.8707E-01 3.8214E+04 5.6119E+06
 85 8.5775E-01 3.9321E+04 5.2703E+06
 86 9.3312E-01 4.1093E+04 4.9442E+06
 87 1.0133E+00 4.3383E+04 4.6212E+06
 88 1.0984E+00 4.6036E+04 4.2915E+06
 89 1.1886E+00 4.8821E+04 3.9473E+06
 90 1.2838E+00 5.1522E+04 3.5850E+06
 91 1.3843E+00 5.4420E+04 3.2146E+06
 92 1.4899E+00 5.7471E+04 2.8370E+06
 93 1.6008E+00 6.0520E+04 2.4530E+06
 94 1.7168E+00 6.3406E+04 2.0654E+06
 95 1.8380E+00 6.5970E+04 1.6789E+06
 96 1.9643E+00 6.8043E+04 1.3001E+06
 97 2.0954E+00 6.9923E+04 1.2487E+06
 98 2.2314E+00 7.1566E+04 1.2540E+06
 99 2.3720E+00 7.2726E+04 1.2556E+06
100 2.5169E+00 7.6785E+04 3.3277E+10
 
  i  P(bar) chf(erg/s/cm**2) kzz(cm**-2)  
  1 1.2655E-06 1.6308E+03 5.8203E+08
  2 1.5986E-06 1.6308E+03 5.1729E+08
  3 2.0159E-06 1.6308E+03 4.5294E+08
  4 2.5375E-06 1.6308E+03 4.0147E+08
  5 3.1884E-06 1.6308E+03 3.6110E+08
  6 3.9991E-06 1.6308E+03 3.2858E+08
  7 5.0071E-06 1.6308E+03 3.0074E+08
  8 6.2580E-06 1.6308E+03 2.7594E+08
  9 7.8076E-06 1.6308E+03 2.5423E+08
 10 9.7234E-06 1.6308E+03 2.3516E+08
 11 1.2088E-05 1.6308E+03 2.1824E+08
 12 1.5001E-05 1.6308E+03 2.0305E+08
 13 1.8582E-05 1.6308E+03 1.8927E+08
 14 2.2978E-05 1.6308E+03 1.7662E+08
 15 2.8363E-05 1.6308E+03 1.6492E+08
 16 3.4948E-05 1.6308E+03 1.5401E+08
 17 4.2985E-05 1.6308E+03 1.4377E+08
 18 5.2776E-05 1.6308E+03 1.3416E+08
 19 6.4683E-05 1.6308E+03 1.2512E+08
 20 7.9135E-05 1.6308E+03 1.1663E+08
 21 9.6643E-05 1.6308E+03 1.0870E+08
 22 1.1782E-04 1.6308E+03 1.0129E+08
 23 1.4337E-04 1.6308E+03 9.4402E+07
 24 1.7416E-04 1.6308E+03 8.8005E+07
 25 2.1118E-04 1.6308E+03 8.2070E+07
 26 2.5562E-04 1.6308E+03 7.6566E+07
 27 3.0887E-04 1.6308E+03 7.1464E+07
 28 3.7253E-04 1.6308E+03 6.6730E+07
 29 4.4853E-04 1.6308E+03 6.2338E+07
 30 5.3906E-04 1.6308E+03 5.8260E+07
 31 6.4672E-04 1.6308E+03 5.4474E+07
 32 7.7450E-04 1.6308E+03 5.0956E+07
 33 9.2587E-04 1.6308E+03 4.7687E+07
 34 1.1049E-03 1.6308E+03 4.4648E+07
 35 1.3161E-03 1.6308E+03 4.1820E+07
 36 1.5650E-03 1.6308E+03 3.9188E+07
 37 1.8576E-03 1.6308E+03 3.6736E+07
 38 2.2010E-03 1.6308E+03 3.4451E+07
 39 2.6032E-03 1.6308E+03 3.2319E+07
 40 3.0735E-03 1.6308E+03 3.0330E+07
 41 3.6223E-03 1.6308E+03 2.8472E+07
 42 4.2615E-03 1.6308E+03 2.6737E+07
 43 5.0046E-03 1.6308E+03 2.5115E+07
 44 5.8668E-03 1.6308E+03 2.3598E+07
 45 6.8653E-03 1.6308E+03 2.2179E+07
 46 8.0194E-03 1.6308E+03 2.0851E+07
 47 9.3510E-03 1.6308E+03 1.9608E+07
 48 1.0884E-02 1.6308E+03 1.8444E+07
 49 1.2646E-02 1.6308E+03 1.7353E+07
 50 1.4668E-02 1.6308E+03 1.6331E+07
 51 1.6982E-02 1.6308E+03 1.5373E+07
 52 1.9626E-02 1.6308E+03 1.4474E+07
 53 2.2642E-02 1.6308E+03 1.3630E+07
 54 2.6074E-02 1.6308E+03 1.2838E+07
 55 2.9974E-02 1.6308E+03 1.2094E+07
 56 3.4396E-02 1.6308E+03 1.1394E+07
 57 3.9399E-02 1.6308E+03 1.0736E+07
 58 4.5051E-02 1.6308E+03 1.0116E+07
 59 5.1421E-02 1.6308E+03 9.5329E+06
 60 5.8588E-02 1.6308E+03 8.9833E+06
 61 6.6635E-02 1.6308E+03 8.4654E+06
 62 7.5653E-02 1.6308E+03 7.9771E+06
 63 8.5738E-02 1.6358E+03 7.5243E+06
 64 9.6996E-02 2.1020E+03 7.7072E+06
 65 1.0954E-01 2.5752E+03 7.7687E+06
 66 1.2348E-01 3.0431E+03 7.7357E+06
 67 1.3895E-01 3.5106E+03 7.6394E+06
 68 1.5607E-01 3.9856E+03 7.5020E+06
 69 1.7500E-01 4.4750E+03 7.3373E+06
 70 1.9588E-01 4.9822E+03 7.1532E+06
 71 2.1885E-01 5.5057E+03 6.9533E+06
 72 2.4409E-01 6.0408E+03 6.7393E+06
 73 2.7175E-01 6.5812E+03 6.5126E+06
 74 3.0201E-01 7.1211E+03 6.2750E+06
 75 3.3504E-01 7.6563E+03 6.0286E+06
 76 3.7102E-01 8.1841E+03 5.7758E+06
 77 4.1014E-01 8.7019E+03 5.5185E+06
 78 4.5257E-01 9.2039E+03 5.2578E+06
 79 4.9851E-01 9.6756E+03 4.9935E+06
 80 5.4813E-01 1.0094E+04 4.7247E+06
 81 6.0163E-01 1.0531E+04 4.4669E+06
 82 6.5916E-01 3.9286E+04 6.4566E+06
 83 7.2092E-01 3.8346E+04 5.9893E+06
 84 7.8707E-01 3.8806E+04 5.6250E+06
 85 8.5775E-01 3.9841E+04 5.2790E+06
 86 9.3312E-01 4.1563E+04 4.9497E+06
 87 1.0133E+00 4.3795E+04 4.6235E+06
 88 1.0984E+00 4.6421E+04 4.2923E+06
 89 1.1886E+00 4.9196E+04 3.9473E+06
 90 1.2838E+00 5.1908E+04 3.5849E+06
 91 1.3843E+00 5.4758E+04 3.2133E+06
 92 1.4899E+00 5.7793E+04 2.8353E+06
 93 1.6008E+00 6.0835E+04 2.4513E+06
 94 1.7168E+00 6.3735E+04 2.0640E+06
 95 1.8380E+00 6.6329E+04 1.6780E+06
 96 1.9643E+00 6.8439E+04 1.2996E+06
 97 2.0954E+00 7.0325E+04 1.2481E+06
 98 2.2314E+00 7.1963E+04 1.2534E+06
 99 2.3720E+00 7.3014E+04 1.2544E+06
100 2.5169E+00 7.6930E+04 3.3301E+10
 
  i  P(bar) chf(erg/s/cm**2) kzz(cm**-2)  
  1 1.2655E-06 1.6316E+03 5.7634E+08
  2 1.5986E-06 1.6316E+03 5.1411E+08
  3 2.0159E-06 1.6316E+03 4.5492E+08
  4 2.5375E-06 1.6316E+03 4.0339E+08
  5 3.1884E-06 1.6316E+03 3.6178E+08
  6 3.9991E-06 1.6316E+03 3.2859E+08
  7 5.0071E-06 1.6316E+03 3.0050E+08
  8 6.2580E-06 1.6316E+03 2.7577E+08
  9 7.8076E-06 1.6316E+03 2.5404E+08
 10 9.7234E-06 1.6316E+03 2.3492E+08
 11 1.2088E-05 1.6316E+03 2.1797E+08
 12 1.5001E-05 1.6316E+03 2.0279E+08
 13 1.8582E-05 1.6316E+03 1.8902E+08
 14 2.2978E-05 1.6316E+03 1.7641E+08
 15 2.8363E-05 1.6316E+03 1.6474E+08
 16 3.4948E-05 1.6316E+03 1.5385E+08
 17 4.2985E-05 1.6316E+03 1.4365E+08
 18 5.2776E-05 1.6316E+03 1.3407E+08
 19 6.4683E-05 1.6316E+03 1.2506E+08
 20 7.9135E-05 1.6316E+03 1.1659E+08
 21 9.6643E-05 1.6316E+03 1.0867E+08
 22 1.1782E-04 1.6316E+03 1.0128E+08
 23 1.4337E-04 1.6316E+03 9.4394E+07
 24 1.7416E-04 1.6316E+03 8.8000E+07
 25 2.1118E-04 1.6316E+03 8.2066E+07
 26 2.5562E-04 1.6316E+03 7.6563E+07
 27 3.0887E-04 1.6316E+03 7.1460E+07
 28 3.7253E-04 1.6316E+03 6.6726E+07
 29 4.4853E-04 1.6316E+03 6.2334E+07
 30 5.3906E-04 1.6316E+03 5.8257E+07
 31 6.4672E-04 1.6316E+03 5.4470E+07
 32 7.7450E-04 1.6316E+03 5.0953E+07
 33 9.2587E-04 1.6316E+03 4.7684E+07
 34 1.1049E-03 1.6316E+03 4.4645E+07
 35 1.3161E-03 1.6316E+03 4.1817E+07
 36 1.5650E-03 1.6316E+03 3.9185E+07
 37 1.8576E-03 1.6316E+03 3.6734E+07
 38 2.2010E-03 1.6316E+03 3.4449E+07
 39 2.6032E-03 1.6316E+03 3.2317E+07
 40 3.0735E-03 1.6316E+03 3.0327E+07
 41 3.6223E-03 1.6316E+03 2.8470E+07
 42 4.2615E-03 1.6316E+03 2.6735E+07
 43 5.0046E-03 1.6316E+03 2.5113E+07
 44 5.8668E-03 1.6316E+03 2.3596E+07
 45 6.8653E-03 1.6316E+03 2.2177E+07
 46 8.0194E-03 1.6316E+03 2.0849E+07
 47 9.3510E-03 1.6316E+03 1.9606E+07
 48 1.0884E-02 1.6316E+03 1.8442E+07
 49 1.2646E-02 1.6316E+03 1.7351E+07
 50 1.4668E-02 1.6316E+03 1.6329E+07
 51 1.6982E-02 1.6316E+03 1.5371E+07
 52 1.9626E-02 1.6316E+03 1.4472E+07
 53 2.2642E-02 1.6316E+03 1.3628E+07
 54 2.6074E-02 1.6316E+03 1.2836E+07
 55 2.9974E-02 1.6316E+03 1.2092E+07
 56 3.4396E-02 1.6316E+03 1.1392E+07
 57 3.9399E-02 1.6316E+03 1.0734E+07
 58 4.5051E-02 1.6316E+03 1.0114E+07
 59 5.1421E-02 1.6316E+03 9.5309E+06
 60 5.8588E-02 1.6316E+03 8.9813E+06
 61 6.6635E-02 1.6316E+03 8.4634E+06
 62 7.5653E-02 1.8571E+03 8.3269E+06
 63 8.5738E-02 2.3050E+03 8.4319E+06
 64 9.6996E-02 2.7711E+03 8.4471E+06
 65 1.0954E-01 3.2441E+03 8.3864E+06
 66 1.2348E-01 3.7121E+03 8.2614E+06
 67 1.3895E-01 4.1797E+03 8.0928E+06
 68 1.5607E-01 4.6549E+03 7.8962E+06
 69 1.7500E-01 5.1447E+03 7.6821E+06
 70 1.9588E-01 5.6523E+03 7.4562E+06
 71 2.1885E-01 6.1764E+03 7.2204E+06
 72 2.4409E-01 6.7123E+03 6.9757E+06
 73 2.7175E-01 7.2536E+03 6.7226E+06
 74 3.0201E-01 7.7948E+03 6.4622E+06
 75 3.3504E-01 8.3316E+03 6.1961E+06
 76 3.7102E-01 8.8615E+03 5.9260E+06
 77 4.1014E-01 9.3819E+03 5.6537E+06
 78 4.5257E-01 9.8874E+03 5.3798E+06
 79 4.9851E-01 1.0367E+04 5.1046E+06
 80 5.4813E-01 1.0792E+04 4.8262E+06
 81 6.0163E-01 1.1251E+04 4.5607E+06
 82 6.5916E-01 3.9940E+04 6.4803E+06
 83 7.2092E-01 3.8877E+04 6.0035E+06
 84 7.8707E-01 3.9284E+04 5.6359E+06
 85 8.5775E-01 4.0265E+04 5.2865E+06
 86 9.3312E-01 4.1930E+04 4.9540E+06
 87 1.0133E+00 4.4130E+04 4.6259E+06
 88 1.0984E+00 4.6732E+04 4.2933E+06
 89 1.1886E+00 4.9504E+04 3.9477E+06
 90 1.2838E+00 5.2213E+04 3.5850E+06
 91 1.3843E+00 5.5034E+04 3.2125E+06
 92 1.4899E+00 5.8051E+04 2.8342E+06
 93 1.6008E+00 6.1089E+04 2.4501E+06
 94 1.7168E+00 6.4001E+04 2.0630E+06
 95 1.8380E+00 6.6613E+04 1.6773E+06
 96 1.9643E+00 6.8756E+04 1.2993E+06
 97 2.0954E+00 7.0648E+04 1.2477E+06
 98 2.2314E+00 7.2270E+04 1.2529E+06
 99 2.3720E+00 7.3242E+04 1.2534E+06
100 2.5169E+00 7.7053E+04 3.3297E+10
 
  i  P(bar) chf(erg/s/cm**2) kzz(cm**-2)  
  1 1.2655E-06 1.6322E+03 5.7231E+08
  2 1.5986E-06 1.6322E+03 5.1226E+08
  3 2.0159E-06 1.6322E+03 4.5482E+08
  4 2.5375E-06 1.6322E+03 4.0397E+08
  5 3.1884E-06 1.6322E+03 3.6262E+08
  6 3.9991E-06 1.6322E+03 3.2870E+08
  7 5.0071E-06 1.6322E+03 3.0008E+08
  8 6.2580E-06 1.6322E+03 2.7532E+08
  9 7.8076E-06 1.6322E+03 2.5358E+08
 10 9.7234E-06 1.6322E+03 2.3446E+08
 11 1.2088E-05 1.6322E+03 2.1752E+08
 12 1.5001E-05 1.6322E+03 2.0236E+08
 13 1.8582E-05 1.6322E+03 1.8864E+08
 14 2.2978E-05 1.6322E+03 1.7607E+08
 15 2.8363E-05 1.6322E+03 1.6446E+08
 16 3.4948E-05 1.6322E+03 1.5363E+08
 17 4.2985E-05 1.6322E+03 1.4349E+08
 18 5.2776E-05 1.6322E+03 1.3395E+08
 19 6.4683E-05 1.6322E+03 1.2497E+08
 20 7.9135E-05 1.6322E+03 1.1654E+08
 21 9.6643E-05 1.6322E+03 1.0864E+08
 22 1.1782E-04 1.6322E+03 1.0125E+08
 23 1.4337E-04 1.6322E+03 9.4379E+07
 24 1.7416E-04 1.6322E+03 8.7988E+07
 25 2.1118E-04 1.6322E+03 8.2056E+07
 26 2.5562E-04 1.6322E+03 7.6554E+07
 27 3.0887E-04 1.6322E+03 7.1451E+07
 28 3.7253E-04 1.6322E+03 6.6718E+07
 29 4.4853E-04 1.6322E+03 6.2326E+07
 30 5.3906E-04 1.6322E+03 5.8249E+07
 31 6.4672E-04 1.6322E+03 5.4463E+07
 32 7.7450E-04 1.6322E+03 5.0946E+07
 33 9.2587E-04 1.6322E+03 4.7677E+07
 34 1.1049E-03 1.6322E+03 4.4638E+07
 35 1.3161E-03 1.6322E+03 4.1811E+07
 36 1.5650E-03 1.6322E+03 3.9180E+07
 37 1.8576E-03 1.6322E+03 3.6729E+07
 38 2.2010E-03 1.6322E+03 3.4444E+07
 39 2.6032E-03 1.6322E+03 3.2313E+07
 40 3.0735E-03 1.6322E+03 3.0324E+07
 41 3.6223E-03 1.6322E+03 2.8467E+07
 42 4.2615E-03 1.6322E+03 2.6732E+07
 43 5.0046E-03 1.6322E+03 2.5110E+07
 44 5.8668E-03 1.6322E+03 2.3594E+07
 45 6.8653E-03 1.6322E+03 2.2175E+07
 46 8.0194E-03 1.6322E+03 2.0847E+07
 47 9.3510E-03 1.6322E+03 1.9604E+07
 48 1.0884E-02 1.6322E+03 1.8439E+07
 49 1.2646E-02 1.6322E+03 1.7349E+07
 50 1.4668E-02 1.6322E+03 1.6327E+07
 51 1.6982E-02 1.6322E+03 1.5368E+07
 52 1.9626E-02 1.6322E+03 1.4470E+07
 53 2.2642E-02 1.6322E+03 1.3626E+07
 54 2.6074E-02 1.6322E+03 1.2834E+07
 55 2.9974E-02 1.6322E+03 1.2090E+07
 56 3.4396E-02 1.6322E+03 1.1390E+07
 57 3.9399E-02 1.6322E+03 1.0732E+07
 58 4.5051E-02 1.6322E+03 1.0112E+07
 59 5.1421E-02 1.6322E+03 9.5290E+06
 60 5.8588E-02 1.6322E+03 8.9795E+06
 61 6.6635E-02 1.9571E+03 8.9895E+06
 62 7.5653E-02 2.3771E+03 9.0379E+06
 63 8.5738E-02 2.8250E+03 9.0202E+06
 64 9.6996E-02 3.2910E+03 8.9420E+06
 65 1.0954E-01 3.7641E+03 8.8091E+06
 66 1.2348E-01 4.2320E+03 8.6270E+06
 67 1.3895E-01 4.6998E+03 8.4119E+06
 68 1.5607E-01 5.1752E+03 8.1766E+06
 69 1.7500E-01 5.6653E+03 7.9295E+06
 70 1.9588E-01 6.1733E+03 7.6750E+06
 71 2.1885E-01 6.6979E+03 7.4145E+06
 72 2.4409E-01 7.2344E+03 7.1484E+06
 73 2.7175E-01 7.7765E+03 6.8767E+06
 74 3.0201E-01 8.3187E+03 6.6001E+06
 75 3.3504E-01 8.8567E+03 6.3198E+06
 76 3.7102E-01 9.3881E+03 6.0373E+06
 77 4.1014E-01 9.9104E+03 5.7540E+06
 78 4.5257E-01 1.0419E+04 5.4706E+06
 79 4.9851E-01 1.0905E+04 5.1876E+06
 80 5.4813E-01 1.1336E+04 4.9021E+06
 81 6.0163E-01 1.1811E+04 4.6307E+06
 82 6.5916E-01 4.0448E+04 6.4985E+06
 83 7.2092E-01 3.9292E+04 6.0146E+06
 84 7.8707E-01 3.9658E+04 5.6444E+06
 85 8.5775E-01 4.0600E+04 5.2925E+06
 86 9.3312E-01 4.2224E+04 4.9577E+06
 87 1.0133E+00 4.4396E+04 4.6279E+06
 88 1.0984E+00 4.6980E+04 4.2943E+06
 89 1.1886E+00 4.9744E+04 3.9481E+06
 90 1.2838E+00 5.2448E+04 3.5850E+06
 91 1.3843E+00 5.5251E+04 3.2120E+06
 92 1.4899E+00 5.8253E+04 2.8334E+06
 93 1.6008E+00 6.1287E+04 2.4493E+06
 94 1.7168E+00 6.4213E+04 2.0624E+06
 95 1.8380E+00 6.6835E+04 1.6768E+06
 96 1.9643E+00 6.9006E+04 1.2990E+06
 97 2.0954E+00 7.0904E+04 1.2474E+06
 98 2.2314E+00 7.2515E+04 1.2525E+06
 99 2.3720E+00 7.3447E+04 1.2529E+06
100 2.5169E+00 7.7175E+04 3.3288E+10
 
  i  P(bar) chf(erg/s/cm**2) kzz(cm**-2)  
  1 1.2655E-06 1.6327E+03 5.6981E+08
  2 1.5986E-06 1.6327E+03 5.1681E+08
  3 2.0159E-06 1.6327E+03 4.5999E+08
  4 2.5375E-06 1.6327E+03 4.0603E+08
  5 3.1884E-06 1.6327E+03 3.6289E+08
  6 3.9991E-06 1.6327E+03 3.2876E+08
  7 5.0071E-06 1.6327E+03 2.9997E+08
  8 6.2580E-06 1.6327E+03 2.7502E+08
  9 7.8076E-06 1.6327E+03 2.5318E+08
 10 9.7234E-06 1.6327E+03 2.3403E+08
 11 1.2088E-05 1.6327E+03 2.1708E+08
 12 1.5001E-05 1.6327E+03 2.0195E+08
 13 1.8582E-05 1.6327E+03 1.8827E+08
 14 2.2978E-05 1.6327E+03 1.7575E+08
 15 2.8363E-05 1.6327E+03 1.6419E+08
 16 3.4948E-05 1.6327E+03 1.5341E+08
 17 4.2985E-05 1.6327E+03 1.4332E+08
 18 5.2776E-05 1.6327E+03 1.3382E+08
 19 6.4683E-05 1.6327E+03 1.2488E+08
 20 7.9135E-05 1.6327E+03 1.1648E+08
 21 9.6643E-05 1.6327E+03 1.0860E+08
 22 1.1782E-04 1.6327E+03 1.0123E+08
 23 1.4337E-04 1.6327E+03 9.4362E+07
 24 1.7416E-04 1.6327E+03 8.7976E+07
 25 2.1118E-04 1.6327E+03 8.2046E+07
 26 2.5562E-04 1.6327E+03 7.6545E+07
 27 3.0887E-04 1.6327E+03 7.1443E+07
 28 3.7253E-04 1.6327E+03 6.6709E+07
 29 4.4853E-04 1.6327E+03 6.2317E+07
 30 5.3906E-04 1.6327E+03 5.8241E+07
 31 6.4672E-04 1.6327E+03 5.4455E+07
 32 7.7450E-04 1.6327E+03 5.0938E+07
 33 9.2587E-04 1.6327E+03 4.7670E+07
 34 1.1049E-03 1.6327E+03 4.4632E+07
 35 1.3161E-03 1.6327E+03 4.1806E+07
 36 1.5650E-03 1.6327E+03 3.9175E+07
 37 1.8576E-03 1.6327E+03 3.6725E+07
 38 2.2010E-03 1.6327E+03 3.4441E+07
 39 2.6032E-03 1.6327E+03 3.2310E+07
 40 3.0735E-03 1.6327E+03 3.0321E+07
 41 3.6223E-03 1.6327E+03 2.8464E+07
 42 4.2615E-03 1.6327E+03 2.6729E+07
 43 5.0046E-03 1.6327E+03 2.5108E+07
 44 5.8668E-03 1.6327E+03 2.3592E+07
 45 6.8653E-03 1.6327E+03 2.2173E+07
 46 8.0194E-03 1.6327E+03 2.0845E+07
 47 9.3510E-03 1.6327E+03 1.9602E+07
 48 1.0884E-02 1.6327E+03 1.8437E+07
 49 1.2646E-02 1.6327E+03 1.7347E+07
 50 1.4668E-02 1.6327E+03 1.6325E+07
 51 1.6982E-02 1.6327E+03 1.5367E+07
 52 1.9626E-02 1.6327E+03 1.4468E+07
 53 2.2642E-02 1.6327E+03 1.3624E+07
 54 2.6074E-02 1.6327E+03 1.2833E+07
 55 2.9974E-02 1.6327E+03 1.2088E+07
 56 3.4396E-02 1.6327E+03 1.1389E+07
 57 3.9399E-02 1.6327E+03 1.0730E+07
 58 4.5051E-02 1.6327E+03 1.0111E+07
 59 5.1421E-02 1.6327E+03 9.5276E+06
 60 5.8588E-02 1.9743E+03 9.5650E+06
 61 6.6635E-02 2.3590E+03 9.5642E+06
 62 7.5653E-02 2.7788E+03 9.5180E+06
 63 8.5738E-02 3.2264E+03 9.4260E+06
 64 9.6996E-02 3.6923E+03 9.2890E+06
 65 1.0954E-01 4.1653E+03 9.1088E+06
 66 1.2348E-01 4.6333E+03 8.8887E+06
 67 1.3895E-01 5.1011E+03 8.6420E+06
 68 1.5607E-01 5.5766E+03 8.3799E+06
 69 1.7500E-01 6.0668E+03 8.1097E+06
 70 1.9588E-01 6.5750E+03 7.8351E+06
 71 2.1885E-01 7.1000E+03 7.5571E+06
 72 2.4409E-01 7.6369E+03 7.2757E+06
 73 2.7175E-01 8.1795E+03 6.9905E+06
 74 3.0201E-01 8.7224E+03 6.7022E+06
 75 3.3504E-01 9.2613E+03 6.4116E+06
 76 3.7102E-01 9.7938E+03 6.1200E+06
 77 4.1014E-01 1.0318E+04 5.8287E+06
 78 4.5257E-01 1.0829E+04 5.5385E+06
 79 4.9851E-01 1.1320E+04 5.2497E+06
 80 5.4813E-01 1.1755E+04 4.9588E+06
 81 6.0163E-01 1.2243E+04 4.6831E+06
 82 6.5916E-01 4.0842E+04 6.5126E+06
 83 7.2092E-01 3.9614E+04 6.0234E+06
 84 7.8707E-01 3.9951E+04 5.6512E+06
 85 8.5775E-01 4.0864E+04 5.2976E+06
 86 9.3312E-01 4.2456E+04 4.9608E+06
 87 1.0133E+00 4.4597E+04 4.6294E+06
 88 1.0984E+00 4.7171E+04 4.2951E+06
 89 1.1886E+00 4.9924E+04 3.9484E+06
 90 1.2838E+00 5.2630E+04 3.5851E+06
 91 1.3843E+00 5.5421E+04 3.2117E+06
 92 1.4899E+00 5.8412E+04 2.8329E+06
 93 1.6008E+00 6.1445E+04 2.4487E+06
 94 1.7168E+00 6.4375E+04 2.0619E+06
 95 1.8380E+00 6.7010E+04 1.6765E+06
 96 1.9643E+00 6.9204E+04 1.2989E+06
 97 2.0954E+00 7.1108E+04 1.2473E+06
 98 2.2314E+00 7.2707E+04 1.2524E+06
 99 2.3720E+00 7.3613E+04 1.2525E+06
100 2.5169E+00 7.7281E+04 3.3298E+10
 
  i  P(bar) chf(erg/s/cm**2) kzz(cm**-2)  
  1 1.2655E-06 1.6332E+03 5.6811E+08
  2 1.5986E-06 1.6332E+03 5.1243E+08
  3 2.0159E-06 1.6332E+03 4.5754E+08
  4 2.5375E-06 1.6332E+03 4.0642E+08
  5 3.1884E-06 1.6332E+03 3.6326E+08
  6 3.9991E-06 1.6332E+03 3.2873E+08
  7 5.0071E-06 1.6332E+03 2.9996E+08
  8 6.2580E-06 1.6332E+03 2.7497E+08
  9 7.8076E-06 1.6332E+03 2.5311E+08
 10 9.7234E-06 1.6332E+03 2.3392E+08
 11 1.2088E-05 1.6332E+03 2.1695E+08
 12 1.5001E-05 1.6332E+03 2.0180E+08
 13 1.8582E-05 1.6332E+03 1.8811E+08
 14 2.2978E-05 1.6332E+03 1.7561E+08
 15 2.8363E-05 1.6332E+03 1.6406E+08
 16 3.4948E-05 1.6332E+03 1.5330E+08
 17 4.2985E-05 1.6332E+03 1.4322E+08
 18 5.2776E-05 1.6332E+03 1.3374E+08
 19 6.4683E-05 1.6332E+03 1.2483E+08
 20 7.9135E-05 1.6332E+03 1.1644E+08
 21 9.6643E-05 1.6332E+03 1.0857E+08
 22 1.1782E-04 1.6332E+03 1.0121E+08
 23 1.4337E-04 1.6332E+03 9.4351E+07
 24 1.7416E-04 1.6332E+03 8.7969E+07
 25 2.1118E-04 1.6332E+03 8.2042E+07
 26 2.5562E-04 1.6332E+03 7.6541E+07
 27 3.0887E-04 1.6332E+03 7.1439E+07
 28 3.7253E-04 1.6332E+03 6.6706E+07
 29 4.4853E-04 1.6332E+03 6.2314E+07
 30 5.3906E-04 1.6332E+03 5.8238E+07
 31 6.4672E-04 1.6332E+03 5.4452E+07
 32 7.7450E-04 1.6332E+03 5.0936E+07
 33 9.2587E-04 1.6332E+03 4.7668E+07
 34 1.1049E-03 1.6332E+03 4.4630E+07
 35 1.3161E-03 1.6332E+03 4.1804E+07
 36 1.5650E-03 1.6332E+03 3.9173E+07
 37 1.8576E-03 1.6332E+03 3.6723E+07
 38 2.2010E-03 1.6332E+03 3.4439E+07
 39 2.6032E-03 1.6332E+03 3.2308E+07
 40 3.0735E-03 1.6332E+03 3.0320E+07
 41 3.6223E-03 1.6332E+03 2.8463E+07
 42 4.2615E-03 1.6332E+03 2.6728E+07
 43 5.0046E-03 1.6332E+03 2.5107E+07
 44 5.8668E-03 1.6332E+03 2.3591E+07
 45 6.8653E-03 1.6332E+03 2.2172E+07
 46 8.0194E-03 1.6332E+03 2.0844E+07
 47 9.3510E-03 1.6332E+03 1.9601E+07
 48 1.0884E-02 1.6332E+03 1.8436E+07
 49 1.2646E-02 1.6332E+03 1.7346E+07
 50 1.4668E-02 1.6332E+03 1.6324E+07
 51 1.6982E-02 1.6332E+03 1.5366E+07
 52 1.9626E-02 1.6332E+03 1.4467E+07
 53 2.2642E-02 1.6332E+03 1.3624E+07
 54 2.6074E-02 1.6332E+03 1.2832E+07
 55 2.9974E-02 1.6332E+03 1.2087E+07
 56 3.4396E-02 1.6332E+03 1.1388E+07
 57 3.9399E-02 1.6332E+03 1.0730E+07
 58 4.5051E-02 1.6359E+03 1.0116E+07
 59 5.1421E-02 1.9463E+03 1.0100E+07
 60 5.8588E-02 2.2928E+03 1.0052E+07
 61 6.6635E-02 2.6772E+03 9.9744E+06
 62 7.5653E-02 3.0968E+03 9.8662E+06
 63 8.5738E-02 3.5443E+03 9.7240E+06
 64 9.6996E-02 4.0100E+03 9.5461E+06
 65 1.0954E-01 4.4829E+03 9.3327E+06
 66 1.2348E-01 4.9507E+03 9.0852E+06
 67 1.3895E-01 5.4185E+03 8.8157E+06
 68 1.5607E-01 5.8940E+03 8.5340E+06
 69 1.7500E-01 6.3843E+03 8.2468E+06
 70 1.9588E-01 6.8927E+03 7.9573E+06
 71 2.1885E-01 7.4179E+03 7.6662E+06
 72 2.4409E-01 7.9551E+03 7.3732E+06
 73 2.7175E-01 8.4981E+03 7.0780E+06
 74 3.0201E-01 9.0415E+03 6.7808E+06
 75 3.3504E-01 9.5810E+03 6.4823E+06
 76 3.7102E-01 1.0114E+04 6.1838E+06
 77 4.1014E-01 1.0639E+04 5.8864E+06
 78 4.5257E-01 1.1152E+04 5.5909E+06
 79 4.9851E-01 1.1648E+04 5.2978E+06
 80 5.4813E-01 1.2086E+04 5.0028E+06
 81 6.0163E-01 1.2583E+04 4.7235E+06
 82 6.5916E-01 4.1147E+04 6.5235E+06
 83 7.2092E-01 3.9867E+04 6.0303E+06
 84 7.8707E-01 4.0181E+04 5.6566E+06
 85 8.5775E-01 4.1073E+04 5.3016E+06
 86 9.3312E-01 4.2639E+04 4.9633E+06
 87 1.0133E+00 4.4757E+04 4.6308E+06
 88 1.0984E+00 4.7326E+04 4.2960E+06
 89 1.1886E+00 5.0069E+04 3.9488E+06
 90 1.2838E+00 5.2775E+04 3.5854E+06
 91 1.3843E+00 5.5557E+04 3.2116E+06
 92 1.4899E+00 5.8538E+04 2.8326E+06
 93 1.6008E+00 6.1568E+04 2.4483E+06
 94 1.7168E+00 6.4499E+04 2.0616E+06
 95 1.8380E+00 6.7142E+04 1.6763E+06
 96 1.9643E+00 6.9355E+04 1.2988E+06
 97 2.0954E+00 7.1263E+04 1.2472E+06
 98 2.2314E+00 7.2850E+04 1.2522E+06
 99 2.3720E+00 7.3738E+04 1.2523E+06
100 2.5169E+00 7.7360E+04 3.3289E+10
 
  i  P(bar) chf(erg/s/cm**2) kzz(cm**-2)  
  1 1.2655E-06 1.6335E+03 5.6256E+08
  2 1.5986E-06 1.6335E+03 5.0518E+08
  3 2.0159E-06 1.6335E+03 4.5112E+08
  4 2.5375E-06 1.6335E+03 4.0356E+08
  5 3.1884E-06 1.6335E+03 3.6328E+08
  6 3.9991E-06 1.6335E+03 3.2908E+08
  7 5.0071E-06 1.6335E+03 2.9991E+08
  8 6.2580E-06 1.6335E+03 2.7478E+08
  9 7.8076E-06 1.6335E+03 2.5286E+08
 10 9.7234E-06 1.6335E+03 2.3365E+08
 11 1.2088E-05 1.6335E+03 2.1668E+08
 12 1.5001E-05 1.6335E+03 2.0153E+08
 13 1.8582E-05 1.6335E+03 1.8786E+08
 14 2.2978E-05 1.6335E+03 1.7538E+08
 15 2.8363E-05 1.6335E+03 1.6386E+08
 16 3.4948E-05 1.6335E+03 1.5313E+08
 17 4.2985E-05 1.6335E+03 1.4309E+08
 18 5.2776E-05 1.6335E+03 1.3364E+08
 19 6.4683E-05 1.6335E+03 1.2475E+08
 20 7.9135E-05 1.6335E+03 1.1639E+08
 21 9.6643E-05 1.6335E+03 1.0854E+08
 22 1.1782E-04 1.6335E+03 1.0119E+08
 23 1.4337E-04 1.6335E+03 9.4337E+07
 24 1.7416E-04 1.6335E+03 8.7959E+07
 25 2.1118E-04 1.6335E+03 8.2034E+07
 26 2.5562E-04 1.6335E+03 7.6535E+07
 27 3.0887E-04 1.6335E+03 7.1433E+07
 28 3.7253E-04 1.6335E+03 6.6701E+07
 29 4.4853E-04 1.6335E+03 6.2309E+07
 30 5.3906E-04 1.6335E+03 5.8232E+07
 31 6.4672E-04 1.6335E+03 5.4447E+07
 32 7.7450E-04 1.6335E+03 5.0931E+07
 33 9.2587E-04 1.6335E+03 4.7664E+07
 34 1.1049E-03 1.6335E+03 4.4626E+07
 35 1.3161E-03 1.6335E+03 4.1801E+07
 36 1.5650E-03 1.6335E+03 3.9170E+07
 37 1.8576E-03 1.6335E+03 3.6721E+07
 38 2.2010E-03 1.6335E+03 3.4437E+07
 39 2.6032E-03 1.6335E+03 3.2306E+07
 40 3.0735E-03 1.6335E+03 3.0318E+07
 41 3.6223E-03 1.6335E+03 2.8462E+07
 42 4.2615E-03 1.6335E+03 2.6727E+07
 43 5.0046E-03 1.6335E+03 2.5106E+07
 44 5.8668E-03 1.6335E+03 2.3590E+07
 45 6.8653E-03 1.6335E+03 2.2171E+07
 46 8.0194E-03 1.6335E+03 2.0843E+07
 47 9.3510E-03 1.6335E+03 1.9600E+07
 48 1.0884E-02 1.6335E+03 1.8436E+07
 49 1.2646E-02 1.6335E+03 1.7345E+07
 50 1.4668E-02 1.6335E+03 1.6323E+07
 51 1.6982E-02 1.6335E+03 1.5365E+07
 52 1.9626E-02 1.6335E+03 1.4466E+07
 53 2.2642E-02 1.6335E+03 1.3623E+07
 54 2.6074E-02 1.6335E+03 1.2831E+07
 55 2.9974E-02 1.6335E+03 1.2087E+07
 56 3.4396E-02 1.6335E+03 1.1387E+07
 57 3.9399E-02 1.6335E+03 1.0729E+07
 58 4.5051E-02 1.8803E+03 1.0595E+07
 59 5.1421E-02 2.1906E+03 1.0505E+07
 60 5.8588E-02 2.5371E+03 1.0396E+07
 61 6.6635E-02 2.9214E+03 1.0268E+07
 62 7.5653E-02 3.3409E+03 1.0118E+07
 63 8.5738E-02 3.7883E+03 9.9412E+06
 64 9.6996E-02 4.2540E+03 9.7349E+06
 65 1.0954E-01 4.7268E+03 9.4981E+06
 66 1.2348E-01 5.1946E+03 9.2311E+06
 67 1.3895E-01 5.6624E+03 8.9451E+06
 68 1.5607E-01 6.1379E+03 8.6493E+06
 69 1.7500E-01 6.6283E+03 8.3497E+06
 70 1.9588E-01 7.1368E+03 8.0493E+06
 71 2.1885E-01 7.6622E+03 7.7487E+06
 72 2.4409E-01 8.1996E+03 7.4472E+06
 73 2.7175E-01 8.7430E+03 7.1446E+06
 74 3.0201E-01 9.2866E+03 6.8408E+06
 75 3.3504E-01 9.8266E+03 6.5365E+06
 76 3.7102E-01 1.0360E+04 6.2329E+06
 77 4.1014E-01 1.0886E+04 5.9309E+06
 78 4.5257E-01 1.1401E+04 5.6315E+06
 79 4.9851E-01 1.1901E+04 5.3352E+06
 80 5.4813E-01 1.2341E+04 5.0370E+06
 81 6.0163E-01 1.2844E+04 4.7551E+06
 82 6.5916E-01 4.1381E+04 6.5438E+06
 83 7.2092E-01 4.0061E+04 6.0449E+06
 84 7.8707E-01 4.0359E+04 5.6610E+06
 85 8.5775E-01 4.1236E+04 5.3049E+06
 86 9.3312E-01 4.2783E+04 4.9655E+06
 87 1.0133E+00 4.4882E+04 4.6320E+06
 88 1.0984E+00 4.7441E+04 4.2967E+06
 89 1.1886E+00 5.0180E+04 3.9491E+06
 90 1.2838E+00 5.2888E+04 3.5856E+06
 91 1.3843E+00 5.5662E+04 3.2116E+06
 92 1.4899E+00 5.8636E+04 2.8323E+06
 93 1.6008E+00 6.1663E+04 2.4481E+06
 94 1.7168E+00 6.4596E+04 2.0614E+06
 95 1.8380E+00 6.7244E+04 1.6761E+06
 96 1.9643E+00 6.9472E+04 1.2988E+06
 97 2.0954E+00 7.1381E+04 1.2472E+06
 98 2.2314E+00 7.2960E+04 1.2521E+06
 99 2.3720E+00 7.3834E+04 1.2521E+06
100 2.5169E+00 7.7423E+04 3.3258E+10
 
  i  P(bar) chf(erg/s/cm**2) kzz(cm**-2)  
  1 1.2655E-06 1.6367E+03 5.6347E+08
  2 1.5986E-06 1.6367E+03 5.0544E+08
  3 2.0159E-06 1.6367E+03 4.5107E+08
  4 2.5375E-06 1.6367E+03 4.0349E+08
  5 3.1884E-06 1.6367E+03 3.6321E+08
  6 3.9991E-06 1.6367E+03 3.2908E+08
  7 5.0071E-06 1.6367E+03 2.9992E+08
  8 6.2580E-06 1.6367E+03 2.7472E+08
  9 7.8076E-06 1.6367E+03 2.5276E+08
 10 9.7234E-06 1.6367E+03 2.3352E+08
 11 1.2088E-05 1.6367E+03 2.1653E+08
 12 1.5001E-05 1.6367E+03 2.0138E+08
 13 1.8582E-05 1.6367E+03 1.8772E+08
 14 2.2978E-05 1.6367E+03 1.7525E+08
 15 2.8363E-05 1.6367E+03 1.6376E+08
 16 3.4948E-05 1.6367E+03 1.5306E+08
 17 4.2985E-05 1.6367E+03 1.4304E+08
 18 5.2776E-05 1.6367E+03 1.3362E+08
 19 6.4683E-05 1.6367E+03 1.2475E+08
 20 7.9135E-05 1.6367E+03 1.1640E+08
 21 9.6643E-05 1.6367E+03 1.0856E+08
 22 1.1782E-04 1.6367E+03 1.0122E+08
 23 1.4337E-04 1.6367E+03 9.4373E+07
 24 1.7416E-04 1.6367E+03 8.7996E+07
 25 2.1118E-04 1.6367E+03 8.2070E+07
 26 2.5562E-04 1.6367E+03 7.6570E+07
 27 3.0887E-04 1.6367E+03 7.1466E+07
 28 3.7253E-04 1.6367E+03 6.6731E+07
 29 4.4853E-04 1.6367E+03 6.2337E+07
 30 5.3906E-04 1.6367E+03 5.8258E+07
 31 6.4672E-04 1.6367E+03 5.4471E+07
 32 7.7450E-04 1.6367E+03 5.0954E+07
 33 9.2587E-04 1.6367E+03 4.7685E+07
 34 1.1049E-03 1.6367E+03 4.4646E+07
 35 1.3161E-03 1.6367E+03 4.1819E+07
 36 1.5650E-03 1.6367E+03 3.9188E+07
 37 1.8576E-03 1.6367E+03 3.6737E+07
 38 2.2010E-03 1.6367E+03 3.4452E+07
 39 2.6032E-03 1.6367E+03 3.2321E+07
 40 3.0735E-03 1.6367E+03 3.0332E+07
 41 3.6223E-03 1.6367E+03 2.8475E+07
 42 4.2615E-03 1.6367E+03 2.6739E+07
 43 5.0046E-03 1.6367E+03 2.5117E+07
 44 5.8668E-03 1.6367E+03 2.3600E+07
 45 6.8653E-03 1.6367E+03 2.2181E+07
 46 8.0194E-03 1.6367E+03 2.0852E+07
 47 9.3510E-03 1.6367E+03 1.9609E+07
 48 1.0884E-02 1.6367E+03 1.8444E+07
 49 1.2646E-02 1.6367E+03 1.7353E+07
 50 1.4668E-02 1.6367E+03 1.6330E+07
 51 1.6982E-02 1.6367E+03 1.5371E+07
 52 1.9626E-02 1.6367E+03 1.4472E+07
 53 2.2642E-02 1.6367E+03 1.3629E+07
 54 2.6074E-02 1.6367E+03 1.2836E+07
 55 2.9974E-02 1.6367E+03 1.2092E+07
 56 3.4396E-02 1.6367E+03 1.1392E+07
 57 3.9399E-02 1.6367E+03 1.0733E+07
 58 4.5051E-02 1.6367E+03 1.0113E+07
 59 5.1421E-02 1.6367E+03 9.5298E+06
 60 5.8588E-02 1.6367E+03 8.9801E+06
 61 6.6635E-02 1.7884E+03 8.7157E+06
 62 7.5653E-02 2.2073E+03 8.8095E+06
 63 8.5738E-02 2.6541E+03 8.8263E+06
 64 9.6996E-02 3.1189E+03 8.7750E+06
 65 1.0954E-01 3.5907E+03 8.6632E+06
 66 1.2348E-01 4.0573E+03 8.4980E+06
 67 1.3895E-01 4.5237E+03 8.2968E+06
 68 1.5607E-01 4.9975E+03 8.0731E+06
 69 1.7500E-01 5.4858E+03 7.8360E+06
 70 1.9588E-01 5.9918E+03 7.5900E+06
 71 2.1885E-01 6.5140E+03 7.3369E+06
 72 2.4409E-01 7.0474E+03 7.0771E+06
 73 2.7175E-01 7.5859E+03 6.8107E+06
 74 3.0201E-01 8.1234E+03 6.5386E+06
 75 3.3504E-01 8.6555E+03 6.2620E+06
 76 3.7102E-01 9.1792E+03 5.9826E+06
 77 4.1014E-01 9.6919E+03 5.7017E+06
 78 4.5257E-01 1.0190E+04 5.4207E+06
 79 4.9851E-01 1.0665E+04 5.1399E+06
 80 5.4813E-01 1.1096E+04 4.8578E+06
 81 6.0163E-01 1.1365E+04 4.5628E+06
 82 6.5916E-01 1.1663E+04 4.2855E+06
 83 7.2092E-01 4.1168E+04 6.0888E+06
 84 7.8707E-01 4.0873E+04 5.6746E+06
 85 8.5775E-01 4.1612E+04 5.3115E+06
 86 9.3312E-01 4.3071E+04 4.9680E+06
 87 1.0133E+00 4.5102E+04 4.6316E+06
 88 1.0984E+00 4.7623E+04 4.2949E+06
 89 1.1886E+00 5.0338E+04 3.9467E+06
 90 1.2838E+00 5.3033E+04 3.5831E+06
 91 1.3843E+00 5.5791E+04 3.2089E+06
 92 1.4899E+00 5.8757E+04 2.8298E+06
 93 1.6008E+00 6.1781E+04 2.4458E+06
 94 1.7168E+00 6.4716E+04 2.0594E+06
 95 1.8380E+00 6.7367E+04 1.6745E+06
 96 1.9643E+00 6.9607E+04 1.2976E+06
 97 2.0954E+00 7.1515E+04 1.2460E+06
 98 2.2314E+00 7.3087E+04 1.2509E+06
 99 2.3720E+00 7.3952E+04 1.2509E+06
100 2.5169E+00 7.7514E+04 3.3254E+10
 
  i  P(bar) chf(erg/s/cm**2) kzz(cm**-2)  
  1 1.2655E-06 1.6312E+03 5.5612E+08
  2 1.5986E-06 1.6312E+03 5.0207E+08
  3 2.0159E-06 1.6312E+03 4.5088E+08
  4 2.5375E-06 1.6312E+03 4.0427E+08
  5 3.1884E-06 1.6312E+03 3.6296E+08
  6 3.9991E-06 1.6312E+03 3.2829E+08
  7 5.0071E-06 1.6312E+03 2.9920E+08
  8 6.2580E-06 1.6312E+03 2.7397E+08
  9 7.8076E-06 1.6312E+03 2.5198E+08
 10 9.7234E-06 1.6312E+03 2.3275E+08
 11 1.2088E-05 1.6312E+03 2.1579E+08
 12 1.5001E-05 1.6312E+03 2.0070E+08
 13 1.8582E-05 1.6312E+03 1.8710E+08
 14 2.2978E-05 1.6312E+03 1.7470E+08
 15 2.8363E-05 1.6312E+03 1.6327E+08
 16 3.4948E-05 1.6312E+03 1.5264E+08
 17 4.2985E-05 1.6312E+03 1.4268E+08
 18 5.2776E-05 1.6312E+03 1.3332E+08
 19 6.4683E-05 1.6312E+03 1.2449E+08
 20 7.9135E-05 1.6312E+03 1.1619E+08
 21 9.6643E-05 1.6312E+03 1.0838E+08
 22 1.1782E-04 1.6312E+03 1.0107E+08
 23 1.4337E-04 1.6312E+03 9.4235E+07
 24 1.7416E-04 1.6312E+03 8.7872E+07
 25 2.1118E-04 1.6312E+03 8.1956E+07
 26 2.5562E-04 1.6312E+03 7.6464E+07
 27 3.0887E-04 1.6312E+03 7.1368E+07
 28 3.7253E-04 1.6312E+03 6.6639E+07
 29 4.4853E-04 1.6312E+03 6.2251E+07
 30 5.3906E-04 1.6312E+03 5.8178E+07
 31 6.4672E-04 1.6312E+03 5.4396E+07
 32 7.7450E-04 1.6312E+03 5.0883E+07
 33 9.2587E-04 1.6312E+03 4.7619E+07
 34 1.1049E-03 1.6312E+03 4.4585E+07
 35 1.3161E-03 1.6312E+03 4.1762E+07
 36 1.5650E-03 1.6312E+03 3.9135E+07
 37 1.8576E-03 1.6312E+03 3.6687E+07
 38 2.2010E-03 1.6312E+03 3.4406E+07
 39 2.6032E-03 1.6312E+03 3.2278E+07
 40 3.0735E-03 1.6312E+03 3.0292E+07
 41 3.6223E-03 1.6312E+03 2.8437E+07
 42 4.2615E-03 1.6312E+03 2.6704E+07
 43 5.0046E-03 1.6312E+03 2.5085E+07
 44 5.8668E-03 1.6312E+03 2.3570E+07
 45 6.8653E-03 1.6312E+03 2.2152E+07
 46 8.0194E-03 1.6312E+03 2.0825E+07
 47 9.3510E-03 1.6312E+03 1.9583E+07
 48 1.0884E-02 1.6312E+03 1.8420E+07
 49 1.2646E-02 1.6312E+03 1.7330E+07
 50 1.4668E-02 1.6312E+03 1.6309E+07
 51 1.6982E-02 1.6312E+03 1.5351E+07
 52 1.9626E-02 1.6312E+03 1.4453E+07
 53 2.2642E-02 1.6312E+03 1.3611E+07
 54 2.6074E-02 1.6312E+03 1.2819E+07
 55 2.9974E-02 1.6312E+03 1.2076E+07
 56 3.4396E-02 1.6312E+03 1.1377E+07
 57 3.9399E-02 1.7451E+03 1.0963E+07
 58 4.5051E-02 2.0232E+03 1.0852E+07
 59 5.1421E-02 2.3331E+03 1.0723E+07
 60 5.8588E-02 2.6791E+03 1.0581E+07
 61 6.6635E-02 3.0629E+03 1.0426E+07
 62 7.5653E-02 3.4820E+03 1.0253E+07
 63 8.5738E-02 3.9288E+03 1.0057E+07
 64 9.6996E-02 4.3940E+03 9.8355E+06
 65 1.0954E-01 4.8662E+03 9.5854E+06
 66 1.2348E-01 5.3335E+03 9.3076E+06
 67 1.3895E-01 5.8007E+03 9.0122E+06
 68 1.5607E-01 6.2756E+03 8.7084E+06
 69 1.7500E-01 6.7654E+03 8.4018E+06
 70 1.9588E-01 7.2732E+03 8.0952E+06
 71 2.1885E-01 7.7977E+03 7.7889E+06
 72 2.4409E-01 8.3342E+03 7.4826E+06
 73 2.7175E-01 8.8765E+03 7.1756E+06
 74 3.0201E-01 9.4187E+03 6.8678E+06
 75 3.3504E-01 9.9569E+03 6.5600E+06
 76 3.7102E-01 1.0488E+04 6.2531E+06
 77 4.1014E-01 1.1011E+04 5.9483E+06
 78 4.5257E-01 1.1523E+04 5.6463E+06
 79 4.9851E-01 1.2016E+04 5.3473E+06
 80 5.4813E-01 1.2444E+04 5.0463E+06
 81 6.0163E-01 1.2921E+04 4.7617E+06
 82 6.5916E-01 4.1785E+04 6.5553E+06
 83 7.2092E-01 4.0653E+04 6.0599E+06
 84 7.8707E-01 4.0776E+04 5.6670E+06
 85 8.5775E-01 4.1613E+04 5.3087E+06
 86 9.3312E-01 4.3114E+04 4.9670E+06
 87 1.0133E+00 4.5168E+04 4.6315E+06
 88 1.0984E+00 4.7696E+04 4.2949E+06
 89 1.1886E+00 5.0426E+04 3.9470E+06
 90 1.2838E+00 5.3148E+04 3.5839E+06
 91 1.3843E+00 5.5904E+04 3.2095E+06
 92 1.4899E+00 5.8862E+04 2.8301E+06
 93 1.6008E+00 6.1885E+04 2.4460E+06
 94 1.7168E+00 6.4829E+04 2.0596E+06
 95 1.8380E+00 6.7490E+04 1.6748E+06
 96 1.9643E+00 6.9766E+04 1.2980E+06
 97 2.0954E+00 7.1673E+04 1.2464E+06
 98 2.2314E+00 7.3223E+04 1.2511E+06
 99 2.3720E+00 7.4066E+04 1.2509E+06
100 2.5169E+00 7.7571E+04 3.3234E+10
 
  i  P(bar) chf(erg/s/cm**2) kzz(cm**-2)  
  1 1.2655E-06 1.6347E+03 5.5375E+08
  2 1.5986E-06 1.6347E+03 4.9934E+08
  3 2.0159E-06 1.6347E+03 4.4853E+08
  4 2.5375E-06 1.6347E+03 4.0476E+08
  5 3.1884E-06 1.6347E+03 3.6465E+08
  6 3.9991E-06 1.6347E+03 3.2864E+08
  7 5.0071E-06 1.6347E+03 2.9868E+08
  8 6.2580E-06 1.6347E+03 2.7337E+08
  9 7.8076E-06 1.6347E+03 2.5133E+08
 10 9.7234E-06 1.6347E+03 2.3210E+08
 11 1.2088E-05 1.6347E+03 2.1519E+08
 12 1.5001E-05 1.6347E+03 2.0014E+08
 13 1.8582E-05 1.6347E+03 1.8661E+08
 14 2.2978E-05 1.6347E+03 1.7429E+08
 15 2.8363E-05 1.6347E+03 1.6295E+08
 16 3.4948E-05 1.6347E+03 1.5239E+08
 17 4.2985E-05 1.6347E+03 1.4251E+08
 18 5.2776E-05 1.6347E+03 1.3321E+08
 19 6.4683E-05 1.6347E+03 1.2444E+08
 20 7.9135E-05 1.6347E+03 1.1617E+08
 21 9.6643E-05 1.6347E+03 1.0838E+08
 22 1.1782E-04 1.6347E+03 1.0109E+08
 23 1.4337E-04 1.6347E+03 9.4263E+07
 24 1.7416E-04 1.6347E+03 8.7902E+07
 25 2.1118E-04 1.6347E+03 8.1987E+07
 26 2.5562E-04 1.6347E+03 7.6494E+07
 27 3.0887E-04 1.6347E+03 7.1395E+07
 28 3.7253E-04 1.6347E+03 6.6665E+07
 29 4.4853E-04 1.6347E+03 6.2274E+07
 30 5.3906E-04 1.6347E+03 5.8200E+07
 31 6.4672E-04 1.6347E+03 5.4416E+07
 32 7.7450E-04 1.6347E+03 5.0902E+07
 33 9.2587E-04 1.6347E+03 4.7637E+07
 34 1.1049E-03 1.6347E+03 4.4602E+07
 35 1.3161E-03 1.6347E+03 4.1778E+07
 36 1.5650E-03 1.6347E+03 3.9151E+07
 37 1.8576E-03 1.6347E+03 3.6703E+07
 38 2.2010E-03 1.6347E+03 3.4421E+07
 39 2.6032E-03 1.6347E+03 3.2293E+07
 40 3.0735E-03 1.6347E+03 3.0306E+07
 41 3.6223E-03 1.6347E+03 2.8451E+07
 42 4.2615E-03 1.6347E+03 2.6718E+07
 43 5.0046E-03 1.6347E+03 2.5097E+07
 44 5.8668E-03 1.6347E+03 2.3581E+07
 45 6.8653E-03 1.6347E+03 2.2163E+07
 46 8.0194E-03 1.6347E+03 2.0836E+07
 47 9.3510E-03 1.6347E+03 1.9593E+07
 48 1.0884E-02 1.6347E+03 1.8429E+07
 49 1.2646E-02 1.6347E+03 1.7338E+07
 50 1.4668E-02 1.6347E+03 1.6317E+07
 51 1.6982E-02 1.6347E+03 1.5359E+07
 52 1.9626E-02 1.6347E+03 1.4461E+07
 53 2.2642E-02 1.6347E+03 1.3617E+07
 54 2.6074E-02 1.6347E+03 1.2826E+07
 55 2.9974E-02 1.6347E+03 1.2082E+07
 56 3.4396E-02 1.7202E+03 1.1578E+07
 57 3.9399E-02 1.9717E+03 1.1416E+07
 58 4.5051E-02 2.2496E+03 1.1240E+07
 59 5.1421E-02 2.5593E+03 1.1057E+07
 60 5.8588E-02 2.9050E+03 1.0869E+07
 61 6.6635E-02 3.2886E+03 1.0674E+07
 62 7.5653E-02 3.7074E+03 1.0468E+07
 63 8.5738E-02 4.1541E+03 1.0244E+07
 64 9.6996E-02 4.6191E+03 9.9990E+06
 65 1.0954E-01 5.0912E+03 9.7295E+06
 66 1.2348E-01 5.5585E+03 9.4352E+06
 67 1.3895E-01 6.0257E+03 9.1260E+06
 68 1.5607E-01 6.5007E+03 8.8100E+06
 69 1.7500E-01 6.9906E+03 8.4928E+06
 70 1.9588E-01 7.4985E+03 8.1768E+06
 71 2.1885E-01 8.0232E+03 7.8623E+06
 72 2.4409E-01 8.5600E+03 7.5486E+06
 73 2.7175E-01 9.1024E+03 7.2350E+06
 74 3.0201E-01 9.6450E+03 6.9215E+06
 75 3.3504E-01 1.0183E+04 6.6085E+06
 76 3.7102E-01 1.0715E+04 6.2971E+06
 77 4.1014E-01 1.1238E+04 5.9882E+06
 78 4.5257E-01 1.1750E+04 5.6825E+06
 79 4.9851E-01 1.2243E+04 5.3802E+06
 80 5.4813E-01 1.2660E+04 5.0752E+06
 81 6.0163E-01 1.3124E+04 4.7864E+06
 82 6.5916E-01 4.2210E+04 6.5762E+06
 83 7.2092E-01 4.0941E+04 6.0722E+06
 84 7.8707E-01 4.1004E+04 5.6756E+06
 85 8.5775E-01 4.1807E+04 5.3152E+06
 86 9.3312E-01 4.3275E+04 4.9716E+06
 87 1.0133E+00 4.5297E+04 4.6344E+06
 88 1.0984E+00 4.7807E+04 4.2969E+06
 89 1.1886E+00 5.0527E+04 3.9485E+06
 90 1.2838E+00 5.3245E+04 3.5850E+06
 91 1.3843E+00 5.5991E+04 3.2103E+06
 92 1.4899E+00 5.8943E+04 2.8306E+06
 93 1.6008E+00 6.1964E+04 2.4463E+06
 94 1.7168E+00 6.4911E+04 2.0599E+06
 95 1.8380E+00 6.7574E+04 1.6750E+06
 96 1.9643E+00 6.9858E+04 1.2982E+06
 97 2.0954E+00 7.1767E+04 1.2465E+06
 98 2.2314E+00 7.3310E+04 1.2512E+06
 99 2.3720E+00 7.4146E+04 1.2510E+06
100 2.5169E+00 7.7631E+04 3.3209E+10
 
  i  P(bar) chf(erg/s/cm**2) kzz(cm**-2)  
  1 1.2655E-06 1.6348E+03 5.5918E+08
  2 1.5986E-06 1.6348E+03 5.0225E+08
  3 2.0159E-06 1.6348E+03 4.4612E+08
  4 2.5375E-06 1.6348E+03 4.0269E+08
  5 3.1884E-06 1.6348E+03 3.6468E+08
  6 3.9991E-06 1.6348E+03 3.2912E+08
  7 5.0071E-06 1.6348E+03 2.9842E+08
  8 6.2580E-06 1.6348E+03 2.7267E+08
  9 7.8076E-06 1.6348E+03 2.5062E+08
 10 9.7234E-06 1.6348E+03 2.3137E+08
 11 1.2088E-05 1.6348E+03 2.1447E+08
 12 1.5001E-05 1.6348E+03 1.9948E+08
 13 1.8582E-05 1.6348E+03 1.8603E+08
 14 2.2978E-05 1.6348E+03 1.7379E+08
 15 2.8363E-05 1.6348E+03 1.6253E+08
 16 3.4948E-05 1.6348E+03 1.5205E+08
 17 4.2985E-05 1.6348E+03 1.4224E+08
 18 5.2776E-05 1.6348E+03 1.3301E+08
 19 6.4683E-05 1.6348E+03 1.2429E+08
 20 7.9135E-05 1.6348E+03 1.1606E+08
 21 9.6643E-05 1.6348E+03 1.0831E+08
 22 1.1782E-04 1.6348E+03 1.0103E+08
 23 1.4337E-04 1.6348E+03 9.4224E+07
 24 1.7416E-04 1.6348E+03 8.7873E+07
 25 2.1118E-04 1.6348E+03 8.1962E+07
 26 2.5562E-04 1.6348E+03 7.6471E+07
 27 3.0887E-04 1.6348E+03 7.1374E+07
 28 3.7253E-04 1.6348E+03 6.6644E+07
 29 4.4853E-04 1.6348E+03 6.2255E+07
 30 5.3906E-04 1.6348E+03 5.8181E+07
 31 6.4672E-04 1.6348E+03 5.4399E+07
 32 7.7450E-04 1.6348E+03 5.0886E+07
 33 9.2587E-04 1.6348E+03 4.7622E+07
 34 1.1049E-03 1.6348E+03 4.4588E+07
 35 1.3161E-03 1.6348E+03 4.1766E+07
 36 1.5650E-03 1.6348E+03 3.9140E+07
 37 1.8576E-03 1.6348E+03 3.6693E+07
 38 2.2010E-03 1.6348E+03 3.4413E+07
 39 2.6032E-03 1.6348E+03 3.2286E+07
 40 3.0735E-03 1.6348E+03 3.0300E+07
 41 3.6223E-03 1.6348E+03 2.8445E+07
 42 4.2615E-03 1.6348E+03 2.6713E+07
 43 5.0046E-03 1.6348E+03 2.5093E+07
 44 5.8668E-03 1.6348E+03 2.3577E+07
 45 6.8653E-03 1.6348E+03 2.2159E+07
 46 8.0194E-03 1.6348E+03 2.0832E+07
 47 9.3510E-03 1.6348E+03 1.9589E+07
 48 1.0884E-02 1.6348E+03 1.8425E+07
 49 1.2646E-02 1.6348E+03 1.7335E+07
 50 1.4668E-02 1.6348E+03 1.6314E+07
 51 1.6982E-02 1.6348E+03 1.5356E+07
 52 1.9626E-02 1.6348E+03 1.4458E+07
 53 2.2642E-02 1.6348E+03 1.3615E+07
 54 2.6074E-02 1.6348E+03 1.2824E+07
 55 2.9974E-02 1.6348E+03 1.2080E+07
 56 3.4396E-02 1.7695E+03 1.1685E+07
 57 3.9399E-02 2.0205E+03 1.1508E+07
 58 4.5051E-02 2.2981E+03 1.1319E+07
 59 5.1421E-02 2.6074E+03 1.1124E+07
 60 5.8588E-02 2.9527E+03 1.0926E+07
 61 6.6635E-02 3.3359E+03 1.0723E+07
 62 7.5653E-02 3.7542E+03 1.0510E+07
 63 8.5738E-02 4.2004E+03 1.0281E+07
 64 9.6996E-02 4.6649E+03 1.0030E+07
 65 1.0954E-01 5.1367E+03 9.7569E+06
 66 1.2348E-01 5.6036E+03 9.4594E+06
 67 1.3895E-01 6.0705E+03 9.1474E+06
 68 1.5607E-01 6.5453E+03 8.8290E+06
 69 1.7500E-01 7.0349E+03 8.5096E+06
 70 1.9588E-01 7.5426E+03 8.1918E+06
 71 2.1885E-01 8.0670E+03 7.8756E+06
 72 2.4409E-01 8.6035E+03 7.5605E+06
 73 2.7175E-01 9.1456E+03 7.2456E+06
 74 3.0201E-01 9.6878E+03 6.9309E+06
 75 3.3504E-01 1.0226E+04 6.6169E+06
 76 3.7102E-01 1.0757E+04 6.3045E+06
 77 4.1014E-01 1.1279E+04 5.9948E+06
 78 4.5257E-01 1.1790E+04 5.6884E+06
 79 4.9851E-01 1.2282E+04 5.3856E+06
 80 5.4813E-01 1.2693E+04 5.0796E+06
 81 6.0163E-01 1.3151E+04 4.7897E+06
 82 6.5916E-01 4.2308E+04 6.5802E+06
 83 7.2092E-01 4.1015E+04 6.0740E+06
 84 7.8707E-01 4.1070E+04 5.6771E+06
 85 8.5775E-01 4.1867E+04 5.3163E+06
 86 9.3312E-01 4.3330E+04 4.9724E+06
 87 1.0133E+00 4.5343E+04 4.6348E+06
 88 1.0984E+00 4.7848E+04 4.2971E+06
 89 1.1886E+00 5.0567E+04 3.9485E+06
 90 1.2838E+00 5.3286E+04 3.5850E+06
 91 1.3843E+00 5.6029E+04 3.2102E+06
 92 1.4899E+00 5.8979E+04 2.8305E+06
 93 1.6008E+00 6.1999E+04 2.4462E+06
 94 1.7168E+00 6.4948E+04 2.0598E+06
 95 1.8380E+00 6.7611E+04 1.6749E+06
 96 1.9643E+00 6.9900E+04 1.2982E+06
 97 2.0954E+00 7.1810E+04 1.2465E+06
 98 2.2314E+00 7.3349E+04 1.2511E+06
 99 2.3720E+00 7.4181E+04 1.2509E+06
100 2.5169E+00 7.7656E+04 3.3193E+10
 
  i  P(bar) chf(erg/s/cm**2) kzz(cm**-2)  
  1 1.2655E-06 1.6350E+03 5.5863E+08
  2 1.5986E-06 1.6350E+03 5.0399E+08
  3 2.0159E-06 1.6350E+03 4.4843E+08
  4 2.5375E-06 1.6350E+03 4.0237E+08
  5 3.1884E-06 1.6350E+03 3.6411E+08
  6 3.9991E-06 1.6350E+03 3.2929E+08
  7 5.0071E-06 1.6350E+03 2.9853E+08
  8 6.2580E-06 1.6350E+03 2.7253E+08
  9 7.8076E-06 1.6350E+03 2.5037E+08
 10 9.7234E-06 1.6350E+03 2.3112E+08
 11 1.2088E-05 1.6350E+03 2.1421E+08
 12 1.5001E-05 1.6350E+03 1.9923E+08
 13 1.8582E-05 1.6350E+03 1.8579E+08
 14 2.2978E-05 1.6350E+03 1.7357E+08
 15 2.8363E-05 1.6350E+03 1.6232E+08
 16 3.4948E-05 1.6350E+03 1.5188E+08
 17 4.2985E-05 1.6350E+03 1.4210E+08
 18 5.2776E-05 1.6350E+03 1.3289E+08
 19 6.4683E-05 1.6350E+03 1.2420E+08
 20 7.9135E-05 1.6350E+03 1.1599E+08
 21 9.6643E-05 1.6350E+03 1.0826E+08
 22 1.1782E-04 1.6350E+03 1.0100E+08
 23 1.4337E-04 1.6350E+03 9.4199E+07
 24 1.7416E-04 1.6350E+03 8.7854E+07
 25 2.1118E-04 1.6350E+03 8.1948E+07
 26 2.5562E-04 1.6350E+03 7.6459E+07
 27 3.0887E-04 1.6350E+03 7.1363E+07
 28 3.7253E-04 1.6350E+03 6.6634E+07
 29 4.4853E-04 1.6350E+03 6.2246E+07
 30 5.3906E-04 1.6350E+03 5.8173E+07
 31 6.4672E-04 1.6350E+03 5.4391E+07
 32 7.7450E-04 1.6350E+03 5.0879E+07
 33 9.2587E-04 1.6350E+03 4.7616E+07
 34 1.1049E-03 1.6350E+03 4.4582E+07
 35 1.3161E-03 1.6350E+03 4.1761E+07
 36 1.5650E-03 1.6350E+03 3.9135E+07
 37 1.8576E-03 1.6350E+03 3.6689E+07
 38 2.2010E-03 1.6350E+03 3.4409E+07
 39 2.6032E-03 1.6350E+03 3.2282E+07
 40 3.0735E-03 1.6350E+03 3.0297E+07
 41 3.6223E-03 1.6350E+03 2.8443E+07
 42 4.2615E-03 1.6350E+03 2.6710E+07
 43 5.0046E-03 1.6350E+03 2.5090E+07
 44 5.8668E-03 1.6350E+03 2.3575E+07
 45 6.8653E-03 1.6350E+03 2.2157E+07
 46 8.0194E-03 1.6350E+03 2.0830E+07
 47 9.3510E-03 1.6350E+03 1.9588E+07
 48 1.0884E-02 1.6350E+03 1.8424E+07
 49 1.2646E-02 1.6350E+03 1.7334E+07
 50 1.4668E-02 1.6350E+03 1.6312E+07
 51 1.6982E-02 1.6350E+03 1.5355E+07
 52 1.9626E-02 1.6350E+03 1.4457E+07
 53 2.2642E-02 1.6350E+03 1.3614E+07
 54 2.6074E-02 1.6350E+03 1.2823E+07
 55 2.9974E-02 1.6350E+03 1.2079E+07
 56 3.4396E-02 1.8151E+03 1.1783E+07
 57 3.9399E-02 2.0659E+03 1.1592E+07
 58 4.5051E-02 2.3431E+03 1.1391E+07
 59 5.1421E-02 2.6520E+03 1.1186E+07
 60 5.8588E-02 2.9969E+03 1.0979E+07
 61 6.6635E-02 3.3795E+03 1.0769E+07
 62 7.5653E-02 3.7973E+03 1.0549E+07
 63 8.5738E-02 4.2431E+03 1.0315E+07
 64 9.6996E-02 4.7072E+03 1.0060E+07
 65 1.0954E-01 5.1786E+03 9.7825E+06
 66 1.2348E-01 5.6452E+03 9.4820E+06
 67 1.3895E-01 6.1118E+03 9.1673E+06
 68 1.5607E-01 6.5863E+03 8.8467E+06
 69 1.7500E-01 7.0757E+03 8.5254E+06
 70 1.9588E-01 7.5831E+03 8.2059E+06
 71 2.1885E-01 8.1073E+03 7.8881E+06
 72 2.4409E-01 8.6435E+03 7.5716E+06
 73 2.7175E-01 9.1854E+03 7.2555E+06
 74 3.0201E-01 9.7272E+03 6.9398E+06
 75 3.3504E-01 1.0265E+04 6.6248E+06
 76 3.7102E-01 1.0795E+04 6.3116E+06
 77 4.1014E-01 1.1317E+04 6.0011E+06
 78 4.5257E-01 1.1827E+04 5.6941E+06
 79 4.9851E-01 1.2320E+04 5.3910E+06
 80 5.4813E-01 1.2726E+04 5.0840E+06
 81 6.0163E-01 1.3180E+04 4.7931E+06
 82 6.5916E-01 4.2386E+04 6.5832E+06
 83 7.2092E-01 4.1074E+04 6.0756E+06
 84 7.8707E-01 4.1123E+04 5.6783E+06
 85 8.5775E-01 4.1916E+04 5.3172E+06
 86 9.3312E-01 4.3374E+04 4.9729E+06
 87 1.0133E+00 4.5381E+04 4.6351E+06
 88 1.0984E+00 4.7882E+04 4.2971E+06
 89 1.1886E+00 5.0600E+04 3.9485E+06
 90 1.2838E+00 5.3320E+04 3.5850E+06
 91 1.3843E+00 5.6061E+04 3.2101E+06
 92 1.4899E+00 5.9008E+04 2.8304E+06
 93 1.6008E+00 6.2028E+04 2.4461E+06
 94 1.7168E+00 6.4980E+04 2.0597E+06
 95 1.8380E+00 6.7643E+04 1.6748E+06
 96 1.9643E+00 6.9936E+04 1.2981E+06
 97 2.0954E+00 7.1847E+04 1.2465E+06
 98 2.2314E+00 7.3383E+04 1.2511E+06
 99 2.3720E+00 7.4212E+04 1.2509E+06
100 2.5169E+00 7.7677E+04 3.3190E+10
 
  i  P(bar) chf(erg/s/cm**2) kzz(cm**-2)  
  1 1.2655E-06 1.6350E+03 5.5557E+08
  2 1.5986E-06 1.6350E+03 5.0372E+08
  3 2.0159E-06 1.6350E+03 4.5133E+08
  4 2.5375E-06 1.6350E+03 4.0417E+08
  5 3.1884E-06 1.6350E+03 3.6395E+08
  6 3.9991E-06 1.6350E+03 3.2886E+08
  7 5.0071E-06 1.6350E+03 2.9836E+08
  8 6.2580E-06 1.6350E+03 2.7235E+08
  9 7.8076E-06 1.6350E+03 2.5014E+08
 10 9.7234E-06 1.6350E+03 2.3088E+08
 11 1.2088E-05 1.6350E+03 2.1397E+08
 12 1.5001E-05 1.6350E+03 1.9899E+08
 13 1.8582E-05 1.6350E+03 1.8555E+08
 14 2.2978E-05 1.6350E+03 1.7335E+08
 15 2.8363E-05 1.6350E+03 1.6213E+08
 16 3.4948E-05 1.6350E+03 1.5171E+08
 17 4.2985E-05 1.6350E+03 1.4195E+08
 18 5.2776E-05 1.6350E+03 1.3277E+08
 19 6.4683E-05 1.6350E+03 1.2411E+08
 20 7.9135E-05 1.6350E+03 1.1592E+08
 21 9.6643E-05 1.6350E+03 1.0821E+08
 22 1.1782E-04 1.6350E+03 1.0096E+08
 23 1.4337E-04 1.6350E+03 9.4174E+07
 24 1.7416E-04 1.6350E+03 8.7835E+07
 25 2.1118E-04 1.6350E+03 8.1932E+07
 26 2.5562E-04 1.6350E+03 7.6446E+07
 27 3.0887E-04 1.6350E+03 7.1352E+07
 28 3.7253E-04 1.6350E+03 6.6624E+07
 29 4.4853E-04 1.6350E+03 6.2237E+07
 30 5.3906E-04 1.6350E+03 5.8164E+07
 31 6.4672E-04 1.6350E+03 5.4383E+07
 32 7.7450E-04 1.6350E+03 5.0871E+07
 33 9.2587E-04 1.6350E+03 4.7609E+07
 34 1.1049E-03 1.6350E+03 4.4576E+07
 35 1.3161E-03 1.6350E+03 4.1755E+07
 36 1.5650E-03 1.6350E+03 3.9129E+07
 37 1.8576E-03 1.6350E+03 3.6684E+07
 38 2.2010E-03 1.6350E+03 3.4405E+07
 39 2.6032E-03 1.6350E+03 3.2278E+07
 40 3.0735E-03 1.6350E+03 3.0293E+07
 41 3.6223E-03 1.6350E+03 2.8440E+07
 42 4.2615E-03 1.6350E+03 2.6707E+07
 43 5.0046E-03 1.6350E+03 2.5088E+07
 44 5.8668E-03 1.6350E+03 2.3573E+07
 45 6.8653E-03 1.6350E+03 2.2155E+07
 46 8.0194E-03 1.6350E+03 2.0828E+07
 47 9.3510E-03 1.6350E+03 1.9586E+07
 48 1.0884E-02 1.6350E+03 1.8422E+07
 49 1.2646E-02 1.6350E+03 1.7332E+07
 50 1.4668E-02 1.6350E+03 1.6311E+07
 51 1.6982E-02 1.6350E+03 1.5353E+07
 52 1.9626E-02 1.6350E+03 1.4455E+07
 53 2.2642E-02 1.6350E+03 1.3613E+07
 54 2.6074E-02 1.6350E+03 1.2822E+07
 55 2.9974E-02 1.6350E+03 1.2078E+07
 56 3.4396E-02 1.8545E+03 1.1867E+07
 57 3.9399E-02 2.1051E+03 1.1664E+07
 58 4.5051E-02 2.3822E+03 1.1453E+07
 59 5.1421E-02 2.6909E+03 1.1239E+07
 60 5.8588E-02 3.0355E+03 1.1025E+07
 61 6.6635E-02 3.4180E+03 1.0809E+07
 62 7.5653E-02 3.8356E+03 1.0584E+07
 63 8.5738E-02 4.2811E+03 1.0344E+07
 64 9.6996E-02 4.7450E+03 1.0086E+07
 65 1.0954E-01 5.2162E+03 9.8054E+06
 66 1.2348E-01 5.6826E+03 9.5021E+06
 67 1.3895E-01 6.1491E+03 9.1852E+06
 68 1.5607E-01 6.6234E+03 8.8626E+06
 69 1.7500E-01 7.1126E+03 8.5396E+06
 70 1.9588E-01 7.6199E+03 8.2185E+06
 71 2.1885E-01 8.1440E+03 7.8995E+06
 72 2.4409E-01 8.6799E+03 7.5817E+06
 73 2.7175E-01 9.2216E+03 7.2645E+06
 74 3.0201E-01 9.7631E+03 6.9478E+06
 75 3.3504E-01 1.0300E+04 6.6320E+06
 76 3.7102E-01 1.0830E+04 6.3180E+06
 77 4.1014E-01 1.1352E+04 6.0069E+06
 78 4.5257E-01 1.1862E+04 5.6994E+06
 79 4.9851E-01 1.2356E+04 5.3962E+06
 80 5.4813E-01 1.2756E+04 5.0881E+06
 81 6.0163E-01 1.3207E+04 4.7963E+06
 82 6.5916E-01 4.2451E+04 6.5858E+06
 83 7.2092E-01 4.1123E+04 6.0768E+06
 84 7.8707E-01 4.1168E+04 5.6792E+06
 85 8.5775E-01 4.1958E+04 5.3180E+06
 86 9.3312E-01 4.3411E+04 4.9735E+06
 87 1.0133E+00 4.5413E+04 4.6354E+06
 88 1.0984E+00 4.7911E+04 4.2973E+06
 89 1.1886E+00 5.0627E+04 3.9486E+06
 90 1.2838E+00 5.3349E+04 3.5850E+06
 91 1.3843E+00 5.6087E+04 3.2101E+06
 92 1.4899E+00 5.9033E+04 2.8303E+06
 93 1.6008E+00 6.2051E+04 2.4460E+06
 94 1.7168E+00 6.5006E+04 2.0597E+06
 95 1.8380E+00 6.7668E+04 1.6748E+06
 96 1.9643E+00 6.9963E+04 1.2981E+06
 97 2.0954E+00 7.1875E+04 1.2464E+06
 98 2.2314E+00 7.3409E+04 1.2510E+06
 99 2.3720E+00 7.4235E+04 1.2508E+06
100 2.5169E+00 7.7693E+04 3.3183E+10
 
  i  P(bar) chf(erg/s/cm**2) kzz(cm**-2)  
  1 1.2655E-06 1.6351E+03 5.5411E+08
  2 1.5986E-06 1.6351E+03 5.0190E+08
  3 2.0159E-06 1.6351E+03 4.5044E+08
  4 2.5375E-06 1.6351E+03 4.0345E+08
  5 3.1884E-06 1.6351E+03 3.6315E+08
  6 3.9991E-06 1.6351E+03 3.2833E+08
  7 5.0071E-06 1.6351E+03 2.9802E+08
  8 6.2580E-06 1.6351E+03 2.7198E+08
  9 7.8076E-06 1.6351E+03 2.4968E+08
 10 9.7234E-06 1.6351E+03 2.3041E+08
 11 1.2088E-05 1.6351E+03 2.1353E+08
 12 1.5001E-05 1.6351E+03 1.9857E+08
 13 1.8582E-05 1.6351E+03 1.8517E+08
 14 2.2978E-05 1.6351E+03 1.7301E+08
 15 2.8363E-05 1.6351E+03 1.6183E+08
 16 3.4948E-05 1.6351E+03 1.5146E+08
 17 4.2985E-05 1.6351E+03 1.4175E+08
 18 5.2776E-05 1.6351E+03 1.3261E+08
 19 6.4683E-05 1.6351E+03 1.2399E+08
 20 7.9135E-05 1.6351E+03 1.1584E+08
 21 9.6643E-05 1.6351E+03 1.0815E+08
 22 1.1782E-04 1.6351E+03 1.0092E+08
 23 1.4337E-04 1.6351E+03 9.4139E+07
 24 1.7416E-04 1.6351E+03 8.7808E+07
 25 2.1118E-04 1.6351E+03 8.1911E+07
 26 2.5562E-04 1.6351E+03 7.6428E+07
 27 3.0887E-04 1.6351E+03 7.1335E+07
 28 3.7253E-04 1.6351E+03 6.6609E+07
 29 4.4853E-04 1.6351E+03 6.2222E+07
 30 5.3906E-04 1.6351E+03 5.8150E+07
 31 6.4672E-04 1.6351E+03 5.4370E+07
 32 7.7450E-04 1.6351E+03 5.0859E+07
 33 9.2587E-04 1.6351E+03 4.7597E+07
 34 1.1049E-03 1.6351E+03 4.4565E+07
 35 1.3161E-03 1.6351E+03 4.1746E+07
 36 1.5650E-03 1.6351E+03 3.9121E+07
 37 1.8576E-03 1.6351E+03 3.6677E+07
 38 2.2010E-03 1.6351E+03 3.4398E+07
 39 2.6032E-03 1.6351E+03 3.2272E+07
 40 3.0735E-03 1.6351E+03 3.0288E+07
 41 3.6223E-03 1.6351E+03 2.8435E+07
 42 4.2615E-03 1.6351E+03 2.6703E+07
 43 5.0046E-03 1.6351E+03 2.5084E+07
 44 5.8668E-03 1.6351E+03 2.3570E+07
 45 6.8653E-03 1.6351E+03 2.2152E+07
 46 8.0194E-03 1.6351E+03 2.0825E+07
 47 9.3510E-03 1.6351E+03 1.9583E+07
 48 1.0884E-02 1.6351E+03 1.8420E+07
 49 1.2646E-02 1.6351E+03 1.7330E+07
 50 1.4668E-02 1.6351E+03 1.6309E+07
 51 1.6982E-02 1.6351E+03 1.5351E+07
 52 1.9626E-02 1.6351E+03 1.4453E+07
 53 2.2642E-02 1.6351E+03 1.3611E+07
 54 2.6074E-02 1.6351E+03 1.2820E+07
 55 2.9974E-02 1.6635E+03 1.2146E+07
 56 3.4396E-02 1.8925E+03 1.1946E+07
 57 3.9399E-02 2.1429E+03 1.1731E+07
 58 4.5051E-02 2.4197E+03 1.1511E+07
 59 5.1421E-02 2.7282E+03 1.1290E+07
 60 5.8588E-02 3.0727E+03 1.1069E+07
 61 6.6635E-02 3.4549E+03 1.0846E+07
 62 7.5653E-02 3.8723E+03 1.0616E+07
 63 8.5738E-02 4.3176E+03 1.0373E+07
 64 9.6996E-02 4.7813E+03 1.0110E+07
 65 1.0954E-01 5.2523E+03 9.8269E+06
 66 1.2348E-01 5.7185E+03 9.5212E+06
 67 1.3895E-01 6.1848E+03 9.2022E+06
 68 1.5607E-01 6.6590E+03 8.8777E+06
 69 1.7500E-01 7.1480E+03 8.5531E+06
 70 1.9588E-01 7.6552E+03 8.2305E+06
 71 2.1885E-01 8.1791E+03 7.9102E+06
 72 2.4409E-01 8.7148E+03 7.5913E+06
 73 2.7175E-01 9.2562E+03 7.2731E+06
 74 3.0201E-01 9.7975E+03 6.9555E+06
 75 3.3504E-01 1.0334E+04 6.6389E+06
 76 3.7102E-01 1.0864E+04 6.3242E+06
 77 4.1014E-01 1.1385E+04 6.0125E+06
 78 4.5257E-01 1.1895E+04 5.7046E+06
 79 4.9851E-01 1.2391E+04 5.4013E+06
 80 5.4813E-01 1.2787E+04 5.0923E+06
 81 6.0163E-01 1.3234E+04 4.7995E+06
 82 6.5916E-01 4.2506E+04 6.5880E+06
 83 7.2092E-01 4.1166E+04 6.0779E+06
 84 7.8707E-01 4.1207E+04 5.6802E+06
 85 8.5775E-01 4.1994E+04 5.3187E+06
 86 9.3312E-01 4.3444E+04 4.9740E+06
 87 1.0133E+00 4.5442E+04 4.6357E+06
 88 1.0984E+00 4.7937E+04 4.2974E+06
 89 1.1886E+00 5.0652E+04 3.9487E+06
 90 1.2838E+00 5.3375E+04 3.5851E+06
 91 1.3843E+00 5.6111E+04 3.2101E+06
 92 1.4899E+00 5.9054E+04 2.8302E+06
 93 1.6008E+00 6.2072E+04 2.4460E+06
 94 1.7168E+00 6.5029E+04 2.0597E+06
 95 1.8380E+00 6.7690E+04 1.6747E+06
 96 1.9643E+00 6.9986E+04 1.2981E+06
 97 2.0954E+00 7.1900E+04 1.2464E+06
 98 2.2314E+00 7.3431E+04 1.2510E+06
 99 2.3720E+00 7.4255E+04 1.2508E+06
100 2.5169E+00 7.7707E+04 3.3160E+10
 
  i  P(bar) chf(erg/s/cm**2) kzz(cm**-2)  
  1 1.2655E-06 1.6352E+03 5.5560E+08
  2 1.5986E-06 1.6352E+03 4.9809E+08
  3 2.0159E-06 1.6352E+03 4.4656E+08
  4 2.5375E-06 1.6352E+03 4.0199E+08
  5 3.1884E-06 1.6352E+03 3.6167E+08
  6 3.9991E-06 1.6352E+03 3.2656E+08
  7 5.0071E-06 1.6352E+03 2.9715E+08
  8 6.2580E-06 1.6352E+03 2.7149E+08
  9 7.8076E-06 1.6352E+03 2.4903E+08
 10 9.7234E-06 1.6352E+03 2.2968E+08
 11 1.2088E-05 1.6352E+03 2.1282E+08
 12 1.5001E-05 1.6352E+03 1.9792E+08
 13 1.8582E-05 1.6352E+03 1.8458E+08
 14 2.2978E-05 1.6352E+03 1.7249E+08
 15 2.8363E-05 1.6352E+03 1.6140E+08
 16 3.4948E-05 1.6352E+03 1.5110E+08
 17 4.2985E-05 1.6352E+03 1.4147E+08
 18 5.2776E-05 1.6352E+03 1.3239E+08
 19 6.4683E-05 1.6352E+03 1.2382E+08
 20 7.9135E-05 1.6352E+03 1.1572E+08
 21 9.6643E-05 1.6352E+03 1.0806E+08
 22 1.1782E-04 1.6352E+03 1.0085E+08
 23 1.4337E-04 1.6352E+03 9.4092E+07
 24 1.7416E-04 1.6352E+03 8.7771E+07
 25 2.1118E-04 1.6352E+03 8.1880E+07
 26 2.5562E-04 1.6352E+03 7.6401E+07
 27 3.0887E-04 1.6352E+03 7.1311E+07
 28 3.7253E-04 1.6352E+03 6.6586E+07
 29 4.4853E-04 1.6352E+03 6.2200E+07
 30 5.3906E-04 1.6352E+03 5.8130E+07
 31 6.4672E-04 1.6352E+03 5.4351E+07
 32 7.7450E-04 1.6352E+03 5.0841E+07
 33 9.2587E-04 1.6352E+03 4.7581E+07
 34 1.1049E-03 1.6352E+03 4.4550E+07
 35 1.3161E-03 1.6352E+03 4.1732E+07
 36 1.5650E-03 1.6352E+03 3.9109E+07
 37 1.8576E-03 1.6352E+03 3.6666E+07
 38 2.2010E-03 1.6352E+03 3.4389E+07
 39 2.6032E-03 1.6352E+03 3.2264E+07
 40 3.0735E-03 1.6352E+03 3.0281E+07
 41 3.6223E-03 1.6352E+03 2.8429E+07
 42 4.2615E-03 1.6352E+03 2.6698E+07
 43 5.0046E-03 1.6352E+03 2.5079E+07
 44 5.8668E-03 1.6352E+03 2.3565E+07
 45 6.8653E-03 1.6352E+03 2.2148E+07
 46 8.0194E-03 1.6352E+03 2.0822E+07
 47 9.3510E-03 1.6352E+03 1.9580E+07
 48 1.0884E-02 1.6352E+03 1.8416E+07
 49 1.2646E-02 1.6352E+03 1.7327E+07
 50 1.4668E-02 1.6352E+03 1.6306E+07
 51 1.6982E-02 1.6352E+03 1.5348E+07
 52 1.9626E-02 1.6352E+03 1.4451E+07
 53 2.2642E-02 1.6352E+03 1.3609E+07
 54 2.6074E-02 1.6352E+03 1.2818E+07
 55 2.9974E-02 1.6932E+03 1.2216E+07
 56 3.4396E-02 1.9219E+03 1.2006E+07
 57 3.9399E-02 2.1721E+03 1.1783E+07
 58 4.5051E-02 2.4487E+03 1.1555E+07
 59 5.1421E-02 2.7569E+03 1.1328E+07
 60 5.8588E-02 3.1010E+03 1.1101E+07
 61 6.6635E-02 3.4829E+03 1.0874E+07
 62 7.5653E-02 3.8999E+03 1.0640E+07
 63 8.5738E-02 4.3449E+03 1.0393E+07
 64 9.6996E-02 4.8083E+03 1.0129E+07
 65 1.0954E-01 5.2790E+03 9.8429E+06
 66 1.2348E-01 5.7449E+03 9.5354E+06
 67 1.3895E-01 6.2110E+03 9.2148E+06
 68 1.5607E-01 6.6850E+03 8.8891E+06
 69 1.7500E-01 7.1738E+03 8.5633E+06
 70 1.9588E-01 7.6808E+03 8.2397E+06
 71 2.1885E-01 8.2044E+03 7.9184E+06
 72 2.4409E-01 8.7400E+03 7.5987E+06
 73 2.7175E-01 9.2811E+03 7.2798E+06
 74 3.0201E-01 9.8220E+03 6.9616E+06
 75 3.3504E-01 1.0358E+04 6.6445E+06
 76 3.7102E-01 1.0888E+04 6.3293E+06
 77 4.1014E-01 1.1408E+04 6.0172E+06
 78 4.5257E-01 1.1919E+04 5.7092E+06
 79 4.9851E-01 1.2417E+04 5.4059E+06
 80 5.4813E-01 1.2809E+04 5.0961E+06
 81 6.0163E-01 1.3254E+04 4.8026E+06
 82 6.5916E-01 4.2550E+04 6.5987E+06
 83 7.2092E-01 4.1199E+04 6.0858E+06
 84 7.8707E-01 4.1237E+04 5.6809E+06
 85 8.5775E-01 4.2022E+04 5.3192E+06
 86 9.3312E-01 4.3469E+04 4.9744E+06
 87 1.0133E+00 4.5463E+04 4.6359E+06
 88 1.0984E+00 4.7956E+04 4.2975E+06
 89 1.1886E+00 5.0671E+04 3.9487E+06
 90 1.2838E+00 5.3394E+04 3.5851E+06
 91 1.3843E+00 5.6129E+04 3.2101E+06
 92 1.4899E+00 5.9071E+04 2.8303E+06
 93 1.6008E+00 6.2088E+04 2.4459E+06
 94 1.7168E+00 6.5047E+04 2.0596E+06
 95 1.8380E+00 6.7707E+04 1.6747E+06
 96 1.9643E+00 7.0005E+04 1.2981E+06
 97 2.0954E+00 7.1919E+04 1.2464E+06
 98 2.2314E+00 7.3449E+04 1.2510E+06
 99 2.3720E+00 7.4271E+04 1.2507E+06
100 2.5169E+00 7.7718E+04 3.3122E+10
 
  i  P(bar) chf(erg/s/cm**2) kzz(cm**-2)  
  1 1.2655E-06 1.6384E+03 5.5574E+08
  2 1.5986E-06 1.6384E+03 4.9685E+08
  3 2.0159E-06 1.6384E+03 4.4678E+08
  4 2.5375E-06 1.6384E+03 4.0337E+08
  5 3.1884E-06 1.6384E+03 3.6309E+08
  6 3.9991E-06 1.6384E+03 3.2737E+08
  7 5.0071E-06 1.6384E+03 2.9696E+08
  8 6.2580E-06 1.6384E+03 2.7091E+08
  9 7.8076E-06 1.6384E+03 2.4849E+08
 10 9.7234E-06 1.6384E+03 2.2913E+08
 11 1.2088E-05 1.6384E+03 2.1227E+08
 12 1.5001E-05 1.6384E+03 1.9741E+08
 13 1.8582E-05 1.6384E+03 1.8414E+08
 14 2.2978E-05 1.6384E+03 1.7211E+08
 15 2.8363E-05 1.6384E+03 1.6108E+08
 16 3.4948E-05 1.6384E+03 1.5085E+08
 17 4.2985E-05 1.6384E+03 1.4127E+08
 18 5.2776E-05 1.6384E+03 1.3226E+08
 19 6.4683E-05 1.6384E+03 1.2373E+08
 20 7.9135E-05 1.6384E+03 1.1567E+08
 21 9.6643E-05 1.6384E+03 1.0804E+08
 22 1.1782E-04 1.6384E+03 1.0085E+08
 23 1.4337E-04 1.6384E+03 9.4103E+07
 24 1.7416E-04 1.6384E+03 8.7788E+07
 25 2.1118E-04 1.6384E+03 8.1899E+07
 26 2.5562E-04 1.6384E+03 7.6420E+07
 27 3.0887E-04 1.6384E+03 7.1329E+07
 28 3.7253E-04 1.6384E+03 6.6603E+07
 29 4.4853E-04 1.6384E+03 6.2216E+07
 30 5.3906E-04 1.6384E+03 5.8144E+07
 31 6.4672E-04 1.6384E+03 5.4364E+07
 32 7.7450E-04 1.6384E+03 5.0854E+07
 33 9.2587E-04 1.6384E+03 4.7593E+07
 34 1.1049E-03 1.6384E+03 4.4562E+07
 35 1.3161E-03 1.6384E+03 4.1744E+07
 36 1.5650E-03 1.6384E+03 3.9120E+07
 37 1.8576E-03 1.6384E+03 3.6677E+07
 38 2.2010E-03 1.6384E+03 3.4400E+07
 39 2.6032E-03 1.6384E+03 3.2275E+07
 40 3.0735E-03 1.6384E+03 3.0292E+07
 41 3.6223E-03 1.6384E+03 2.8439E+07
 42 4.2615E-03 1.6384E+03 2.6708E+07
 43 5.0046E-03 1.6384E+03 2.5089E+07
 44 5.8668E-03 1.6384E+03 2.3574E+07
 45 6.8653E-03 1.6384E+03 2.2157E+07
 46 8.0194E-03 1.6384E+03 2.0830E+07
 47 9.3510E-03 1.6384E+03 1.9587E+07
 48 1.0884E-02 1.6384E+03 1.8423E+07
 49 1.2646E-02 1.6384E+03 1.7333E+07
 50 1.4668E-02 1.6384E+03 1.6311E+07
 51 1.6982E-02 1.6384E+03 1.5354E+07
 52 1.9626E-02 1.6384E+03 1.4456E+07
 53 2.2642E-02 1.6384E+03 1.3613E+07
 54 2.6074E-02 1.6384E+03 1.2822E+07
 55 2.9974E-02 1.6384E+03 1.2079E+07
 56 3.4396E-02 1.6384E+03 1.1380E+07
 57 3.9399E-02 1.6384E+03 1.0723E+07
 58 4.5051E-02 1.6384E+03 1.0104E+07
 59 5.1421E-02 1.7310E+03 9.6969E+06
 60 5.8588E-02 2.0745E+03 9.7060E+06
 61 6.6635E-02 2.4556E+03 9.6752E+06
 62 7.5653E-02 2.8718E+03 9.6055E+06
 63 8.5738E-02 3.3158E+03 9.4951E+06
 64 9.6996E-02 3.7782E+03 9.3436E+06
 65 1.0954E-01 4.2478E+03 9.1523E+06
 66 1.2348E-01 4.7126E+03 8.9233E+06
 67 1.3895E-01 5.1773E+03 8.6696E+06
 68 1.5607E-01 5.6497E+03 8.4015E+06
 69 1.7500E-01 6.1365E+03 8.1262E+06
 70 1.9588E-01 6.6411E+03 7.8472E+06
 71 2.1885E-01 7.1618E+03 7.5652E+06
 72 2.4409E-01 7.6937E+03 7.2800E+06
 73 2.7175E-01 8.2304E+03 6.9915E+06
 74 3.0201E-01 8.7657E+03 6.7000E+06
 75 3.3504E-01 9.2951E+03 6.4063E+06
 76 3.7102E-01 9.8154E+03 6.1118E+06
 77 4.1014E-01 1.0325E+04 5.8179E+06
 78 4.5257E-01 1.0821E+04 5.5259E+06
 79 4.9851E-01 1.1302E+04 5.2369E+06
 80 5.4813E-01 1.1761E+04 4.9510E+06
 81 6.0163E-01 1.2160E+04 4.6656E+06
 82 6.5916E-01 1.2529E+04 4.3871E+06
 83 7.2092E-01 4.2131E+04 6.1244E+06
 84 7.8707E-01 4.1619E+04 5.6920E+06
 85 8.5775E-01 4.2285E+04 5.3244E+06
 86 9.3312E-01 4.3664E+04 4.9764E+06
 87 1.0133E+00 4.5604E+04 4.6357E+06
 88 1.0984E+00 4.8068E+04 4.2964E+06
 89 1.1886E+00 5.0763E+04 3.9470E+06
 90 1.2838E+00 5.3473E+04 3.5833E+06
 91 1.3843E+00 5.6196E+04 3.2082E+06
 92 1.4899E+00 5.9134E+04 2.8285E+06
 93 1.6008E+00 6.2150E+04 2.4443E+06
 94 1.7168E+00 6.5108E+04 2.0583E+06
 95 1.8380E+00 6.7769E+04 1.6736E+06
 96 1.9643E+00 7.0067E+04 1.2972E+06
 97 2.0954E+00 7.1981E+04 1.2456E+06
 98 2.2314E+00 7.3510E+04 1.2501E+06
 99 2.3720E+00 7.4330E+04 1.2499E+06
100 2.5169E+00 7.7772E+04 3.3105E+10
 
  i  P(bar) chf(erg/s/cm**2) kzz(cm**-2)  
  1 1.2655E-06 1.6330E+03 5.5112E+08
  2 1.5986E-06 1.6330E+03 4.9477E+08
  3 2.0159E-06 1.6330E+03 4.4518E+08
  4 2.5375E-06 1.6330E+03 4.0208E+08
  5 3.1884E-06 1.6330E+03 3.6258E+08
  6 3.9991E-06 1.6330E+03 3.2519E+08
  7 5.0071E-06 1.6330E+03 2.9537E+08
  8 6.2580E-06 1.6330E+03 2.6963E+08
  9 7.8076E-06 1.6330E+03 2.4722E+08
 10 9.7234E-06 1.6330E+03 2.2794E+08
 11 1.2088E-05 1.6330E+03 2.1122E+08
 12 1.5001E-05 1.6330E+03 1.9648E+08
 13 1.8582E-05 1.6330E+03 1.8331E+08
 14 2.2978E-05 1.6330E+03 1.7140E+08
 15 2.8363E-05 1.6330E+03 1.6048E+08
 16 3.4948E-05 1.6330E+03 1.5035E+08
 17 4.2985E-05 1.6330E+03 1.4086E+08
 18 5.2776E-05 1.6330E+03 1.3193E+08
 19 6.4683E-05 1.6330E+03 1.2347E+08
 20 7.9135E-05 1.6330E+03 1.1545E+08
 21 9.6643E-05 1.6330E+03 1.0786E+08
 22 1.1782E-04 1.6330E+03 1.0070E+08
 23 1.4337E-04 1.6330E+03 9.3963E+07
 24 1.7416E-04 1.6330E+03 8.7661E+07
 25 2.1118E-04 1.6330E+03 8.1781E+07
 26 2.5562E-04 1.6330E+03 7.6309E+07
 27 3.0887E-04 1.6330E+03 7.1225E+07
 28 3.7253E-04 1.6330E+03 6.6505E+07
 29 4.4853E-04 1.6330E+03 6.2124E+07
 30 5.3906E-04 1.6330E+03 5.8057E+07
 31 6.4672E-04 1.6330E+03 5.4283E+07
 32 7.7450E-04 1.6330E+03 5.0777E+07
 33 9.2587E-04 1.6330E+03 4.7522E+07
 34 1.1049E-03 1.6330E+03 4.4496E+07
 35 1.3161E-03 1.6330E+03 4.1682E+07
 36 1.5650E-03 1.6330E+03 3.9064E+07
 37 1.8576E-03 1.6330E+03 3.6625E+07
 38 2.2010E-03 1.6330E+03 3.4352E+07
 39 2.6032E-03 1.6330E+03 3.2231E+07
 40 3.0735E-03 1.6330E+03 3.0251E+07
 41 3.6223E-03 1.6330E+03 2.8401E+07
 42 4.2615E-03 1.6330E+03 2.6672E+07
 43 5.0046E-03 1.6330E+03 2.5056E+07
 44 5.8668E-03 1.6330E+03 2.3543E+07
 45 6.8653E-03 1.6330E+03 2.2128E+07
 46 8.0194E-03 1.6330E+03 2.0802E+07
 47 9.3510E-03 1.6330E+03 1.9561E+07
 48 1.0884E-02 1.6330E+03 1.8398E+07
 49 1.2646E-02 1.6330E+03 1.7310E+07
 50 1.4668E-02 1.6330E+03 1.6289E+07
 51 1.6982E-02 1.6330E+03 1.5333E+07
 52 1.9626E-02 1.6330E+03 1.4437E+07
 53 2.2642E-02 1.6330E+03 1.3595E+07
 54 2.6074E-02 1.6330E+03 1.2806E+07
 55 2.9974E-02 1.6442E+03 1.2091E+07
 56 3.4396E-02 1.8722E+03 1.1895E+07
 57 3.9399E-02 2.1216E+03 1.1685E+07
 58 4.5051E-02 2.3974E+03 1.1468E+07
 59 5.1421E-02 2.7047E+03 1.1250E+07
 60 5.8588E-02 3.0478E+03 1.1032E+07
 61 6.6635E-02 3.4285E+03 1.0812E+07
 62 7.5653E-02 3.8443E+03 1.0585E+07
 63 8.5738E-02 4.2881E+03 1.0343E+07
 64 9.6996E-02 4.7504E+03 1.0083E+07
 65 1.0954E-01 5.2200E+03 9.8020E+06
 66 1.2348E-01 5.6851E+03 9.4982E+06
 67 1.3895E-01 6.1503E+03 9.1810E+06
 68 1.5607E-01 6.6233E+03 8.8580E+06
 69 1.7500E-01 7.1112E+03 8.5348E+06
 70 1.9588E-01 7.6170E+03 8.2135E+06
 71 2.1885E-01 8.1394E+03 7.8943E+06
 72 2.4409E-01 8.6735E+03 7.5763E+06
 73 2.7175E-01 9.2129E+03 7.2589E+06
 74 3.0201E-01 9.7518E+03 6.9420E+06
 75 3.3504E-01 1.0286E+04 6.6260E+06
 76 3.7102E-01 1.0812E+04 6.3118E+06
 77 4.1014E-01 1.1330E+04 6.0007E+06
 78 4.5257E-01 1.1838E+04 5.6936E+06
 79 4.9851E-01 1.2335E+04 5.3915E+06
 80 5.4813E-01 1.2813E+04 5.0942E+06
 81 6.0163E-01 1.3213E+04 4.7963E+06
 82 6.5916E-01 4.2657E+04 6.5996E+06
 83 7.2092E-01 4.1487E+04 6.0930E+06
 84 7.8707E-01 4.1412E+04 5.6826E+06
 85 8.5775E-01 4.2185E+04 5.3203E+06
 86 9.3312E-01 4.3619E+04 4.9748E+06
 87 1.0133E+00 4.5593E+04 4.6353E+06
 88 1.0984E+00 4.8071E+04 4.2965E+06
 89 1.1886E+00 5.0784E+04 3.9476E+06
 90 1.2838E+00 5.3518E+04 3.5843E+06
 91 1.3843E+00 5.6246E+04 3.2092E+06
 92 1.4899E+00 5.9179E+04 2.8292E+06
 93 1.6008E+00 6.2194E+04 2.4449E+06
 94 1.7168E+00 6.5154E+04 2.0588E+06
 95 1.8380E+00 6.7824E+04 1.6741E+06
 96 1.9643E+00 7.0134E+04 1.2976E+06
 97 2.0954E+00 7.2057E+04 1.2460E+06
 98 2.2314E+00 7.3572E+04 1.2505E+06
 99 2.3720E+00 7.4379E+04 1.2502E+06
100 2.5169E+00 7.7788E+04 3.3043E+10
 
