  i  rg(cm)   reff(cm)   ndz(n/cm**3)  
  1 0.0000E+00 0.0000E+00 0.0000E+00
  2 0.0000E+00 0.0000E+00 0.0000E+00
  3 0.0000E+00 0.0000E+00 0.0000E+00
  4 0.0000E+00 0.0000E+00 0.0000E+00
  5 0.0000E+00 0.0000E+00 0.0000E+00
  6 0.0000E+00 0.0000E+00 0.0000E+00
  7 0.0000E+00 0.0000E+00 0.0000E+00
  8 0.0000E+00 0.0000E+00 0.0000E+00
  9 0.0000E+00 0.0000E+00 0.0000E+00
 10 0.0000E+00 0.0000E+00 0.0000E+00
 11 0.0000E+00 0.0000E+00 0.0000E+00
 12 0.0000E+00 0.0000E+00 0.0000E+00
 13 0.0000E+00 0.0000E+00 0.0000E+00
 14 0.0000E+00 0.0000E+00 0.0000E+00
 15 0.0000E+00 0.0000E+00 0.0000E+00
 16 0.0000E+00 0.0000E+00 0.0000E+00
 17 0.0000E+00 0.0000E+00 0.0000E+00
 18 0.0000E+00 0.0000E+00 0.0000E+00
 19 0.0000E+00 0.0000E+00 0.0000E+00
 20 0.0000E+00 0.0000E+00 0.0000E+00
 21 0.0000E+00 0.0000E+00 0.0000E+00
 22 0.0000E+00 0.0000E+00 0.0000E+00
 23 0.0000E+00 0.0000E+00 0.0000E+00
 24 0.0000E+00 0.0000E+00 0.0000E+00
 25 0.0000E+00 0.0000E+00 0.0000E+00
 26 0.0000E+00 0.0000E+00 0.0000E+00
 27 0.0000E+00 0.0000E+00 0.0000E+00
 28 0.0000E+00 0.0000E+00 0.0000E+00
 29 0.0000E+00 0.0000E+00 0.0000E+00
 30 0.0000E+00 0.0000E+00 0.0000E+00
 31 0.0000E+00 0.0000E+00 0.0000E+00
 32 0.0000E+00 0.0000E+00 0.0000E+00
 33 0.0000E+00 0.0000E+00 0.0000E+00
 34 0.0000E+00 0.0000E+00 0.0000E+00
 35 0.0000E+00 0.0000E+00 0.0000E+00
 36 0.0000E+00 0.0000E+00 0.0000E+00
 37 0.0000E+00 0.0000E+00 0.0000E+00
 38 0.0000E+00 0.0000E+00 0.0000E+00
 39 0.0000E+00 0.0000E+00 0.0000E+00
 40 0.0000E+00 0.0000E+00 0.0000E+00
 41 0.0000E+00 0.0000E+00 0.0000E+00
 42 0.0000E+00 0.0000E+00 0.0000E+00
 43 0.0000E+00 0.0000E+00 0.0000E+00
 44 0.0000E+00 0.0000E+00 0.0000E+00
 45 0.0000E+00 0.0000E+00 0.0000E+00
 46 0.0000E+00 0.0000E+00 0.0000E+00
 47 0.0000E+00 0.0000E+00 0.0000E+00
 48 0.0000E+00 0.0000E+00 0.0000E+00
 49 0.0000E+00 0.0000E+00 0.0000E+00
 50 0.0000E+00 0.0000E+00 0.0000E+00
 51 0.0000E+00 0.0000E+00 0.0000E+00
 52 0.0000E+00 0.0000E+00 0.0000E+00
 53 0.0000E+00 0.0000E+00 0.0000E+00
 54 0.0000E+00 0.0000E+00 0.0000E+00
 55 0.0000E+00 0.0000E+00 0.0000E+00
 56 0.0000E+00 0.0000E+00 0.0000E+00
 57 0.0000E+00 0.0000E+00 0.0000E+00
 58 0.0000E+00 0.0000E+00 0.0000E+00
 59 0.0000E+00 0.0000E+00 0.0000E+00
 60 0.0000E+00 0.0000E+00 0.0000E+00
 61 0.0000E+00 0.0000E+00 0.0000E+00
 62 0.0000E+00 0.0000E+00 0.0000E+00
 63 0.0000E+00 0.0000E+00 0.0000E+00
 64 0.0000E+00 0.0000E+00 0.0000E+00
 65 0.0000E+00 0.0000E+00 0.0000E+00
 66 0.0000E+00 0.0000E+00 0.0000E+00
 67 0.0000E+00 0.0000E+00 0.0000E+00
 68 0.0000E+00 0.0000E+00 0.0000E+00
 69 0.0000E+00 0.0000E+00 0.0000E+00
 70 0.0000E+00 0.0000E+00 0.0000E+00
 71 0.0000E+00 0.0000E+00 0.0000E+00
 72 0.0000E+00 0.0000E+00 0.0000E+00
 73 0.0000E+00 0.0000E+00 0.0000E+00
 74 0.0000E+00 0.0000E+00 0.0000E+00
 75 0.0000E+00 0.0000E+00 0.0000E+00
 76 0.0000E+00 0.0000E+00 0.0000E+00
 77 0.0000E+00 0.0000E+00 0.0000E+00
 78 0.0000E+00 0.0000E+00 0.0000E+00
 79 0.0000E+00 0.0000E+00 0.0000E+00
 80 3.3076E-04 1.0994E-03 7.6409E-02
 81 3.2460E-04 1.0789E-03 5.7370E-02
 82 3.2021E-04 1.0643E-03 3.7666E+02
 83 3.1688E-04 1.0533E-03 4.7306E+02
 84 3.1341E-04 1.0417E-03 5.9472E+02
 85 3.0977E-04 1.0296E-03 7.4765E+02
 86 3.0592E-04 1.0169E-03 9.3857E+02
 87 3.0185E-04 1.0033E-03 1.1743E+03
 88 2.9752E-04 9.8891E-04 1.4611E+03
 89 2.9287E-04 9.7345E-04 1.8030E+03
 90 2.8784E-04 9.5676E-04 2.2001E+03
 91 2.8238E-04 9.3860E-04 2.6471E+03
 92 2.7639E-04 9.1869E-04 3.1319E+03
 93 2.6995E-04 8.9728E-04 3.6268E+03
 94 2.6260E-04 8.7286E-04 4.1147E+03
 95 2.5431E-04 8.4531E-04 4.5522E+03
 96 2.4480E-04 8.1370E-04 4.8584E+03
 97 2.4213E-04 8.0480E-04 4.5752E+03
 98 2.4084E-04 8.0053E-04 3.4296E+03
 99 2.3952E-04 7.9613E-04 1.1452E+03
100 0.0000E+00 0.0000E+00 0.0000E+00
 
  i  rg(cm)   reff(cm)   ndz(n/cm**3)  
  1 0.0000E+00 0.0000E+00 0.0000E+00
  2 0.0000E+00 0.0000E+00 0.0000E+00
  3 0.0000E+00 0.0000E+00 0.0000E+00
  4 0.0000E+00 0.0000E+00 0.0000E+00
  5 0.0000E+00 0.0000E+00 0.0000E+00
  6 0.0000E+00 0.0000E+00 0.0000E+00
  7 0.0000E+00 0.0000E+00 0.0000E+00
  8 0.0000E+00 0.0000E+00 0.0000E+00
  9 0.0000E+00 0.0000E+00 0.0000E+00
 10 0.0000E+00 0.0000E+00 0.0000E+00
 11 0.0000E+00 0.0000E+00 0.0000E+00
 12 0.0000E+00 0.0000E+00 0.0000E+00
 13 0.0000E+00 0.0000E+00 0.0000E+00
 14 0.0000E+00 0.0000E+00 0.0000E+00
 15 0.0000E+00 0.0000E+00 0.0000E+00
 16 0.0000E+00 0.0000E+00 0.0000E+00
 17 0.0000E+00 0.0000E+00 0.0000E+00
 18 0.0000E+00 0.0000E+00 0.0000E+00
 19 0.0000E+00 0.0000E+00 0.0000E+00
 20 0.0000E+00 0.0000E+00 0.0000E+00
 21 0.0000E+00 0.0000E+00 0.0000E+00
 22 0.0000E+00 0.0000E+00 0.0000E+00
 23 0.0000E+00 0.0000E+00 0.0000E+00
 24 0.0000E+00 0.0000E+00 0.0000E+00
 25 0.0000E+00 0.0000E+00 0.0000E+00
 26 0.0000E+00 0.0000E+00 0.0000E+00
 27 0.0000E+00 0.0000E+00 0.0000E+00
 28 0.0000E+00 0.0000E+00 0.0000E+00
 29 0.0000E+00 0.0000E+00 0.0000E+00
 30 0.0000E+00 0.0000E+00 0.0000E+00
 31 0.0000E+00 0.0000E+00 0.0000E+00
 32 0.0000E+00 0.0000E+00 0.0000E+00
 33 0.0000E+00 0.0000E+00 0.0000E+00
 34 0.0000E+00 0.0000E+00 0.0000E+00
 35 0.0000E+00 0.0000E+00 0.0000E+00
 36 0.0000E+00 0.0000E+00 0.0000E+00
 37 0.0000E+00 0.0000E+00 0.0000E+00
 38 0.0000E+00 0.0000E+00 0.0000E+00
 39 0.0000E+00 0.0000E+00 0.0000E+00
 40 0.0000E+00 0.0000E+00 0.0000E+00
 41 0.0000E+00 0.0000E+00 0.0000E+00
 42 0.0000E+00 0.0000E+00 0.0000E+00
 43 0.0000E+00 0.0000E+00 0.0000E+00
 44 0.0000E+00 0.0000E+00 0.0000E+00
 45 0.0000E+00 0.0000E+00 0.0000E+00
 46 0.0000E+00 0.0000E+00 0.0000E+00
 47 0.0000E+00 0.0000E+00 0.0000E+00
 48 0.0000E+00 0.0000E+00 0.0000E+00
 49 0.0000E+00 0.0000E+00 0.0000E+00
 50 0.0000E+00 0.0000E+00 0.0000E+00
 51 0.0000E+00 0.0000E+00 0.0000E+00
 52 0.0000E+00 0.0000E+00 0.0000E+00
 53 0.0000E+00 0.0000E+00 0.0000E+00
 54 0.0000E+00 0.0000E+00 0.0000E+00
 55 0.0000E+00 0.0000E+00 0.0000E+00
 56 0.0000E+00 0.0000E+00 0.0000E+00
 57 0.0000E+00 0.0000E+00 0.0000E+00
 58 0.0000E+00 0.0000E+00 0.0000E+00
 59 0.0000E+00 0.0000E+00 0.0000E+00
 60 0.0000E+00 0.0000E+00 0.0000E+00
 61 0.0000E+00 0.0000E+00 0.0000E+00
 62 0.0000E+00 0.0000E+00 0.0000E+00
 63 0.0000E+00 0.0000E+00 0.0000E+00
 64 0.0000E+00 0.0000E+00 0.0000E+00
 65 0.0000E+00 0.0000E+00 0.0000E+00
 66 0.0000E+00 0.0000E+00 0.0000E+00
 67 0.0000E+00 0.0000E+00 0.0000E+00
 68 0.0000E+00 0.0000E+00 0.0000E+00
 69 0.0000E+00 0.0000E+00 0.0000E+00
 70 0.0000E+00 0.0000E+00 0.0000E+00
 71 0.0000E+00 0.0000E+00 0.0000E+00
 72 0.0000E+00 0.0000E+00 0.0000E+00
 73 0.0000E+00 0.0000E+00 0.0000E+00
 74 0.0000E+00 0.0000E+00 0.0000E+00
 75 0.0000E+00 0.0000E+00 0.0000E+00
 76 0.0000E+00 0.0000E+00 0.0000E+00
 77 0.0000E+00 0.0000E+00 0.0000E+00
 78 0.0000E+00 0.0000E+00 0.0000E+00
 79 0.0000E+00 0.0000E+00 0.0000E+00
 80 3.8697E-04 1.2862E-03 5.2476E-02
 81 3.8636E-04 1.2842E-03 6.1357E-02
 82 6.7776E-04 2.2528E-03 3.4657E+01
 83 6.7177E-04 2.2329E-03 4.3515E+01
 84 6.6920E-04 2.2243E-03 5.3566E+01
 85 6.6901E-04 2.2237E-03 6.5126E+01
 86 6.7039E-04 2.2283E-03 7.8357E+01
 87 6.7176E-04 2.2329E-03 9.3756E+01
 88 6.7201E-04 2.2337E-03 1.1180E+02
 89 6.7019E-04 2.2276E-03 1.3301E+02
 90 6.6635E-04 2.2149E-03 1.5728E+02
 91 6.6055E-04 2.1956E-03 1.8411E+02
 92 6.5242E-04 2.1686E-03 2.1298E+02
 93 6.4122E-04 2.1313E-03 2.4349E+02
 94 6.2594E-04 2.0805E-03 2.7558E+02
 95 6.0546E-04 2.0125E-03 3.0953E+02
 96 5.7916E-04 1.9251E-03 3.4002E+02
 97 5.7806E-04 1.9214E-03 3.0622E+02
 98 5.8267E-04 1.9367E-03 2.2110E+02
 99 5.8583E-04 1.9472E-03 7.1700E+01
100 0.0000E+00 0.0000E+00 0.0000E+00
 
  i  rg(cm)   reff(cm)   ndz(n/cm**3)  
  1 0.0000E+00 0.0000E+00 0.0000E+00
  2 0.0000E+00 0.0000E+00 0.0000E+00
  3 0.0000E+00 0.0000E+00 0.0000E+00
  4 0.0000E+00 0.0000E+00 0.0000E+00
  5 0.0000E+00 0.0000E+00 0.0000E+00
  6 0.0000E+00 0.0000E+00 0.0000E+00
  7 0.0000E+00 0.0000E+00 0.0000E+00
  8 0.0000E+00 0.0000E+00 0.0000E+00
  9 0.0000E+00 0.0000E+00 0.0000E+00
 10 0.0000E+00 0.0000E+00 0.0000E+00
 11 0.0000E+00 0.0000E+00 0.0000E+00
 12 0.0000E+00 0.0000E+00 0.0000E+00
 13 0.0000E+00 0.0000E+00 0.0000E+00
 14 0.0000E+00 0.0000E+00 0.0000E+00
 15 0.0000E+00 0.0000E+00 0.0000E+00
 16 0.0000E+00 0.0000E+00 0.0000E+00
 17 0.0000E+00 0.0000E+00 0.0000E+00
 18 0.0000E+00 0.0000E+00 0.0000E+00
 19 0.0000E+00 0.0000E+00 0.0000E+00
 20 0.0000E+00 0.0000E+00 0.0000E+00
 21 0.0000E+00 0.0000E+00 0.0000E+00
 22 0.0000E+00 0.0000E+00 0.0000E+00
 23 0.0000E+00 0.0000E+00 0.0000E+00
 24 0.0000E+00 0.0000E+00 0.0000E+00
 25 0.0000E+00 0.0000E+00 0.0000E+00
 26 0.0000E+00 0.0000E+00 0.0000E+00
 27 0.0000E+00 0.0000E+00 0.0000E+00
 28 0.0000E+00 0.0000E+00 0.0000E+00
 29 0.0000E+00 0.0000E+00 0.0000E+00
 30 0.0000E+00 0.0000E+00 0.0000E+00
 31 0.0000E+00 0.0000E+00 0.0000E+00
 32 0.0000E+00 0.0000E+00 0.0000E+00
 33 0.0000E+00 0.0000E+00 0.0000E+00
 34 0.0000E+00 0.0000E+00 0.0000E+00
 35 0.0000E+00 0.0000E+00 0.0000E+00
 36 0.0000E+00 0.0000E+00 0.0000E+00
 37 0.0000E+00 0.0000E+00 0.0000E+00
 38 0.0000E+00 0.0000E+00 0.0000E+00
 39 0.0000E+00 0.0000E+00 0.0000E+00
 40 0.0000E+00 0.0000E+00 0.0000E+00
 41 0.0000E+00 0.0000E+00 0.0000E+00
 42 0.0000E+00 0.0000E+00 0.0000E+00
 43 0.0000E+00 0.0000E+00 0.0000E+00
 44 0.0000E+00 0.0000E+00 0.0000E+00
 45 0.0000E+00 0.0000E+00 0.0000E+00
 46 0.0000E+00 0.0000E+00 0.0000E+00
 47 0.0000E+00 0.0000E+00 0.0000E+00
 48 0.0000E+00 0.0000E+00 0.0000E+00
 49 0.0000E+00 0.0000E+00 0.0000E+00
 50 0.0000E+00 0.0000E+00 0.0000E+00
 51 0.0000E+00 0.0000E+00 0.0000E+00
 52 0.0000E+00 0.0000E+00 0.0000E+00
 53 0.0000E+00 0.0000E+00 0.0000E+00
 54 0.0000E+00 0.0000E+00 0.0000E+00
 55 0.0000E+00 0.0000E+00 0.0000E+00
 56 0.0000E+00 0.0000E+00 0.0000E+00
 57 0.0000E+00 0.0000E+00 0.0000E+00
 58 0.0000E+00 0.0000E+00 0.0000E+00
 59 0.0000E+00 0.0000E+00 0.0000E+00
 60 0.0000E+00 0.0000E+00 0.0000E+00
 61 0.0000E+00 0.0000E+00 0.0000E+00
 62 0.0000E+00 0.0000E+00 0.0000E+00
 63 0.0000E+00 0.0000E+00 0.0000E+00
 64 0.0000E+00 0.0000E+00 0.0000E+00
 65 0.0000E+00 0.0000E+00 0.0000E+00
 66 0.0000E+00 0.0000E+00 0.0000E+00
 67 0.0000E+00 0.0000E+00 0.0000E+00
 68 0.0000E+00 0.0000E+00 0.0000E+00
 69 0.0000E+00 0.0000E+00 0.0000E+00
 70 0.0000E+00 0.0000E+00 0.0000E+00
 71 0.0000E+00 0.0000E+00 0.0000E+00
 72 0.0000E+00 0.0000E+00 0.0000E+00
 73 0.0000E+00 0.0000E+00 0.0000E+00
 74 0.0000E+00 0.0000E+00 0.0000E+00
 75 0.0000E+00 0.0000E+00 0.0000E+00
 76 0.0000E+00 0.0000E+00 0.0000E+00
 77 0.0000E+00 0.0000E+00 0.0000E+00
 78 0.0000E+00 0.0000E+00 0.0000E+00
 79 0.0000E+00 0.0000E+00 0.0000E+00
 80 4.6281E-04 1.5383E-03 2.9535E-02
 81 4.6267E-04 1.5378E-03 3.7238E-02
 82 6.9751E-04 2.3184E-03 2.9255E+01
 83 6.8792E-04 2.2866E-03 3.7391E+01
 84 6.8332E-04 2.2713E-03 4.6439E+01
 85 6.8122E-04 2.2643E-03 5.6962E+01
 86 6.8038E-04 2.2615E-03 6.9262E+01
 87 6.8057E-04 2.2621E-03 8.3383E+01
 88 6.8002E-04 2.2603E-03 9.9898E+01
 89 6.7759E-04 2.2522E-03 1.1933E+02
 90 6.7310E-04 2.2373E-03 1.4172E+02
 91 6.6700E-04 2.2170E-03 1.6641E+02
 92 6.5857E-04 2.1890E-03 1.9316E+02
 93 6.4703E-04 2.1507E-03 2.2171E+02
 94 6.3154E-04 2.0992E-03 2.5195E+02
 95 6.1091E-04 2.0306E-03 2.8442E+02
 96 5.8435E-04 1.9423E-03 3.1511E+02
 97 5.8287E-04 1.9374E-03 2.7925E+02
 98 5.8639E-04 1.9491E-03 2.0085E+02
 99 5.8888E-04 1.9574E-03 6.0520E+01
100 0.0000E+00 0.0000E+00 0.0000E+00
 
  i  rg(cm)   reff(cm)   ndz(n/cm**3)  
  1 0.0000E+00 0.0000E+00 0.0000E+00
  2 0.0000E+00 0.0000E+00 0.0000E+00
  3 0.0000E+00 0.0000E+00 0.0000E+00
  4 0.0000E+00 0.0000E+00 0.0000E+00
  5 0.0000E+00 0.0000E+00 0.0000E+00
  6 0.0000E+00 0.0000E+00 0.0000E+00
  7 0.0000E+00 0.0000E+00 0.0000E+00
  8 0.0000E+00 0.0000E+00 0.0000E+00
  9 0.0000E+00 0.0000E+00 0.0000E+00
 10 0.0000E+00 0.0000E+00 0.0000E+00
 11 0.0000E+00 0.0000E+00 0.0000E+00
 12 0.0000E+00 0.0000E+00 0.0000E+00
 13 0.0000E+00 0.0000E+00 0.0000E+00
 14 0.0000E+00 0.0000E+00 0.0000E+00
 15 0.0000E+00 0.0000E+00 0.0000E+00
 16 0.0000E+00 0.0000E+00 0.0000E+00
 17 0.0000E+00 0.0000E+00 0.0000E+00
 18 0.0000E+00 0.0000E+00 0.0000E+00
 19 0.0000E+00 0.0000E+00 0.0000E+00
 20 0.0000E+00 0.0000E+00 0.0000E+00
 21 0.0000E+00 0.0000E+00 0.0000E+00
 22 0.0000E+00 0.0000E+00 0.0000E+00
 23 0.0000E+00 0.0000E+00 0.0000E+00
 24 0.0000E+00 0.0000E+00 0.0000E+00
 25 0.0000E+00 0.0000E+00 0.0000E+00
 26 0.0000E+00 0.0000E+00 0.0000E+00
 27 0.0000E+00 0.0000E+00 0.0000E+00
 28 0.0000E+00 0.0000E+00 0.0000E+00
 29 0.0000E+00 0.0000E+00 0.0000E+00
 30 0.0000E+00 0.0000E+00 0.0000E+00
 31 0.0000E+00 0.0000E+00 0.0000E+00
 32 0.0000E+00 0.0000E+00 0.0000E+00
 33 0.0000E+00 0.0000E+00 0.0000E+00
 34 0.0000E+00 0.0000E+00 0.0000E+00
 35 0.0000E+00 0.0000E+00 0.0000E+00
 36 0.0000E+00 0.0000E+00 0.0000E+00
 37 0.0000E+00 0.0000E+00 0.0000E+00
 38 0.0000E+00 0.0000E+00 0.0000E+00
 39 0.0000E+00 0.0000E+00 0.0000E+00
 40 0.0000E+00 0.0000E+00 0.0000E+00
 41 0.0000E+00 0.0000E+00 0.0000E+00
 42 0.0000E+00 0.0000E+00 0.0000E+00
 43 0.0000E+00 0.0000E+00 0.0000E+00
 44 0.0000E+00 0.0000E+00 0.0000E+00
 45 0.0000E+00 0.0000E+00 0.0000E+00
 46 0.0000E+00 0.0000E+00 0.0000E+00
 47 0.0000E+00 0.0000E+00 0.0000E+00
 48 0.0000E+00 0.0000E+00 0.0000E+00
 49 0.0000E+00 0.0000E+00 0.0000E+00
 50 0.0000E+00 0.0000E+00 0.0000E+00
 51 0.0000E+00 0.0000E+00 0.0000E+00
 52 0.0000E+00 0.0000E+00 0.0000E+00
 53 0.0000E+00 0.0000E+00 0.0000E+00
 54 0.0000E+00 0.0000E+00 0.0000E+00
 55 0.0000E+00 0.0000E+00 0.0000E+00
 56 0.0000E+00 0.0000E+00 0.0000E+00
 57 0.0000E+00 0.0000E+00 0.0000E+00
 58 0.0000E+00 0.0000E+00 0.0000E+00
 59 0.0000E+00 0.0000E+00 0.0000E+00
 60 0.0000E+00 0.0000E+00 0.0000E+00
 61 0.0000E+00 0.0000E+00 0.0000E+00
 62 0.0000E+00 0.0000E+00 0.0000E+00
 63 0.0000E+00 0.0000E+00 0.0000E+00
 64 0.0000E+00 0.0000E+00 0.0000E+00
 65 0.0000E+00 0.0000E+00 0.0000E+00
 66 0.0000E+00 0.0000E+00 0.0000E+00
 67 0.0000E+00 0.0000E+00 0.0000E+00
 68 0.0000E+00 0.0000E+00 0.0000E+00
 69 0.0000E+00 0.0000E+00 0.0000E+00
 70 0.0000E+00 0.0000E+00 0.0000E+00
 71 0.0000E+00 0.0000E+00 0.0000E+00
 72 0.0000E+00 0.0000E+00 0.0000E+00
 73 0.0000E+00 0.0000E+00 0.0000E+00
 74 0.0000E+00 0.0000E+00 0.0000E+00
 75 0.0000E+00 0.0000E+00 0.0000E+00
 76 0.0000E+00 0.0000E+00 0.0000E+00
 77 0.0000E+00 0.0000E+00 0.0000E+00
 78 0.0000E+00 0.0000E+00 0.0000E+00
 79 0.0000E+00 0.0000E+00 0.0000E+00
 80 4.8442E-04 1.6102E-03 2.4112E-02
 81 4.8341E-04 1.6068E-03 3.5214E-02
 82 7.0370E-04 2.3390E-03 2.6692E+01
 83 6.9252E-04 2.3018E-03 3.4412E+01
 84 6.8740E-04 2.2848E-03 4.2838E+01
 85 6.8438E-04 2.2748E-03 5.2774E+01
 86 6.8296E-04 2.2701E-03 6.4363E+01
 87 6.8256E-04 2.2687E-03 7.7744E+01
 88 6.8168E-04 2.2658E-03 9.3362E+01
 89 6.7923E-04 2.2577E-03 1.1165E+02
 90 6.7443E-04 2.2417E-03 1.3297E+02
 91 6.6809E-04 2.2206E-03 1.5657E+02
 92 6.5953E-04 2.1922E-03 1.8220E+02
 93 6.4797E-04 2.1538E-03 2.0967E+02
 94 6.3245E-04 2.1022E-03 2.3907E+02
 95 6.1202E-04 2.0343E-03 2.7086E+02
 96 5.8546E-04 1.9460E-03 3.0236E+02
 97 5.8391E-04 1.9408E-03 2.6521E+02
 98 5.8707E-04 1.9514E-03 1.9100E+02
 99 5.8918E-04 1.9584E-03 5.7112E+01
100 0.0000E+00 0.0000E+00 0.0000E+00
 
  i  rg(cm)   reff(cm)   ndz(n/cm**3)  
  1 0.0000E+00 0.0000E+00 0.0000E+00
  2 0.0000E+00 0.0000E+00 0.0000E+00
  3 0.0000E+00 0.0000E+00 0.0000E+00
  4 0.0000E+00 0.0000E+00 0.0000E+00
  5 0.0000E+00 0.0000E+00 0.0000E+00
  6 0.0000E+00 0.0000E+00 0.0000E+00
  7 0.0000E+00 0.0000E+00 0.0000E+00
  8 0.0000E+00 0.0000E+00 0.0000E+00
  9 0.0000E+00 0.0000E+00 0.0000E+00
 10 0.0000E+00 0.0000E+00 0.0000E+00
 11 0.0000E+00 0.0000E+00 0.0000E+00
 12 0.0000E+00 0.0000E+00 0.0000E+00
 13 0.0000E+00 0.0000E+00 0.0000E+00
 14 0.0000E+00 0.0000E+00 0.0000E+00
 15 0.0000E+00 0.0000E+00 0.0000E+00
 16 0.0000E+00 0.0000E+00 0.0000E+00
 17 0.0000E+00 0.0000E+00 0.0000E+00
 18 0.0000E+00 0.0000E+00 0.0000E+00
 19 0.0000E+00 0.0000E+00 0.0000E+00
 20 0.0000E+00 0.0000E+00 0.0000E+00
 21 0.0000E+00 0.0000E+00 0.0000E+00
 22 0.0000E+00 0.0000E+00 0.0000E+00
 23 0.0000E+00 0.0000E+00 0.0000E+00
 24 0.0000E+00 0.0000E+00 0.0000E+00
 25 0.0000E+00 0.0000E+00 0.0000E+00
 26 0.0000E+00 0.0000E+00 0.0000E+00
 27 0.0000E+00 0.0000E+00 0.0000E+00
 28 0.0000E+00 0.0000E+00 0.0000E+00
 29 0.0000E+00 0.0000E+00 0.0000E+00
 30 0.0000E+00 0.0000E+00 0.0000E+00
 31 0.0000E+00 0.0000E+00 0.0000E+00
 32 0.0000E+00 0.0000E+00 0.0000E+00
 33 0.0000E+00 0.0000E+00 0.0000E+00
 34 0.0000E+00 0.0000E+00 0.0000E+00
 35 0.0000E+00 0.0000E+00 0.0000E+00
 36 0.0000E+00 0.0000E+00 0.0000E+00
 37 0.0000E+00 0.0000E+00 0.0000E+00
 38 0.0000E+00 0.0000E+00 0.0000E+00
 39 0.0000E+00 0.0000E+00 0.0000E+00
 40 0.0000E+00 0.0000E+00 0.0000E+00
 41 0.0000E+00 0.0000E+00 0.0000E+00
 42 0.0000E+00 0.0000E+00 0.0000E+00
 43 0.0000E+00 0.0000E+00 0.0000E+00
 44 0.0000E+00 0.0000E+00 0.0000E+00
 45 0.0000E+00 0.0000E+00 0.0000E+00
 46 0.0000E+00 0.0000E+00 0.0000E+00
 47 0.0000E+00 0.0000E+00 0.0000E+00
 48 0.0000E+00 0.0000E+00 0.0000E+00
 49 0.0000E+00 0.0000E+00 0.0000E+00
 50 0.0000E+00 0.0000E+00 0.0000E+00
 51 0.0000E+00 0.0000E+00 0.0000E+00
 52 0.0000E+00 0.0000E+00 0.0000E+00
 53 0.0000E+00 0.0000E+00 0.0000E+00
 54 0.0000E+00 0.0000E+00 0.0000E+00
 55 0.0000E+00 0.0000E+00 0.0000E+00
 56 0.0000E+00 0.0000E+00 0.0000E+00
 57 0.0000E+00 0.0000E+00 0.0000E+00
 58 0.0000E+00 0.0000E+00 0.0000E+00
 59 0.0000E+00 0.0000E+00 0.0000E+00
 60 0.0000E+00 0.0000E+00 0.0000E+00
 61 0.0000E+00 0.0000E+00 0.0000E+00
 62 0.0000E+00 0.0000E+00 0.0000E+00
 63 0.0000E+00 0.0000E+00 0.0000E+00
 64 0.0000E+00 0.0000E+00 0.0000E+00
 65 0.0000E+00 0.0000E+00 0.0000E+00
 66 0.0000E+00 0.0000E+00 0.0000E+00
 67 0.0000E+00 0.0000E+00 0.0000E+00
 68 0.0000E+00 0.0000E+00 0.0000E+00
 69 0.0000E+00 0.0000E+00 0.0000E+00
 70 0.0000E+00 0.0000E+00 0.0000E+00
 71 0.0000E+00 0.0000E+00 0.0000E+00
 72 0.0000E+00 0.0000E+00 0.0000E+00
 73 0.0000E+00 0.0000E+00 0.0000E+00
 74 0.0000E+00 0.0000E+00 0.0000E+00
 75 0.0000E+00 0.0000E+00 0.0000E+00
 76 0.0000E+00 0.0000E+00 0.0000E+00
 77 0.0000E+00 0.0000E+00 0.0000E+00
 78 0.0000E+00 0.0000E+00 0.0000E+00
 79 0.0000E+00 0.0000E+00 0.0000E+00
 80 5.0013E-04 1.6624E-03 2.0542E-02
 81 4.9919E-04 1.6593E-03 3.4509E-02
 82 7.0832E-04 2.3544E-03 2.4896E+01
 83 6.9597E-04 2.3133E-03 3.2299E+01
 84 6.9043E-04 2.2949E-03 4.0282E+01
 85 6.8677E-04 2.2828E-03 4.9773E+01
 86 6.8504E-04 2.2770E-03 6.0812E+01
 87 6.8413E-04 2.2740E-03 7.3660E+01
 88 6.8299E-04 2.2702E-03 8.8627E+01
 89 6.8043E-04 2.2617E-03 1.0614E+02
 90 6.7549E-04 2.2452E-03 1.2663E+02
 91 6.6893E-04 2.2235E-03 1.4946E+02
 92 6.6027E-04 2.1947E-03 1.7433E+02
 93 6.4864E-04 2.1560E-03 2.0114E+02
 94 6.3315E-04 2.1045E-03 2.3003E+02
 95 6.1280E-04 2.0369E-03 2.6168E+02
 96 5.8629E-04 1.9488E-03 2.9426E+02
 97 5.8472E-04 1.9435E-03 2.5709E+02
 98 5.8771E-04 1.9535E-03 1.8706E+02
 99 5.8953E-04 1.9595E-03 5.9638E+01
100 0.0000E+00 0.0000E+00 0.0000E+00
 
  i  rg(cm)   reff(cm)   ndz(n/cm**3)  
  1 0.0000E+00 0.0000E+00 0.0000E+00
  2 0.0000E+00 0.0000E+00 0.0000E+00
  3 0.0000E+00 0.0000E+00 0.0000E+00
  4 0.0000E+00 0.0000E+00 0.0000E+00
  5 0.0000E+00 0.0000E+00 0.0000E+00
  6 0.0000E+00 0.0000E+00 0.0000E+00
  7 0.0000E+00 0.0000E+00 0.0000E+00
  8 0.0000E+00 0.0000E+00 0.0000E+00
  9 0.0000E+00 0.0000E+00 0.0000E+00
 10 0.0000E+00 0.0000E+00 0.0000E+00
 11 0.0000E+00 0.0000E+00 0.0000E+00
 12 0.0000E+00 0.0000E+00 0.0000E+00
 13 0.0000E+00 0.0000E+00 0.0000E+00
 14 0.0000E+00 0.0000E+00 0.0000E+00
 15 0.0000E+00 0.0000E+00 0.0000E+00
 16 0.0000E+00 0.0000E+00 0.0000E+00
 17 0.0000E+00 0.0000E+00 0.0000E+00
 18 0.0000E+00 0.0000E+00 0.0000E+00
 19 0.0000E+00 0.0000E+00 0.0000E+00
 20 0.0000E+00 0.0000E+00 0.0000E+00
 21 0.0000E+00 0.0000E+00 0.0000E+00
 22 0.0000E+00 0.0000E+00 0.0000E+00
 23 0.0000E+00 0.0000E+00 0.0000E+00
 24 0.0000E+00 0.0000E+00 0.0000E+00
 25 0.0000E+00 0.0000E+00 0.0000E+00
 26 0.0000E+00 0.0000E+00 0.0000E+00
 27 0.0000E+00 0.0000E+00 0.0000E+00
 28 0.0000E+00 0.0000E+00 0.0000E+00
 29 0.0000E+00 0.0000E+00 0.0000E+00
 30 0.0000E+00 0.0000E+00 0.0000E+00
 31 0.0000E+00 0.0000E+00 0.0000E+00
 32 0.0000E+00 0.0000E+00 0.0000E+00
 33 0.0000E+00 0.0000E+00 0.0000E+00
 34 0.0000E+00 0.0000E+00 0.0000E+00
 35 0.0000E+00 0.0000E+00 0.0000E+00
 36 0.0000E+00 0.0000E+00 0.0000E+00
 37 0.0000E+00 0.0000E+00 0.0000E+00
 38 0.0000E+00 0.0000E+00 0.0000E+00
 39 0.0000E+00 0.0000E+00 0.0000E+00
 40 0.0000E+00 0.0000E+00 0.0000E+00
 41 0.0000E+00 0.0000E+00 0.0000E+00
 42 0.0000E+00 0.0000E+00 0.0000E+00
 43 0.0000E+00 0.0000E+00 0.0000E+00
 44 0.0000E+00 0.0000E+00 0.0000E+00
 45 0.0000E+00 0.0000E+00 0.0000E+00
 46 0.0000E+00 0.0000E+00 0.0000E+00
 47 0.0000E+00 0.0000E+00 0.0000E+00
 48 0.0000E+00 0.0000E+00 0.0000E+00
 49 0.0000E+00 0.0000E+00 0.0000E+00
 50 0.0000E+00 0.0000E+00 0.0000E+00
 51 0.0000E+00 0.0000E+00 0.0000E+00
 52 0.0000E+00 0.0000E+00 0.0000E+00
 53 0.0000E+00 0.0000E+00 0.0000E+00
 54 0.0000E+00 0.0000E+00 0.0000E+00
 55 0.0000E+00 0.0000E+00 0.0000E+00
 56 0.0000E+00 0.0000E+00 0.0000E+00
 57 0.0000E+00 0.0000E+00 0.0000E+00
 58 0.0000E+00 0.0000E+00 0.0000E+00
 59 0.0000E+00 0.0000E+00 0.0000E+00
 60 0.0000E+00 0.0000E+00 0.0000E+00
 61 0.0000E+00 0.0000E+00 0.0000E+00
 62 0.0000E+00 0.0000E+00 0.0000E+00
 63 0.0000E+00 0.0000E+00 0.0000E+00
 64 0.0000E+00 0.0000E+00 0.0000E+00
 65 0.0000E+00 0.0000E+00 0.0000E+00
 66 0.0000E+00 0.0000E+00 0.0000E+00
 67 0.0000E+00 0.0000E+00 0.0000E+00
 68 0.0000E+00 0.0000E+00 0.0000E+00
 69 0.0000E+00 0.0000E+00 0.0000E+00
 70 0.0000E+00 0.0000E+00 0.0000E+00
 71 0.0000E+00 0.0000E+00 0.0000E+00
 72 0.0000E+00 0.0000E+00 0.0000E+00
 73 0.0000E+00 0.0000E+00 0.0000E+00
 74 0.0000E+00 0.0000E+00 0.0000E+00
 75 0.0000E+00 0.0000E+00 0.0000E+00
 76 0.0000E+00 0.0000E+00 0.0000E+00
 77 0.0000E+00 0.0000E+00 0.0000E+00
 78 0.0000E+00 0.0000E+00 0.0000E+00
 79 0.0000E+00 0.0000E+00 0.0000E+00
 80 5.1228E-04 1.7028E-03 1.7901E-02
 81 5.1003E-04 1.6953E-03 3.4427E-02
 82 7.1186E-04 2.3661E-03 2.3577E+01
 83 6.9865E-04 2.3222E-03 3.0729E+01
 84 6.9273E-04 2.3025E-03 3.8390E+01
 85 6.8866E-04 2.2890E-03 4.7526E+01
 86 6.8661E-04 2.2822E-03 5.8163E+01
 87 6.8536E-04 2.2781E-03 7.0587E+01
 88 6.8403E-04 2.2736E-03 8.5048E+01
 89 6.8135E-04 2.2647E-03 1.0198E+02
 90 6.7638E-04 2.2482E-03 1.2178E+02
 91 6.6961E-04 2.2257E-03 1.4403E+02
 92 6.6085E-04 2.1966E-03 1.6827E+02
 93 6.4916E-04 2.1577E-03 1.9451E+02
 94 6.3367E-04 2.1063E-03 2.2289E+02
 95 6.1337E-04 2.0388E-03 2.5424E+02
 96 5.8692E-04 1.9508E-03 2.8716E+02
 97 5.8535E-04 1.9456E-03 2.5265E+02
 98 5.8832E-04 1.9555E-03 1.8328E+02
 99 5.8993E-04 1.9609E-03 6.0504E+01
100 0.0000E+00 0.0000E+00 0.0000E+00
 
  i  rg(cm)   reff(cm)   ndz(n/cm**3)  
  1 0.0000E+00 0.0000E+00 0.0000E+00
  2 0.0000E+00 0.0000E+00 0.0000E+00
  3 0.0000E+00 0.0000E+00 0.0000E+00
  4 0.0000E+00 0.0000E+00 0.0000E+00
  5 0.0000E+00 0.0000E+00 0.0000E+00
  6 0.0000E+00 0.0000E+00 0.0000E+00
  7 0.0000E+00 0.0000E+00 0.0000E+00
  8 0.0000E+00 0.0000E+00 0.0000E+00
  9 0.0000E+00 0.0000E+00 0.0000E+00
 10 0.0000E+00 0.0000E+00 0.0000E+00
 11 0.0000E+00 0.0000E+00 0.0000E+00
 12 0.0000E+00 0.0000E+00 0.0000E+00
 13 0.0000E+00 0.0000E+00 0.0000E+00
 14 0.0000E+00 0.0000E+00 0.0000E+00
 15 0.0000E+00 0.0000E+00 0.0000E+00
 16 0.0000E+00 0.0000E+00 0.0000E+00
 17 0.0000E+00 0.0000E+00 0.0000E+00
 18 0.0000E+00 0.0000E+00 0.0000E+00
 19 0.0000E+00 0.0000E+00 0.0000E+00
 20 0.0000E+00 0.0000E+00 0.0000E+00
 21 0.0000E+00 0.0000E+00 0.0000E+00
 22 0.0000E+00 0.0000E+00 0.0000E+00
 23 0.0000E+00 0.0000E+00 0.0000E+00
 24 0.0000E+00 0.0000E+00 0.0000E+00
 25 0.0000E+00 0.0000E+00 0.0000E+00
 26 0.0000E+00 0.0000E+00 0.0000E+00
 27 0.0000E+00 0.0000E+00 0.0000E+00
 28 0.0000E+00 0.0000E+00 0.0000E+00
 29 0.0000E+00 0.0000E+00 0.0000E+00
 30 0.0000E+00 0.0000E+00 0.0000E+00
 31 0.0000E+00 0.0000E+00 0.0000E+00
 32 0.0000E+00 0.0000E+00 0.0000E+00
 33 0.0000E+00 0.0000E+00 0.0000E+00
 34 0.0000E+00 0.0000E+00 0.0000E+00
 35 0.0000E+00 0.0000E+00 0.0000E+00
 36 0.0000E+00 0.0000E+00 0.0000E+00
 37 0.0000E+00 0.0000E+00 0.0000E+00
 38 0.0000E+00 0.0000E+00 0.0000E+00
 39 0.0000E+00 0.0000E+00 0.0000E+00
 40 0.0000E+00 0.0000E+00 0.0000E+00
 41 0.0000E+00 0.0000E+00 0.0000E+00
 42 0.0000E+00 0.0000E+00 0.0000E+00
 43 0.0000E+00 0.0000E+00 0.0000E+00
 44 0.0000E+00 0.0000E+00 0.0000E+00
 45 0.0000E+00 0.0000E+00 0.0000E+00
 46 0.0000E+00 0.0000E+00 0.0000E+00
 47 0.0000E+00 0.0000E+00 0.0000E+00
 48 0.0000E+00 0.0000E+00 0.0000E+00
 49 0.0000E+00 0.0000E+00 0.0000E+00
 50 0.0000E+00 0.0000E+00 0.0000E+00
 51 0.0000E+00 0.0000E+00 0.0000E+00
 52 0.0000E+00 0.0000E+00 0.0000E+00
 53 0.0000E+00 0.0000E+00 0.0000E+00
 54 0.0000E+00 0.0000E+00 0.0000E+00
 55 0.0000E+00 0.0000E+00 0.0000E+00
 56 0.0000E+00 0.0000E+00 0.0000E+00
 57 0.0000E+00 0.0000E+00 0.0000E+00
 58 0.0000E+00 0.0000E+00 0.0000E+00
 59 0.0000E+00 0.0000E+00 0.0000E+00
 60 0.0000E+00 0.0000E+00 0.0000E+00
 61 0.0000E+00 0.0000E+00 0.0000E+00
 62 0.0000E+00 0.0000E+00 0.0000E+00
 63 0.0000E+00 0.0000E+00 0.0000E+00
 64 0.0000E+00 0.0000E+00 0.0000E+00
 65 0.0000E+00 0.0000E+00 0.0000E+00
 66 0.0000E+00 0.0000E+00 0.0000E+00
 67 0.0000E+00 0.0000E+00 0.0000E+00
 68 0.0000E+00 0.0000E+00 0.0000E+00
 69 0.0000E+00 0.0000E+00 0.0000E+00
 70 0.0000E+00 0.0000E+00 0.0000E+00
 71 0.0000E+00 0.0000E+00 0.0000E+00
 72 0.0000E+00 0.0000E+00 0.0000E+00
 73 0.0000E+00 0.0000E+00 0.0000E+00
 74 0.0000E+00 0.0000E+00 0.0000E+00
 75 0.0000E+00 0.0000E+00 0.0000E+00
 76 0.0000E+00 0.0000E+00 0.0000E+00
 77 0.0000E+00 0.0000E+00 0.0000E+00
 78 0.0000E+00 0.0000E+00 0.0000E+00
 79 0.0000E+00 0.0000E+00 0.0000E+00
 80 5.2072E-04 1.7308E-03 1.6022E-02
 81 5.1909E-04 1.7254E-03 3.4241E-02
 82 7.1463E-04 2.3753E-03 2.2601E+01
 83 7.0078E-04 2.3293E-03 2.9558E+01
 84 6.9457E-04 2.3087E-03 3.6973E+01
 85 6.9020E-04 2.2941E-03 4.5836E+01
 86 6.8783E-04 2.2863E-03 5.6185E+01
 87 6.8637E-04 2.2814E-03 6.8270E+01
 88 6.8487E-04 2.2764E-03 8.2349E+01
 89 6.8212E-04 2.2673E-03 9.8825E+01
 90 6.7708E-04 2.2505E-03 1.1813E+02
 91 6.7017E-04 2.2276E-03 1.3990E+02
 92 6.6132E-04 2.1981E-03 1.6366E+02
 93 6.4958E-04 2.1591E-03 1.8943E+02
 94 6.3410E-04 2.1077E-03 2.1739E+02
 95 6.1382E-04 2.0403E-03 2.4845E+02
 96 5.8742E-04 1.9525E-03 2.8145E+02
 97 5.8586E-04 1.9473E-03 2.4928E+02
 98 5.8880E-04 1.9571E-03 1.8001E+02
 99 5.9023E-04 1.9619E-03 6.0563E+01
100 0.0000E+00 0.0000E+00 0.0000E+00
 
  i  rg(cm)   reff(cm)   ndz(n/cm**3)  
  1 0.0000E+00 0.0000E+00 0.0000E+00
  2 0.0000E+00 0.0000E+00 0.0000E+00
  3 0.0000E+00 0.0000E+00 0.0000E+00
  4 0.0000E+00 0.0000E+00 0.0000E+00
  5 0.0000E+00 0.0000E+00 0.0000E+00
  6 0.0000E+00 0.0000E+00 0.0000E+00
  7 0.0000E+00 0.0000E+00 0.0000E+00
  8 0.0000E+00 0.0000E+00 0.0000E+00
  9 0.0000E+00 0.0000E+00 0.0000E+00
 10 0.0000E+00 0.0000E+00 0.0000E+00
 11 0.0000E+00 0.0000E+00 0.0000E+00
 12 0.0000E+00 0.0000E+00 0.0000E+00
 13 0.0000E+00 0.0000E+00 0.0000E+00
 14 0.0000E+00 0.0000E+00 0.0000E+00
 15 0.0000E+00 0.0000E+00 0.0000E+00
 16 0.0000E+00 0.0000E+00 0.0000E+00
 17 0.0000E+00 0.0000E+00 0.0000E+00
 18 0.0000E+00 0.0000E+00 0.0000E+00
 19 0.0000E+00 0.0000E+00 0.0000E+00
 20 0.0000E+00 0.0000E+00 0.0000E+00
 21 0.0000E+00 0.0000E+00 0.0000E+00
 22 0.0000E+00 0.0000E+00 0.0000E+00
 23 0.0000E+00 0.0000E+00 0.0000E+00
 24 0.0000E+00 0.0000E+00 0.0000E+00
 25 0.0000E+00 0.0000E+00 0.0000E+00
 26 0.0000E+00 0.0000E+00 0.0000E+00
 27 0.0000E+00 0.0000E+00 0.0000E+00
 28 0.0000E+00 0.0000E+00 0.0000E+00
 29 0.0000E+00 0.0000E+00 0.0000E+00
 30 0.0000E+00 0.0000E+00 0.0000E+00
 31 0.0000E+00 0.0000E+00 0.0000E+00
 32 0.0000E+00 0.0000E+00 0.0000E+00
 33 0.0000E+00 0.0000E+00 0.0000E+00
 34 0.0000E+00 0.0000E+00 0.0000E+00
 35 0.0000E+00 0.0000E+00 0.0000E+00
 36 0.0000E+00 0.0000E+00 0.0000E+00
 37 0.0000E+00 0.0000E+00 0.0000E+00
 38 0.0000E+00 0.0000E+00 0.0000E+00
 39 0.0000E+00 0.0000E+00 0.0000E+00
 40 0.0000E+00 0.0000E+00 0.0000E+00
 41 0.0000E+00 0.0000E+00 0.0000E+00
 42 0.0000E+00 0.0000E+00 0.0000E+00
 43 0.0000E+00 0.0000E+00 0.0000E+00
 44 0.0000E+00 0.0000E+00 0.0000E+00
 45 0.0000E+00 0.0000E+00 0.0000E+00
 46 0.0000E+00 0.0000E+00 0.0000E+00
 47 0.0000E+00 0.0000E+00 0.0000E+00
 48 0.0000E+00 0.0000E+00 0.0000E+00
 49 0.0000E+00 0.0000E+00 0.0000E+00
 50 0.0000E+00 0.0000E+00 0.0000E+00
 51 0.0000E+00 0.0000E+00 0.0000E+00
 52 0.0000E+00 0.0000E+00 0.0000E+00
 53 0.0000E+00 0.0000E+00 0.0000E+00
 54 0.0000E+00 0.0000E+00 0.0000E+00
 55 0.0000E+00 0.0000E+00 0.0000E+00
 56 0.0000E+00 0.0000E+00 0.0000E+00
 57 0.0000E+00 0.0000E+00 0.0000E+00
 58 0.0000E+00 0.0000E+00 0.0000E+00
 59 0.0000E+00 0.0000E+00 0.0000E+00
 60 0.0000E+00 0.0000E+00 0.0000E+00
 61 0.0000E+00 0.0000E+00 0.0000E+00
 62 0.0000E+00 0.0000E+00 0.0000E+00
 63 0.0000E+00 0.0000E+00 0.0000E+00
 64 0.0000E+00 0.0000E+00 0.0000E+00
 65 0.0000E+00 0.0000E+00 0.0000E+00
 66 0.0000E+00 0.0000E+00 0.0000E+00
 67 0.0000E+00 0.0000E+00 0.0000E+00
 68 0.0000E+00 0.0000E+00 0.0000E+00
 69 0.0000E+00 0.0000E+00 0.0000E+00
 70 0.0000E+00 0.0000E+00 0.0000E+00
 71 0.0000E+00 0.0000E+00 0.0000E+00
 72 0.0000E+00 0.0000E+00 0.0000E+00
 73 0.0000E+00 0.0000E+00 0.0000E+00
 74 0.0000E+00 0.0000E+00 0.0000E+00
 75 0.0000E+00 0.0000E+00 0.0000E+00
 76 0.0000E+00 0.0000E+00 0.0000E+00
 77 0.0000E+00 0.0000E+00 0.0000E+00
 78 0.0000E+00 0.0000E+00 0.0000E+00
 79 0.0000E+00 0.0000E+00 0.0000E+00
 80 5.2745E-04 1.7532E-03 1.4651E-02
 81 5.2561E-04 1.7471E-03 3.4189E-02
 82 7.1676E-04 2.3824E-03 2.1879E+01
 83 7.0242E-04 2.3348E-03 2.8687E+01
 84 6.9600E-04 2.3134E-03 3.5916E+01
 85 6.9141E-04 2.2982E-03 4.4572E+01
 86 6.8881E-04 2.2895E-03 5.4701E+01
 87 6.8718E-04 2.2841E-03 6.6531E+01
 88 6.8555E-04 2.2787E-03 8.0321E+01
 89 6.8272E-04 2.2693E-03 9.6462E+01
 90 6.7762E-04 2.2523E-03 1.1538E+02
 91 6.7061E-04 2.2290E-03 1.3678E+02
 92 6.6168E-04 2.1994E-03 1.6019E+02
 93 6.4991E-04 2.1602E-03 1.8560E+02
 94 6.3445E-04 2.1088E-03 2.1320E+02
 95 6.1417E-04 2.0414E-03 2.4401E+02
 96 5.8783E-04 1.9539E-03 2.7701E+02
 97 5.8627E-04 1.9487E-03 2.4650E+02
 98 5.8918E-04 1.9584E-03 1.7730E+02
 99 5.9052E-04 1.9628E-03 6.0238E+01
100 0.0000E+00 0.0000E+00 0.0000E+00
 
  i  rg(cm)   reff(cm)   ndz(n/cm**3)  
  1 0.0000E+00 0.0000E+00 0.0000E+00
  2 0.0000E+00 0.0000E+00 0.0000E+00
  3 0.0000E+00 0.0000E+00 0.0000E+00
  4 0.0000E+00 0.0000E+00 0.0000E+00
  5 0.0000E+00 0.0000E+00 0.0000E+00
  6 0.0000E+00 0.0000E+00 0.0000E+00
  7 0.0000E+00 0.0000E+00 0.0000E+00
  8 0.0000E+00 0.0000E+00 0.0000E+00
  9 0.0000E+00 0.0000E+00 0.0000E+00
 10 0.0000E+00 0.0000E+00 0.0000E+00
 11 0.0000E+00 0.0000E+00 0.0000E+00
 12 0.0000E+00 0.0000E+00 0.0000E+00
 13 0.0000E+00 0.0000E+00 0.0000E+00
 14 0.0000E+00 0.0000E+00 0.0000E+00
 15 0.0000E+00 0.0000E+00 0.0000E+00
 16 0.0000E+00 0.0000E+00 0.0000E+00
 17 0.0000E+00 0.0000E+00 0.0000E+00
 18 0.0000E+00 0.0000E+00 0.0000E+00
 19 0.0000E+00 0.0000E+00 0.0000E+00
 20 0.0000E+00 0.0000E+00 0.0000E+00
 21 0.0000E+00 0.0000E+00 0.0000E+00
 22 0.0000E+00 0.0000E+00 0.0000E+00
 23 0.0000E+00 0.0000E+00 0.0000E+00
 24 0.0000E+00 0.0000E+00 0.0000E+00
 25 0.0000E+00 0.0000E+00 0.0000E+00
 26 0.0000E+00 0.0000E+00 0.0000E+00
 27 0.0000E+00 0.0000E+00 0.0000E+00
 28 0.0000E+00 0.0000E+00 0.0000E+00
 29 0.0000E+00 0.0000E+00 0.0000E+00
 30 0.0000E+00 0.0000E+00 0.0000E+00
 31 0.0000E+00 0.0000E+00 0.0000E+00
 32 0.0000E+00 0.0000E+00 0.0000E+00
 33 0.0000E+00 0.0000E+00 0.0000E+00
 34 0.0000E+00 0.0000E+00 0.0000E+00
 35 0.0000E+00 0.0000E+00 0.0000E+00
 36 0.0000E+00 0.0000E+00 0.0000E+00
 37 0.0000E+00 0.0000E+00 0.0000E+00
 38 0.0000E+00 0.0000E+00 0.0000E+00
 39 0.0000E+00 0.0000E+00 0.0000E+00
 40 0.0000E+00 0.0000E+00 0.0000E+00
 41 0.0000E+00 0.0000E+00 0.0000E+00
 42 0.0000E+00 0.0000E+00 0.0000E+00
 43 0.0000E+00 0.0000E+00 0.0000E+00
 44 0.0000E+00 0.0000E+00 0.0000E+00
 45 0.0000E+00 0.0000E+00 0.0000E+00
 46 0.0000E+00 0.0000E+00 0.0000E+00
 47 0.0000E+00 0.0000E+00 0.0000E+00
 48 0.0000E+00 0.0000E+00 0.0000E+00
 49 0.0000E+00 0.0000E+00 0.0000E+00
 50 0.0000E+00 0.0000E+00 0.0000E+00
 51 0.0000E+00 0.0000E+00 0.0000E+00
 52 0.0000E+00 0.0000E+00 0.0000E+00
 53 0.0000E+00 0.0000E+00 0.0000E+00
 54 0.0000E+00 0.0000E+00 0.0000E+00
 55 0.0000E+00 0.0000E+00 0.0000E+00
 56 0.0000E+00 0.0000E+00 0.0000E+00
 57 0.0000E+00 0.0000E+00 0.0000E+00
 58 0.0000E+00 0.0000E+00 0.0000E+00
 59 0.0000E+00 0.0000E+00 0.0000E+00
 60 0.0000E+00 0.0000E+00 0.0000E+00
 61 0.0000E+00 0.0000E+00 0.0000E+00
 62 0.0000E+00 0.0000E+00 0.0000E+00
 63 0.0000E+00 0.0000E+00 0.0000E+00
 64 0.0000E+00 0.0000E+00 0.0000E+00
 65 0.0000E+00 0.0000E+00 0.0000E+00
 66 0.0000E+00 0.0000E+00 0.0000E+00
 67 0.0000E+00 0.0000E+00 0.0000E+00
 68 0.0000E+00 0.0000E+00 0.0000E+00
 69 0.0000E+00 0.0000E+00 0.0000E+00
 70 0.0000E+00 0.0000E+00 0.0000E+00
 71 0.0000E+00 0.0000E+00 0.0000E+00
 72 0.0000E+00 0.0000E+00 0.0000E+00
 73 0.0000E+00 0.0000E+00 0.0000E+00
 74 0.0000E+00 0.0000E+00 0.0000E+00
 75 0.0000E+00 0.0000E+00 0.0000E+00
 76 0.0000E+00 0.0000E+00 0.0000E+00
 77 0.0000E+00 0.0000E+00 0.0000E+00
 78 0.0000E+00 0.0000E+00 0.0000E+00
 79 0.0000E+00 0.0000E+00 0.0000E+00
 80 5.3242E-04 1.7697E-03 1.3615E-02
 81 5.3049E-04 1.7633E-03 3.4093E-02
 82 7.1839E-04 2.3878E-03 2.1344E+01
 83 7.0370E-04 2.3390E-03 2.8040E+01
 84 6.9712E-04 2.3171E-03 3.5130E+01
 85 6.9237E-04 2.3014E-03 4.3629E+01
 86 6.8958E-04 2.2921E-03 5.3592E+01
 87 6.8778E-04 2.2861E-03 6.5243E+01
 88 6.8607E-04 2.2804E-03 7.8810E+01
 89 6.8316E-04 2.2708E-03 9.4708E+01
 90 6.7804E-04 2.2537E-03 1.1334E+02
 91 6.7097E-04 2.2302E-03 1.3445E+02
 92 6.6198E-04 2.2003E-03 1.5758E+02
 93 6.5018E-04 2.1611E-03 1.8271E+02
 94 6.3471E-04 2.1097E-03 2.1005E+02
 95 6.1446E-04 2.0424E-03 2.4065E+02
 96 5.8815E-04 1.9549E-03 2.7360E+02
 97 5.8659E-04 1.9498E-03 2.4428E+02
 98 5.8948E-04 1.9594E-03 1.7512E+02
 99 5.9076E-04 1.9636E-03 5.9786E+01
100 0.0000E+00 0.0000E+00 0.0000E+00
 
  i  rg(cm)   reff(cm)   ndz(n/cm**3)  
  1 0.0000E+00 0.0000E+00 0.0000E+00
  2 0.0000E+00 0.0000E+00 0.0000E+00
  3 0.0000E+00 0.0000E+00 0.0000E+00
  4 0.0000E+00 0.0000E+00 0.0000E+00
  5 0.0000E+00 0.0000E+00 0.0000E+00
  6 0.0000E+00 0.0000E+00 0.0000E+00
  7 0.0000E+00 0.0000E+00 0.0000E+00
  8 0.0000E+00 0.0000E+00 0.0000E+00
  9 0.0000E+00 0.0000E+00 0.0000E+00
 10 0.0000E+00 0.0000E+00 0.0000E+00
 11 0.0000E+00 0.0000E+00 0.0000E+00
 12 0.0000E+00 0.0000E+00 0.0000E+00
 13 0.0000E+00 0.0000E+00 0.0000E+00
 14 0.0000E+00 0.0000E+00 0.0000E+00
 15 0.0000E+00 0.0000E+00 0.0000E+00
 16 0.0000E+00 0.0000E+00 0.0000E+00
 17 0.0000E+00 0.0000E+00 0.0000E+00
 18 0.0000E+00 0.0000E+00 0.0000E+00
 19 0.0000E+00 0.0000E+00 0.0000E+00
 20 0.0000E+00 0.0000E+00 0.0000E+00
 21 0.0000E+00 0.0000E+00 0.0000E+00
 22 0.0000E+00 0.0000E+00 0.0000E+00
 23 0.0000E+00 0.0000E+00 0.0000E+00
 24 0.0000E+00 0.0000E+00 0.0000E+00
 25 0.0000E+00 0.0000E+00 0.0000E+00
 26 0.0000E+00 0.0000E+00 0.0000E+00
 27 0.0000E+00 0.0000E+00 0.0000E+00
 28 0.0000E+00 0.0000E+00 0.0000E+00
 29 0.0000E+00 0.0000E+00 0.0000E+00
 30 0.0000E+00 0.0000E+00 0.0000E+00
 31 0.0000E+00 0.0000E+00 0.0000E+00
 32 0.0000E+00 0.0000E+00 0.0000E+00
 33 0.0000E+00 0.0000E+00 0.0000E+00
 34 0.0000E+00 0.0000E+00 0.0000E+00
 35 0.0000E+00 0.0000E+00 0.0000E+00
 36 0.0000E+00 0.0000E+00 0.0000E+00
 37 0.0000E+00 0.0000E+00 0.0000E+00
 38 0.0000E+00 0.0000E+00 0.0000E+00
 39 0.0000E+00 0.0000E+00 0.0000E+00
 40 0.0000E+00 0.0000E+00 0.0000E+00
 41 0.0000E+00 0.0000E+00 0.0000E+00
 42 0.0000E+00 0.0000E+00 0.0000E+00
 43 0.0000E+00 0.0000E+00 0.0000E+00
 44 0.0000E+00 0.0000E+00 0.0000E+00
 45 0.0000E+00 0.0000E+00 0.0000E+00
 46 0.0000E+00 0.0000E+00 0.0000E+00
 47 0.0000E+00 0.0000E+00 0.0000E+00
 48 0.0000E+00 0.0000E+00 0.0000E+00
 49 0.0000E+00 0.0000E+00 0.0000E+00
 50 0.0000E+00 0.0000E+00 0.0000E+00
 51 0.0000E+00 0.0000E+00 0.0000E+00
 52 0.0000E+00 0.0000E+00 0.0000E+00
 53 0.0000E+00 0.0000E+00 0.0000E+00
 54 0.0000E+00 0.0000E+00 0.0000E+00
 55 0.0000E+00 0.0000E+00 0.0000E+00
 56 0.0000E+00 0.0000E+00 0.0000E+00
 57 0.0000E+00 0.0000E+00 0.0000E+00
 58 0.0000E+00 0.0000E+00 0.0000E+00
 59 0.0000E+00 0.0000E+00 0.0000E+00
 60 0.0000E+00 0.0000E+00 0.0000E+00
 61 0.0000E+00 0.0000E+00 0.0000E+00
 62 0.0000E+00 0.0000E+00 0.0000E+00
 63 0.0000E+00 0.0000E+00 0.0000E+00
 64 0.0000E+00 0.0000E+00 0.0000E+00
 65 0.0000E+00 0.0000E+00 0.0000E+00
 66 0.0000E+00 0.0000E+00 0.0000E+00
 67 0.0000E+00 0.0000E+00 0.0000E+00
 68 0.0000E+00 0.0000E+00 0.0000E+00
 69 0.0000E+00 0.0000E+00 0.0000E+00
 70 0.0000E+00 0.0000E+00 0.0000E+00
 71 0.0000E+00 0.0000E+00 0.0000E+00
 72 0.0000E+00 0.0000E+00 0.0000E+00
 73 0.0000E+00 0.0000E+00 0.0000E+00
 74 0.0000E+00 0.0000E+00 0.0000E+00
 75 0.0000E+00 0.0000E+00 0.0000E+00
 76 0.0000E+00 0.0000E+00 0.0000E+00
 77 0.0000E+00 0.0000E+00 0.0000E+00
 78 0.0000E+00 0.0000E+00 0.0000E+00
 79 0.0000E+00 0.0000E+00 0.0000E+00
 80 5.3625E-04 1.7824E-03 1.2729E-02
 81 5.3425E-04 1.7758E-03 3.3924E-02
 82 7.1965E-04 2.3920E-03 2.0945E+01
 83 7.0469E-04 2.3423E-03 2.7555E+01
 84 6.9799E-04 2.3200E-03 3.4540E+01
 85 6.9313E-04 2.3039E-03 4.2920E+01
 86 6.9020E-04 2.2941E-03 5.2757E+01
 87 6.8826E-04 2.2877E-03 6.4271E+01
 88 6.8650E-04 2.2819E-03 7.7669E+01
 89 6.8353E-04 2.2720E-03 9.3383E+01
 90 6.7838E-04 2.2549E-03 1.1179E+02
 91 6.7126E-04 2.2312E-03 1.3269E+02
 92 6.6222E-04 2.2011E-03 1.5561E+02
 93 6.5040E-04 2.1618E-03 1.8053E+02
 94 6.3492E-04 2.1104E-03 2.0767E+02
 95 6.1467E-04 2.0431E-03 2.3810E+02
 96 5.8839E-04 1.9557E-03 2.7099E+02
 97 5.8684E-04 1.9506E-03 2.4254E+02
 98 5.8971E-04 1.9601E-03 1.7342E+02
 99 5.9094E-04 1.9642E-03 5.9331E+01
100 0.0000E+00 0.0000E+00 0.0000E+00
 
  i  rg(cm)   reff(cm)   ndz(n/cm**3)  
  1 0.0000E+00 0.0000E+00 0.0000E+00
  2 0.0000E+00 0.0000E+00 0.0000E+00
  3 0.0000E+00 0.0000E+00 0.0000E+00
  4 0.0000E+00 0.0000E+00 0.0000E+00
  5 0.0000E+00 0.0000E+00 0.0000E+00
  6 0.0000E+00 0.0000E+00 0.0000E+00
  7 0.0000E+00 0.0000E+00 0.0000E+00
  8 0.0000E+00 0.0000E+00 0.0000E+00
  9 0.0000E+00 0.0000E+00 0.0000E+00
 10 0.0000E+00 0.0000E+00 0.0000E+00
 11 0.0000E+00 0.0000E+00 0.0000E+00
 12 0.0000E+00 0.0000E+00 0.0000E+00
 13 0.0000E+00 0.0000E+00 0.0000E+00
 14 0.0000E+00 0.0000E+00 0.0000E+00
 15 0.0000E+00 0.0000E+00 0.0000E+00
 16 0.0000E+00 0.0000E+00 0.0000E+00
 17 0.0000E+00 0.0000E+00 0.0000E+00
 18 0.0000E+00 0.0000E+00 0.0000E+00
 19 0.0000E+00 0.0000E+00 0.0000E+00
 20 0.0000E+00 0.0000E+00 0.0000E+00
 21 0.0000E+00 0.0000E+00 0.0000E+00
 22 0.0000E+00 0.0000E+00 0.0000E+00
 23 0.0000E+00 0.0000E+00 0.0000E+00
 24 0.0000E+00 0.0000E+00 0.0000E+00
 25 0.0000E+00 0.0000E+00 0.0000E+00
 26 0.0000E+00 0.0000E+00 0.0000E+00
 27 0.0000E+00 0.0000E+00 0.0000E+00
 28 0.0000E+00 0.0000E+00 0.0000E+00
 29 0.0000E+00 0.0000E+00 0.0000E+00
 30 0.0000E+00 0.0000E+00 0.0000E+00
 31 0.0000E+00 0.0000E+00 0.0000E+00
 32 0.0000E+00 0.0000E+00 0.0000E+00
 33 0.0000E+00 0.0000E+00 0.0000E+00
 34 0.0000E+00 0.0000E+00 0.0000E+00
 35 0.0000E+00 0.0000E+00 0.0000E+00
 36 0.0000E+00 0.0000E+00 0.0000E+00
 37 0.0000E+00 0.0000E+00 0.0000E+00
 38 0.0000E+00 0.0000E+00 0.0000E+00
 39 0.0000E+00 0.0000E+00 0.0000E+00
 40 0.0000E+00 0.0000E+00 0.0000E+00
 41 0.0000E+00 0.0000E+00 0.0000E+00
 42 0.0000E+00 0.0000E+00 0.0000E+00
 43 0.0000E+00 0.0000E+00 0.0000E+00
 44 0.0000E+00 0.0000E+00 0.0000E+00
 45 0.0000E+00 0.0000E+00 0.0000E+00
 46 0.0000E+00 0.0000E+00 0.0000E+00
 47 0.0000E+00 0.0000E+00 0.0000E+00
 48 0.0000E+00 0.0000E+00 0.0000E+00
 49 0.0000E+00 0.0000E+00 0.0000E+00
 50 0.0000E+00 0.0000E+00 0.0000E+00
 51 0.0000E+00 0.0000E+00 0.0000E+00
 52 0.0000E+00 0.0000E+00 0.0000E+00
 53 0.0000E+00 0.0000E+00 0.0000E+00
 54 0.0000E+00 0.0000E+00 0.0000E+00
 55 0.0000E+00 0.0000E+00 0.0000E+00
 56 0.0000E+00 0.0000E+00 0.0000E+00
 57 0.0000E+00 0.0000E+00 0.0000E+00
 58 0.0000E+00 0.0000E+00 0.0000E+00
 59 0.0000E+00 0.0000E+00 0.0000E+00
 60 0.0000E+00 0.0000E+00 0.0000E+00
 61 0.0000E+00 0.0000E+00 0.0000E+00
 62 0.0000E+00 0.0000E+00 0.0000E+00
 63 0.0000E+00 0.0000E+00 0.0000E+00
 64 0.0000E+00 0.0000E+00 0.0000E+00
 65 0.0000E+00 0.0000E+00 0.0000E+00
 66 0.0000E+00 0.0000E+00 0.0000E+00
 67 0.0000E+00 0.0000E+00 0.0000E+00
 68 0.0000E+00 0.0000E+00 0.0000E+00
 69 0.0000E+00 0.0000E+00 0.0000E+00
 70 0.0000E+00 0.0000E+00 0.0000E+00
 71 0.0000E+00 0.0000E+00 0.0000E+00
 72 0.0000E+00 0.0000E+00 0.0000E+00
 73 0.0000E+00 0.0000E+00 0.0000E+00
 74 0.0000E+00 0.0000E+00 0.0000E+00
 75 0.0000E+00 0.0000E+00 0.0000E+00
 76 0.0000E+00 0.0000E+00 0.0000E+00
 77 0.0000E+00 0.0000E+00 0.0000E+00
 78 0.0000E+00 0.0000E+00 0.0000E+00
 79 0.0000E+00 0.0000E+00 0.0000E+00
 80 0.0000E+00 0.0000E+00 0.0000E+00
 81 5.3710E-04 1.7852E-03 2.4066E-03
 82 0.0000E+00 0.0000E+00 0.0000E+00
 83 7.0582E-04 2.3461E-03 2.7051E+01
 84 6.9867E-04 2.3223E-03 3.4099E+01
 85 6.9372E-04 2.3058E-03 4.2389E+01
 86 6.9068E-04 2.2957E-03 5.2132E+01
 87 6.8865E-04 2.2890E-03 6.3543E+01
 88 6.8682E-04 2.2829E-03 7.6820E+01
 89 6.8381E-04 2.2729E-03 9.2394E+01
 90 6.7865E-04 2.2557E-03 1.1064E+02
 91 6.7148E-04 2.2319E-03 1.3138E+02
 92 6.6240E-04 2.2018E-03 1.5414E+02
 93 6.5057E-04 2.1624E-03 1.7889E+02
 94 6.3508E-04 2.1109E-03 2.0588E+02
 95 6.1483E-04 2.0436E-03 2.3618E+02
 96 5.8858E-04 1.9564E-03 2.6901E+02
 97 5.8703E-04 1.9512E-03 2.4120E+02
 98 5.8988E-04 1.9607E-03 1.7209E+02
 99 5.9108E-04 1.9647E-03 5.8924E+01
100 0.0000E+00 0.0000E+00 0.0000E+00
 
  i  rg(cm)   reff(cm)   ndz(n/cm**3)  
  1 0.0000E+00 0.0000E+00 0.0000E+00
  2 0.0000E+00 0.0000E+00 0.0000E+00
  3 0.0000E+00 0.0000E+00 0.0000E+00
  4 0.0000E+00 0.0000E+00 0.0000E+00
  5 0.0000E+00 0.0000E+00 0.0000E+00
  6 0.0000E+00 0.0000E+00 0.0000E+00
  7 0.0000E+00 0.0000E+00 0.0000E+00
  8 0.0000E+00 0.0000E+00 0.0000E+00
  9 0.0000E+00 0.0000E+00 0.0000E+00
 10 0.0000E+00 0.0000E+00 0.0000E+00
 11 0.0000E+00 0.0000E+00 0.0000E+00
 12 0.0000E+00 0.0000E+00 0.0000E+00
 13 0.0000E+00 0.0000E+00 0.0000E+00
 14 0.0000E+00 0.0000E+00 0.0000E+00
 15 0.0000E+00 0.0000E+00 0.0000E+00
 16 0.0000E+00 0.0000E+00 0.0000E+00
 17 0.0000E+00 0.0000E+00 0.0000E+00
 18 0.0000E+00 0.0000E+00 0.0000E+00
 19 0.0000E+00 0.0000E+00 0.0000E+00
 20 0.0000E+00 0.0000E+00 0.0000E+00
 21 0.0000E+00 0.0000E+00 0.0000E+00
 22 0.0000E+00 0.0000E+00 0.0000E+00
 23 0.0000E+00 0.0000E+00 0.0000E+00
 24 0.0000E+00 0.0000E+00 0.0000E+00
 25 0.0000E+00 0.0000E+00 0.0000E+00
 26 0.0000E+00 0.0000E+00 0.0000E+00
 27 0.0000E+00 0.0000E+00 0.0000E+00
 28 0.0000E+00 0.0000E+00 0.0000E+00
 29 0.0000E+00 0.0000E+00 0.0000E+00
 30 0.0000E+00 0.0000E+00 0.0000E+00
 31 0.0000E+00 0.0000E+00 0.0000E+00
 32 0.0000E+00 0.0000E+00 0.0000E+00
 33 0.0000E+00 0.0000E+00 0.0000E+00
 34 0.0000E+00 0.0000E+00 0.0000E+00
 35 0.0000E+00 0.0000E+00 0.0000E+00
 36 0.0000E+00 0.0000E+00 0.0000E+00
 37 0.0000E+00 0.0000E+00 0.0000E+00
 38 0.0000E+00 0.0000E+00 0.0000E+00
 39 0.0000E+00 0.0000E+00 0.0000E+00
 40 0.0000E+00 0.0000E+00 0.0000E+00
 41 0.0000E+00 0.0000E+00 0.0000E+00
 42 0.0000E+00 0.0000E+00 0.0000E+00
 43 0.0000E+00 0.0000E+00 0.0000E+00
 44 0.0000E+00 0.0000E+00 0.0000E+00
 45 0.0000E+00 0.0000E+00 0.0000E+00
 46 0.0000E+00 0.0000E+00 0.0000E+00
 47 0.0000E+00 0.0000E+00 0.0000E+00
 48 0.0000E+00 0.0000E+00 0.0000E+00
 49 0.0000E+00 0.0000E+00 0.0000E+00
 50 0.0000E+00 0.0000E+00 0.0000E+00
 51 0.0000E+00 0.0000E+00 0.0000E+00
 52 0.0000E+00 0.0000E+00 0.0000E+00
 53 0.0000E+00 0.0000E+00 0.0000E+00
 54 0.0000E+00 0.0000E+00 0.0000E+00
 55 0.0000E+00 0.0000E+00 0.0000E+00
 56 0.0000E+00 0.0000E+00 0.0000E+00
 57 0.0000E+00 0.0000E+00 0.0000E+00
 58 0.0000E+00 0.0000E+00 0.0000E+00
 59 0.0000E+00 0.0000E+00 0.0000E+00
 60 0.0000E+00 0.0000E+00 0.0000E+00
 61 0.0000E+00 0.0000E+00 0.0000E+00
 62 0.0000E+00 0.0000E+00 0.0000E+00
 63 0.0000E+00 0.0000E+00 0.0000E+00
 64 0.0000E+00 0.0000E+00 0.0000E+00
 65 0.0000E+00 0.0000E+00 0.0000E+00
 66 0.0000E+00 0.0000E+00 0.0000E+00
 67 0.0000E+00 0.0000E+00 0.0000E+00
 68 0.0000E+00 0.0000E+00 0.0000E+00
 69 0.0000E+00 0.0000E+00 0.0000E+00
 70 0.0000E+00 0.0000E+00 0.0000E+00
 71 0.0000E+00 0.0000E+00 0.0000E+00
 72 0.0000E+00 0.0000E+00 0.0000E+00
 73 0.0000E+00 0.0000E+00 0.0000E+00
 74 0.0000E+00 0.0000E+00 0.0000E+00
 75 0.0000E+00 0.0000E+00 0.0000E+00
 76 0.0000E+00 0.0000E+00 0.0000E+00
 77 0.0000E+00 0.0000E+00 0.0000E+00
 78 0.0000E+00 0.0000E+00 0.0000E+00
 79 0.0000E+00 0.0000E+00 0.0000E+00
 80 5.2402E-04 1.7418E-03 1.2025E-02
 81 5.2019E-04 1.7290E-03 2.8941E-02
 82 5.1635E-04 1.7163E-03 5.4421E+01
 83 7.1052E-04 2.3617E-03 2.5859E+01
 84 7.0065E-04 2.3289E-03 3.2973E+01
 85 6.9505E-04 2.3103E-03 4.1107E+01
 86 6.9158E-04 2.2987E-03 5.0658E+01
 87 6.8922E-04 2.2909E-03 6.1849E+01
 88 6.8721E-04 2.2842E-03 7.4857E+01
 89 6.8408E-04 2.2738E-03 9.0114E+01
 90 6.7885E-04 2.2564E-03 1.0799E+02
 91 6.7161E-04 2.2324E-03 1.2835E+02
 92 6.6250E-04 2.2021E-03 1.5072E+02
 93 6.5065E-04 2.1627E-03 1.7509E+02
 94 6.3516E-04 2.1112E-03 2.0173E+02
 95 6.1492E-04 2.0439E-03 2.3174E+02
 96 5.8870E-04 1.9568E-03 2.6450E+02
 97 5.8714E-04 1.9516E-03 2.3816E+02
 98 5.8999E-04 1.9610E-03 1.6890E+02
 99 5.9116E-04 1.9650E-03 5.7740E+01
100 0.0000E+00 0.0000E+00 0.0000E+00
 
  i  rg(cm)   reff(cm)   ndz(n/cm**3)  
  1 0.0000E+00 0.0000E+00 0.0000E+00
  2 0.0000E+00 0.0000E+00 0.0000E+00
  3 0.0000E+00 0.0000E+00 0.0000E+00
  4 0.0000E+00 0.0000E+00 0.0000E+00
  5 0.0000E+00 0.0000E+00 0.0000E+00
  6 0.0000E+00 0.0000E+00 0.0000E+00
  7 0.0000E+00 0.0000E+00 0.0000E+00
  8 0.0000E+00 0.0000E+00 0.0000E+00
  9 0.0000E+00 0.0000E+00 0.0000E+00
 10 0.0000E+00 0.0000E+00 0.0000E+00
 11 0.0000E+00 0.0000E+00 0.0000E+00
 12 0.0000E+00 0.0000E+00 0.0000E+00
 13 0.0000E+00 0.0000E+00 0.0000E+00
 14 0.0000E+00 0.0000E+00 0.0000E+00
 15 0.0000E+00 0.0000E+00 0.0000E+00
 16 0.0000E+00 0.0000E+00 0.0000E+00
 17 0.0000E+00 0.0000E+00 0.0000E+00
 18 0.0000E+00 0.0000E+00 0.0000E+00
 19 0.0000E+00 0.0000E+00 0.0000E+00
 20 0.0000E+00 0.0000E+00 0.0000E+00
 21 0.0000E+00 0.0000E+00 0.0000E+00
 22 0.0000E+00 0.0000E+00 0.0000E+00
 23 0.0000E+00 0.0000E+00 0.0000E+00
 24 0.0000E+00 0.0000E+00 0.0000E+00
 25 0.0000E+00 0.0000E+00 0.0000E+00
 26 0.0000E+00 0.0000E+00 0.0000E+00
 27 0.0000E+00 0.0000E+00 0.0000E+00
 28 0.0000E+00 0.0000E+00 0.0000E+00
 29 0.0000E+00 0.0000E+00 0.0000E+00
 30 0.0000E+00 0.0000E+00 0.0000E+00
 31 0.0000E+00 0.0000E+00 0.0000E+00
 32 0.0000E+00 0.0000E+00 0.0000E+00
 33 0.0000E+00 0.0000E+00 0.0000E+00
 34 0.0000E+00 0.0000E+00 0.0000E+00
 35 0.0000E+00 0.0000E+00 0.0000E+00
 36 0.0000E+00 0.0000E+00 0.0000E+00
 37 0.0000E+00 0.0000E+00 0.0000E+00
 38 0.0000E+00 0.0000E+00 0.0000E+00
 39 0.0000E+00 0.0000E+00 0.0000E+00
 40 0.0000E+00 0.0000E+00 0.0000E+00
 41 0.0000E+00 0.0000E+00 0.0000E+00
 42 0.0000E+00 0.0000E+00 0.0000E+00
 43 0.0000E+00 0.0000E+00 0.0000E+00
 44 0.0000E+00 0.0000E+00 0.0000E+00
 45 0.0000E+00 0.0000E+00 0.0000E+00
 46 0.0000E+00 0.0000E+00 0.0000E+00
 47 0.0000E+00 0.0000E+00 0.0000E+00
 48 0.0000E+00 0.0000E+00 0.0000E+00
 49 0.0000E+00 0.0000E+00 0.0000E+00
 50 0.0000E+00 0.0000E+00 0.0000E+00
 51 0.0000E+00 0.0000E+00 0.0000E+00
 52 0.0000E+00 0.0000E+00 0.0000E+00
 53 0.0000E+00 0.0000E+00 0.0000E+00
 54 0.0000E+00 0.0000E+00 0.0000E+00
 55 0.0000E+00 0.0000E+00 0.0000E+00
 56 0.0000E+00 0.0000E+00 0.0000E+00
 57 0.0000E+00 0.0000E+00 0.0000E+00
 58 0.0000E+00 0.0000E+00 0.0000E+00
 59 0.0000E+00 0.0000E+00 0.0000E+00
 60 0.0000E+00 0.0000E+00 0.0000E+00
 61 0.0000E+00 0.0000E+00 0.0000E+00
 62 0.0000E+00 0.0000E+00 0.0000E+00
 63 0.0000E+00 0.0000E+00 0.0000E+00
 64 0.0000E+00 0.0000E+00 0.0000E+00
 65 0.0000E+00 0.0000E+00 0.0000E+00
 66 0.0000E+00 0.0000E+00 0.0000E+00
 67 0.0000E+00 0.0000E+00 0.0000E+00
 68 0.0000E+00 0.0000E+00 0.0000E+00
 69 0.0000E+00 0.0000E+00 0.0000E+00
 70 0.0000E+00 0.0000E+00 0.0000E+00
 71 0.0000E+00 0.0000E+00 0.0000E+00
 72 0.0000E+00 0.0000E+00 0.0000E+00
 73 0.0000E+00 0.0000E+00 0.0000E+00
 74 0.0000E+00 0.0000E+00 0.0000E+00
 75 0.0000E+00 0.0000E+00 0.0000E+00
 76 0.0000E+00 0.0000E+00 0.0000E+00
 77 0.0000E+00 0.0000E+00 0.0000E+00
 78 0.0000E+00 0.0000E+00 0.0000E+00
 79 0.0000E+00 0.0000E+00 0.0000E+00
 80 5.4025E-04 1.7957E-03 9.2418E-03
 81 5.3791E-04 1.7880E-03 2.2957E-02
 82 7.2264E-04 2.4020E-03 1.9688E+01
 83 7.0809E-04 2.3536E-03 2.5922E+01
 84 7.0013E-04 2.3271E-03 3.2789E+01
 85 6.9496E-04 2.3100E-03 4.0803E+01
 86 6.9167E-04 2.2990E-03 5.0247E+01
 87 6.8939E-04 2.2915E-03 6.1330E+01
 88 6.8740E-04 2.2848E-03 7.4233E+01
 89 6.8431E-04 2.2746E-03 8.9357E+01
 90 6.7915E-04 2.2574E-03 1.0707E+02
 91 6.7189E-04 2.2333E-03 1.2729E+02
 92 6.6273E-04 2.2029E-03 1.4953E+02
 93 6.5086E-04 2.1634E-03 1.7376E+02
 94 6.3538E-04 2.1119E-03 2.0025E+02
 95 6.1516E-04 2.0447E-03 2.3012E+02
 96 5.8900E-04 1.9578E-03 2.6272E+02
 97 5.8744E-04 1.9526E-03 2.3686E+02
 98 5.9023E-04 1.9619E-03 1.6768E+02
 99 5.9136E-04 1.9656E-03 5.7252E+01
100 0.0000E+00 0.0000E+00 0.0000E+00
 
  i  rg(cm)   reff(cm)   ndz(n/cm**3)  
  1 0.0000E+00 0.0000E+00 0.0000E+00
  2 0.0000E+00 0.0000E+00 0.0000E+00
  3 0.0000E+00 0.0000E+00 0.0000E+00
  4 0.0000E+00 0.0000E+00 0.0000E+00
  5 0.0000E+00 0.0000E+00 0.0000E+00
  6 0.0000E+00 0.0000E+00 0.0000E+00
  7 0.0000E+00 0.0000E+00 0.0000E+00
  8 0.0000E+00 0.0000E+00 0.0000E+00
  9 0.0000E+00 0.0000E+00 0.0000E+00
 10 0.0000E+00 0.0000E+00 0.0000E+00
 11 0.0000E+00 0.0000E+00 0.0000E+00
 12 0.0000E+00 0.0000E+00 0.0000E+00
 13 0.0000E+00 0.0000E+00 0.0000E+00
 14 0.0000E+00 0.0000E+00 0.0000E+00
 15 0.0000E+00 0.0000E+00 0.0000E+00
 16 0.0000E+00 0.0000E+00 0.0000E+00
 17 0.0000E+00 0.0000E+00 0.0000E+00
 18 0.0000E+00 0.0000E+00 0.0000E+00
 19 0.0000E+00 0.0000E+00 0.0000E+00
 20 0.0000E+00 0.0000E+00 0.0000E+00
 21 0.0000E+00 0.0000E+00 0.0000E+00
 22 0.0000E+00 0.0000E+00 0.0000E+00
 23 0.0000E+00 0.0000E+00 0.0000E+00
 24 0.0000E+00 0.0000E+00 0.0000E+00
 25 0.0000E+00 0.0000E+00 0.0000E+00
 26 0.0000E+00 0.0000E+00 0.0000E+00
 27 0.0000E+00 0.0000E+00 0.0000E+00
 28 0.0000E+00 0.0000E+00 0.0000E+00
 29 0.0000E+00 0.0000E+00 0.0000E+00
 30 0.0000E+00 0.0000E+00 0.0000E+00
 31 0.0000E+00 0.0000E+00 0.0000E+00
 32 0.0000E+00 0.0000E+00 0.0000E+00
 33 0.0000E+00 0.0000E+00 0.0000E+00
 34 0.0000E+00 0.0000E+00 0.0000E+00
 35 0.0000E+00 0.0000E+00 0.0000E+00
 36 0.0000E+00 0.0000E+00 0.0000E+00
 37 0.0000E+00 0.0000E+00 0.0000E+00
 38 0.0000E+00 0.0000E+00 0.0000E+00
 39 0.0000E+00 0.0000E+00 0.0000E+00
 40 0.0000E+00 0.0000E+00 0.0000E+00
 41 0.0000E+00 0.0000E+00 0.0000E+00
 42 0.0000E+00 0.0000E+00 0.0000E+00
 43 0.0000E+00 0.0000E+00 0.0000E+00
 44 0.0000E+00 0.0000E+00 0.0000E+00
 45 0.0000E+00 0.0000E+00 0.0000E+00
 46 0.0000E+00 0.0000E+00 0.0000E+00
 47 0.0000E+00 0.0000E+00 0.0000E+00
 48 0.0000E+00 0.0000E+00 0.0000E+00
 49 0.0000E+00 0.0000E+00 0.0000E+00
 50 0.0000E+00 0.0000E+00 0.0000E+00
 51 0.0000E+00 0.0000E+00 0.0000E+00
 52 0.0000E+00 0.0000E+00 0.0000E+00
 53 0.0000E+00 0.0000E+00 0.0000E+00
 54 0.0000E+00 0.0000E+00 0.0000E+00
 55 0.0000E+00 0.0000E+00 0.0000E+00
 56 0.0000E+00 0.0000E+00 0.0000E+00
 57 0.0000E+00 0.0000E+00 0.0000E+00
 58 0.0000E+00 0.0000E+00 0.0000E+00
 59 0.0000E+00 0.0000E+00 0.0000E+00
 60 0.0000E+00 0.0000E+00 0.0000E+00
 61 0.0000E+00 0.0000E+00 0.0000E+00
 62 0.0000E+00 0.0000E+00 0.0000E+00
 63 0.0000E+00 0.0000E+00 0.0000E+00
 64 0.0000E+00 0.0000E+00 0.0000E+00
 65 0.0000E+00 0.0000E+00 0.0000E+00
 66 0.0000E+00 0.0000E+00 0.0000E+00
 67 0.0000E+00 0.0000E+00 0.0000E+00
 68 0.0000E+00 0.0000E+00 0.0000E+00
 69 0.0000E+00 0.0000E+00 0.0000E+00
 70 0.0000E+00 0.0000E+00 0.0000E+00
 71 0.0000E+00 0.0000E+00 0.0000E+00
 72 0.0000E+00 0.0000E+00 0.0000E+00
 73 0.0000E+00 0.0000E+00 0.0000E+00
 74 0.0000E+00 0.0000E+00 0.0000E+00
 75 0.0000E+00 0.0000E+00 0.0000E+00
 76 0.0000E+00 0.0000E+00 0.0000E+00
 77 0.0000E+00 0.0000E+00 0.0000E+00
 78 0.0000E+00 0.0000E+00 0.0000E+00
 79 0.0000E+00 0.0000E+00 0.0000E+00
 80 5.4269E-04 1.8038E-03 7.2455E-03
 81 5.4012E-04 1.7953E-03 1.9872E-02
 82 7.2452E-04 2.4082E-03 1.9437E+01
 83 7.0934E-04 2.3578E-03 2.5665E+01
 84 7.0108E-04 2.3303E-03 3.2503E+01
 85 6.9574E-04 2.3126E-03 4.0477E+01
 86 6.9229E-04 2.3011E-03 4.9882E+01
 87 6.8985E-04 2.2930E-03 6.0929E+01
 88 6.8776E-04 2.2860E-03 7.3782E+01
 89 6.8461E-04 2.2756E-03 8.8845E+01
 90 6.7942E-04 2.2583E-03 1.0648E+02
 91 6.7211E-04 2.2340E-03 1.2663E+02
 92 6.6293E-04 2.2035E-03 1.4879E+02
 93 6.5103E-04 2.1640E-03 1.7294E+02
 94 6.3555E-04 2.1125E-03 1.9934E+02
 95 6.1532E-04 2.0452E-03 2.2913E+02
 96 5.8917E-04 1.9583E-03 2.6168E+02
 97 5.8760E-04 1.9531E-03 2.3609E+02
 98 5.9039E-04 1.9624E-03 1.6695E+02
 99 5.9149E-04 1.9661E-03 5.6941E+01
100 0.0000E+00 0.0000E+00 0.0000E+00
 
  i  rg(cm)   reff(cm)   ndz(n/cm**3)  
  1 0.0000E+00 0.0000E+00 0.0000E+00
  2 0.0000E+00 0.0000E+00 0.0000E+00
  3 0.0000E+00 0.0000E+00 0.0000E+00
  4 0.0000E+00 0.0000E+00 0.0000E+00
  5 0.0000E+00 0.0000E+00 0.0000E+00
  6 0.0000E+00 0.0000E+00 0.0000E+00
  7 0.0000E+00 0.0000E+00 0.0000E+00
  8 0.0000E+00 0.0000E+00 0.0000E+00
  9 0.0000E+00 0.0000E+00 0.0000E+00
 10 0.0000E+00 0.0000E+00 0.0000E+00
 11 0.0000E+00 0.0000E+00 0.0000E+00
 12 0.0000E+00 0.0000E+00 0.0000E+00
 13 0.0000E+00 0.0000E+00 0.0000E+00
 14 0.0000E+00 0.0000E+00 0.0000E+00
 15 0.0000E+00 0.0000E+00 0.0000E+00
 16 0.0000E+00 0.0000E+00 0.0000E+00
 17 0.0000E+00 0.0000E+00 0.0000E+00
 18 0.0000E+00 0.0000E+00 0.0000E+00
 19 0.0000E+00 0.0000E+00 0.0000E+00
 20 0.0000E+00 0.0000E+00 0.0000E+00
 21 0.0000E+00 0.0000E+00 0.0000E+00
 22 0.0000E+00 0.0000E+00 0.0000E+00
 23 0.0000E+00 0.0000E+00 0.0000E+00
 24 0.0000E+00 0.0000E+00 0.0000E+00
 25 0.0000E+00 0.0000E+00 0.0000E+00
 26 0.0000E+00 0.0000E+00 0.0000E+00
 27 0.0000E+00 0.0000E+00 0.0000E+00
 28 0.0000E+00 0.0000E+00 0.0000E+00
 29 0.0000E+00 0.0000E+00 0.0000E+00
 30 0.0000E+00 0.0000E+00 0.0000E+00
 31 0.0000E+00 0.0000E+00 0.0000E+00
 32 0.0000E+00 0.0000E+00 0.0000E+00
 33 0.0000E+00 0.0000E+00 0.0000E+00
 34 0.0000E+00 0.0000E+00 0.0000E+00
 35 0.0000E+00 0.0000E+00 0.0000E+00
 36 0.0000E+00 0.0000E+00 0.0000E+00
 37 0.0000E+00 0.0000E+00 0.0000E+00
 38 0.0000E+00 0.0000E+00 0.0000E+00
 39 0.0000E+00 0.0000E+00 0.0000E+00
 40 0.0000E+00 0.0000E+00 0.0000E+00
 41 0.0000E+00 0.0000E+00 0.0000E+00
 42 0.0000E+00 0.0000E+00 0.0000E+00
 43 0.0000E+00 0.0000E+00 0.0000E+00
 44 0.0000E+00 0.0000E+00 0.0000E+00
 45 0.0000E+00 0.0000E+00 0.0000E+00
 46 0.0000E+00 0.0000E+00 0.0000E+00
 47 0.0000E+00 0.0000E+00 0.0000E+00
 48 0.0000E+00 0.0000E+00 0.0000E+00
 49 0.0000E+00 0.0000E+00 0.0000E+00
 50 0.0000E+00 0.0000E+00 0.0000E+00
 51 0.0000E+00 0.0000E+00 0.0000E+00
 52 0.0000E+00 0.0000E+00 0.0000E+00
 53 0.0000E+00 0.0000E+00 0.0000E+00
 54 0.0000E+00 0.0000E+00 0.0000E+00
 55 0.0000E+00 0.0000E+00 0.0000E+00
 56 0.0000E+00 0.0000E+00 0.0000E+00
 57 0.0000E+00 0.0000E+00 0.0000E+00
 58 0.0000E+00 0.0000E+00 0.0000E+00
 59 0.0000E+00 0.0000E+00 0.0000E+00
 60 0.0000E+00 0.0000E+00 0.0000E+00
 61 0.0000E+00 0.0000E+00 0.0000E+00
 62 0.0000E+00 0.0000E+00 0.0000E+00
 63 0.0000E+00 0.0000E+00 0.0000E+00
 64 0.0000E+00 0.0000E+00 0.0000E+00
 65 0.0000E+00 0.0000E+00 0.0000E+00
 66 0.0000E+00 0.0000E+00 0.0000E+00
 67 0.0000E+00 0.0000E+00 0.0000E+00
 68 0.0000E+00 0.0000E+00 0.0000E+00
 69 0.0000E+00 0.0000E+00 0.0000E+00
 70 0.0000E+00 0.0000E+00 0.0000E+00
 71 0.0000E+00 0.0000E+00 0.0000E+00
 72 0.0000E+00 0.0000E+00 0.0000E+00
 73 0.0000E+00 0.0000E+00 0.0000E+00
 74 0.0000E+00 0.0000E+00 0.0000E+00
 75 0.0000E+00 0.0000E+00 0.0000E+00
 76 0.0000E+00 0.0000E+00 0.0000E+00
 77 0.0000E+00 0.0000E+00 0.0000E+00
 78 0.0000E+00 0.0000E+00 0.0000E+00
 79 0.0000E+00 0.0000E+00 0.0000E+00
 80 5.4307E-04 1.8051E-03 5.4300E-03
 81 5.4042E-04 1.7963E-03 1.7719E-02
 82 7.2494E-04 2.4096E-03 1.9323E+01
 83 7.0962E-04 2.3587E-03 2.5535E+01
 84 7.0133E-04 2.3311E-03 3.2343E+01
 85 6.9595E-04 2.3133E-03 4.0284E+01
 86 6.9247E-04 2.3017E-03 4.9652E+01
 87 6.8999E-04 2.2934E-03 6.0661E+01
 88 6.8787E-04 2.2864E-03 7.3470E+01
 89 6.8471E-04 2.2759E-03 8.8479E+01
 90 6.7952E-04 2.2586E-03 1.0605E+02
 91 6.7219E-04 2.2343E-03 1.2614E+02
 92 6.6299E-04 2.2037E-03 1.4824E+02
 93 6.5109E-04 2.1641E-03 1.7233E+02
 94 6.3562E-04 2.1127E-03 1.9866E+02
 95 6.1537E-04 2.0454E-03 2.2840E+02
 96 5.8923E-04 1.9585E-03 2.6091E+02
 97 5.8767E-04 1.9533E-03 2.3554E+02
 98 5.9045E-04 1.9626E-03 1.6639E+02
 99 5.9154E-04 1.9662E-03 5.6692E+01
100 0.0000E+00 0.0000E+00 0.0000E+00
 
  i  rg(cm)   reff(cm)   ndz(n/cm**3)  
  1 0.0000E+00 0.0000E+00 0.0000E+00
  2 0.0000E+00 0.0000E+00 0.0000E+00
  3 0.0000E+00 0.0000E+00 0.0000E+00
  4 0.0000E+00 0.0000E+00 0.0000E+00
  5 0.0000E+00 0.0000E+00 0.0000E+00
  6 0.0000E+00 0.0000E+00 0.0000E+00
  7 0.0000E+00 0.0000E+00 0.0000E+00
  8 0.0000E+00 0.0000E+00 0.0000E+00
  9 0.0000E+00 0.0000E+00 0.0000E+00
 10 0.0000E+00 0.0000E+00 0.0000E+00
 11 0.0000E+00 0.0000E+00 0.0000E+00
 12 0.0000E+00 0.0000E+00 0.0000E+00
 13 0.0000E+00 0.0000E+00 0.0000E+00
 14 0.0000E+00 0.0000E+00 0.0000E+00
 15 0.0000E+00 0.0000E+00 0.0000E+00
 16 0.0000E+00 0.0000E+00 0.0000E+00
 17 0.0000E+00 0.0000E+00 0.0000E+00
 18 0.0000E+00 0.0000E+00 0.0000E+00
 19 0.0000E+00 0.0000E+00 0.0000E+00
 20 0.0000E+00 0.0000E+00 0.0000E+00
 21 0.0000E+00 0.0000E+00 0.0000E+00
 22 0.0000E+00 0.0000E+00 0.0000E+00
 23 0.0000E+00 0.0000E+00 0.0000E+00
 24 0.0000E+00 0.0000E+00 0.0000E+00
 25 0.0000E+00 0.0000E+00 0.0000E+00
 26 0.0000E+00 0.0000E+00 0.0000E+00
 27 0.0000E+00 0.0000E+00 0.0000E+00
 28 0.0000E+00 0.0000E+00 0.0000E+00
 29 0.0000E+00 0.0000E+00 0.0000E+00
 30 0.0000E+00 0.0000E+00 0.0000E+00
 31 0.0000E+00 0.0000E+00 0.0000E+00
 32 0.0000E+00 0.0000E+00 0.0000E+00
 33 0.0000E+00 0.0000E+00 0.0000E+00
 34 0.0000E+00 0.0000E+00 0.0000E+00
 35 0.0000E+00 0.0000E+00 0.0000E+00
 36 0.0000E+00 0.0000E+00 0.0000E+00
 37 0.0000E+00 0.0000E+00 0.0000E+00
 38 0.0000E+00 0.0000E+00 0.0000E+00
 39 0.0000E+00 0.0000E+00 0.0000E+00
 40 0.0000E+00 0.0000E+00 0.0000E+00
 41 0.0000E+00 0.0000E+00 0.0000E+00
 42 0.0000E+00 0.0000E+00 0.0000E+00
 43 0.0000E+00 0.0000E+00 0.0000E+00
 44 0.0000E+00 0.0000E+00 0.0000E+00
 45 0.0000E+00 0.0000E+00 0.0000E+00
 46 0.0000E+00 0.0000E+00 0.0000E+00
 47 0.0000E+00 0.0000E+00 0.0000E+00
 48 0.0000E+00 0.0000E+00 0.0000E+00
 49 0.0000E+00 0.0000E+00 0.0000E+00
 50 0.0000E+00 0.0000E+00 0.0000E+00
 51 0.0000E+00 0.0000E+00 0.0000E+00
 52 0.0000E+00 0.0000E+00 0.0000E+00
 53 0.0000E+00 0.0000E+00 0.0000E+00
 54 0.0000E+00 0.0000E+00 0.0000E+00
 55 0.0000E+00 0.0000E+00 0.0000E+00
 56 0.0000E+00 0.0000E+00 0.0000E+00
 57 0.0000E+00 0.0000E+00 0.0000E+00
 58 0.0000E+00 0.0000E+00 0.0000E+00
 59 0.0000E+00 0.0000E+00 0.0000E+00
 60 0.0000E+00 0.0000E+00 0.0000E+00
 61 0.0000E+00 0.0000E+00 0.0000E+00
 62 0.0000E+00 0.0000E+00 0.0000E+00
 63 0.0000E+00 0.0000E+00 0.0000E+00
 64 0.0000E+00 0.0000E+00 0.0000E+00
 65 0.0000E+00 0.0000E+00 0.0000E+00
 66 0.0000E+00 0.0000E+00 0.0000E+00
 67 0.0000E+00 0.0000E+00 0.0000E+00
 68 0.0000E+00 0.0000E+00 0.0000E+00
 69 0.0000E+00 0.0000E+00 0.0000E+00
 70 0.0000E+00 0.0000E+00 0.0000E+00
 71 0.0000E+00 0.0000E+00 0.0000E+00
 72 0.0000E+00 0.0000E+00 0.0000E+00
 73 0.0000E+00 0.0000E+00 0.0000E+00
 74 0.0000E+00 0.0000E+00 0.0000E+00
 75 0.0000E+00 0.0000E+00 0.0000E+00
 76 0.0000E+00 0.0000E+00 0.0000E+00
 77 0.0000E+00 0.0000E+00 0.0000E+00
 78 0.0000E+00 0.0000E+00 0.0000E+00
 79 0.0000E+00 0.0000E+00 0.0000E+00
 80 5.4344E-04 1.8063E-03 3.6678E-03
 81 5.4073E-04 1.7973E-03 1.5955E-02
 82 7.2527E-04 2.4107E-03 1.9231E+01
 83 7.0984E-04 2.3594E-03 2.5430E+01
 84 7.0152E-04 2.3318E-03 3.2212E+01
 85 6.9613E-04 2.3138E-03 4.0125E+01
 86 6.9261E-04 2.3021E-03 4.9465E+01
 87 6.9010E-04 2.2938E-03 6.0442E+01
 88 6.8796E-04 2.2867E-03 7.3215E+01
 89 6.8478E-04 2.2761E-03 8.8180E+01
 90 6.7960E-04 2.2589E-03 1.0570E+02
 91 6.7225E-04 2.2345E-03 1.2573E+02
 92 6.6305E-04 2.2039E-03 1.4778E+02
 93 6.5114E-04 2.1643E-03 1.7182E+02
 94 6.3567E-04 2.1129E-03 1.9809E+02
 95 6.1543E-04 2.0456E-03 2.2779E+02
 96 5.8929E-04 1.9587E-03 2.6027E+02
 97 5.8773E-04 1.9535E-03 2.3507E+02
 98 5.9050E-04 1.9627E-03 1.6592E+02
 99 5.9159E-04 1.9664E-03 5.6480E+01
100 0.0000E+00 0.0000E+00 0.0000E+00
 
  i  rg(cm)   reff(cm)   ndz(n/cm**3)  
  1 0.0000E+00 0.0000E+00 0.0000E+00
  2 0.0000E+00 0.0000E+00 0.0000E+00
  3 0.0000E+00 0.0000E+00 0.0000E+00
  4 0.0000E+00 0.0000E+00 0.0000E+00
  5 0.0000E+00 0.0000E+00 0.0000E+00
  6 0.0000E+00 0.0000E+00 0.0000E+00
  7 0.0000E+00 0.0000E+00 0.0000E+00
  8 0.0000E+00 0.0000E+00 0.0000E+00
  9 0.0000E+00 0.0000E+00 0.0000E+00
 10 0.0000E+00 0.0000E+00 0.0000E+00
 11 0.0000E+00 0.0000E+00 0.0000E+00
 12 0.0000E+00 0.0000E+00 0.0000E+00
 13 0.0000E+00 0.0000E+00 0.0000E+00
 14 0.0000E+00 0.0000E+00 0.0000E+00
 15 0.0000E+00 0.0000E+00 0.0000E+00
 16 0.0000E+00 0.0000E+00 0.0000E+00
 17 0.0000E+00 0.0000E+00 0.0000E+00
 18 0.0000E+00 0.0000E+00 0.0000E+00
 19 0.0000E+00 0.0000E+00 0.0000E+00
 20 0.0000E+00 0.0000E+00 0.0000E+00
 21 0.0000E+00 0.0000E+00 0.0000E+00
 22 0.0000E+00 0.0000E+00 0.0000E+00
 23 0.0000E+00 0.0000E+00 0.0000E+00
 24 0.0000E+00 0.0000E+00 0.0000E+00
 25 0.0000E+00 0.0000E+00 0.0000E+00
 26 0.0000E+00 0.0000E+00 0.0000E+00
 27 0.0000E+00 0.0000E+00 0.0000E+00
 28 0.0000E+00 0.0000E+00 0.0000E+00
 29 0.0000E+00 0.0000E+00 0.0000E+00
 30 0.0000E+00 0.0000E+00 0.0000E+00
 31 0.0000E+00 0.0000E+00 0.0000E+00
 32 0.0000E+00 0.0000E+00 0.0000E+00
 33 0.0000E+00 0.0000E+00 0.0000E+00
 34 0.0000E+00 0.0000E+00 0.0000E+00
 35 0.0000E+00 0.0000E+00 0.0000E+00
 36 0.0000E+00 0.0000E+00 0.0000E+00
 37 0.0000E+00 0.0000E+00 0.0000E+00
 38 0.0000E+00 0.0000E+00 0.0000E+00
 39 0.0000E+00 0.0000E+00 0.0000E+00
 40 0.0000E+00 0.0000E+00 0.0000E+00
 41 0.0000E+00 0.0000E+00 0.0000E+00
 42 0.0000E+00 0.0000E+00 0.0000E+00
 43 0.0000E+00 0.0000E+00 0.0000E+00
 44 0.0000E+00 0.0000E+00 0.0000E+00
 45 0.0000E+00 0.0000E+00 0.0000E+00
 46 0.0000E+00 0.0000E+00 0.0000E+00
 47 0.0000E+00 0.0000E+00 0.0000E+00
 48 0.0000E+00 0.0000E+00 0.0000E+00
 49 0.0000E+00 0.0000E+00 0.0000E+00
 50 0.0000E+00 0.0000E+00 0.0000E+00
 51 0.0000E+00 0.0000E+00 0.0000E+00
 52 0.0000E+00 0.0000E+00 0.0000E+00
 53 0.0000E+00 0.0000E+00 0.0000E+00
 54 0.0000E+00 0.0000E+00 0.0000E+00
 55 0.0000E+00 0.0000E+00 0.0000E+00
 56 0.0000E+00 0.0000E+00 0.0000E+00
 57 0.0000E+00 0.0000E+00 0.0000E+00
 58 0.0000E+00 0.0000E+00 0.0000E+00
 59 0.0000E+00 0.0000E+00 0.0000E+00
 60 0.0000E+00 0.0000E+00 0.0000E+00
 61 0.0000E+00 0.0000E+00 0.0000E+00
 62 0.0000E+00 0.0000E+00 0.0000E+00
 63 0.0000E+00 0.0000E+00 0.0000E+00
 64 0.0000E+00 0.0000E+00 0.0000E+00
 65 0.0000E+00 0.0000E+00 0.0000E+00
 66 0.0000E+00 0.0000E+00 0.0000E+00
 67 0.0000E+00 0.0000E+00 0.0000E+00
 68 0.0000E+00 0.0000E+00 0.0000E+00
 69 0.0000E+00 0.0000E+00 0.0000E+00
 70 0.0000E+00 0.0000E+00 0.0000E+00
 71 0.0000E+00 0.0000E+00 0.0000E+00
 72 0.0000E+00 0.0000E+00 0.0000E+00
 73 0.0000E+00 0.0000E+00 0.0000E+00
 74 0.0000E+00 0.0000E+00 0.0000E+00
 75 0.0000E+00 0.0000E+00 0.0000E+00
 76 0.0000E+00 0.0000E+00 0.0000E+00
 77 0.0000E+00 0.0000E+00 0.0000E+00
 78 0.0000E+00 0.0000E+00 0.0000E+00
 79 0.0000E+00 0.0000E+00 0.0000E+00
 80 5.4379E-04 1.8075E-03 2.0836E-03
 81 5.4103E-04 1.7983E-03 1.4514E-02
 82 7.2553E-04 2.4116E-03 1.9156E+01
 83 7.1003E-04 2.3600E-03 2.5342E+01
 84 7.0169E-04 2.3323E-03 3.2105E+01
 85 6.9627E-04 2.3143E-03 3.9995E+01
 86 6.9273E-04 2.3026E-03 4.9309E+01
 87 6.9019E-04 2.2941E-03 6.0260E+01
 88 6.8804E-04 2.2869E-03 7.3003E+01
 89 6.8485E-04 2.2764E-03 8.7933E+01
 90 6.7966E-04 2.2591E-03 1.0541E+02
 91 6.7231E-04 2.2347E-03 1.2540E+02
 92 6.6309E-04 2.2040E-03 1.4741E+02
 93 6.5118E-04 2.1644E-03 1.7140E+02
 94 6.3571E-04 2.1130E-03 1.9763E+02
 95 6.1546E-04 2.0457E-03 2.2730E+02
 96 5.8933E-04 1.9589E-03 2.5975E+02
 97 5.8777E-04 1.9537E-03 2.3470E+02
 98 5.9053E-04 1.9629E-03 1.6554E+02
 99 5.9162E-04 1.9665E-03 5.6303E+01
100 0.0000E+00 0.0000E+00 0.0000E+00
 
  i  rg(cm)   reff(cm)   ndz(n/cm**3)  
  1 0.0000E+00 0.0000E+00 0.0000E+00
  2 0.0000E+00 0.0000E+00 0.0000E+00
  3 0.0000E+00 0.0000E+00 0.0000E+00
  4 0.0000E+00 0.0000E+00 0.0000E+00
  5 0.0000E+00 0.0000E+00 0.0000E+00
  6 0.0000E+00 0.0000E+00 0.0000E+00
  7 0.0000E+00 0.0000E+00 0.0000E+00
  8 0.0000E+00 0.0000E+00 0.0000E+00
  9 0.0000E+00 0.0000E+00 0.0000E+00
 10 0.0000E+00 0.0000E+00 0.0000E+00
 11 0.0000E+00 0.0000E+00 0.0000E+00
 12 0.0000E+00 0.0000E+00 0.0000E+00
 13 0.0000E+00 0.0000E+00 0.0000E+00
 14 0.0000E+00 0.0000E+00 0.0000E+00
 15 0.0000E+00 0.0000E+00 0.0000E+00
 16 0.0000E+00 0.0000E+00 0.0000E+00
 17 0.0000E+00 0.0000E+00 0.0000E+00
 18 0.0000E+00 0.0000E+00 0.0000E+00
 19 0.0000E+00 0.0000E+00 0.0000E+00
 20 0.0000E+00 0.0000E+00 0.0000E+00
 21 0.0000E+00 0.0000E+00 0.0000E+00
 22 0.0000E+00 0.0000E+00 0.0000E+00
 23 0.0000E+00 0.0000E+00 0.0000E+00
 24 0.0000E+00 0.0000E+00 0.0000E+00
 25 0.0000E+00 0.0000E+00 0.0000E+00
 26 0.0000E+00 0.0000E+00 0.0000E+00
 27 0.0000E+00 0.0000E+00 0.0000E+00
 28 0.0000E+00 0.0000E+00 0.0000E+00
 29 0.0000E+00 0.0000E+00 0.0000E+00
 30 0.0000E+00 0.0000E+00 0.0000E+00
 31 0.0000E+00 0.0000E+00 0.0000E+00
 32 0.0000E+00 0.0000E+00 0.0000E+00
 33 0.0000E+00 0.0000E+00 0.0000E+00
 34 0.0000E+00 0.0000E+00 0.0000E+00
 35 0.0000E+00 0.0000E+00 0.0000E+00
 36 0.0000E+00 0.0000E+00 0.0000E+00
 37 0.0000E+00 0.0000E+00 0.0000E+00
 38 0.0000E+00 0.0000E+00 0.0000E+00
 39 0.0000E+00 0.0000E+00 0.0000E+00
 40 0.0000E+00 0.0000E+00 0.0000E+00
 41 0.0000E+00 0.0000E+00 0.0000E+00
 42 0.0000E+00 0.0000E+00 0.0000E+00
 43 0.0000E+00 0.0000E+00 0.0000E+00
 44 0.0000E+00 0.0000E+00 0.0000E+00
 45 0.0000E+00 0.0000E+00 0.0000E+00
 46 0.0000E+00 0.0000E+00 0.0000E+00
 47 0.0000E+00 0.0000E+00 0.0000E+00
 48 0.0000E+00 0.0000E+00 0.0000E+00
 49 0.0000E+00 0.0000E+00 0.0000E+00
 50 0.0000E+00 0.0000E+00 0.0000E+00
 51 0.0000E+00 0.0000E+00 0.0000E+00
 52 0.0000E+00 0.0000E+00 0.0000E+00
 53 0.0000E+00 0.0000E+00 0.0000E+00
 54 0.0000E+00 0.0000E+00 0.0000E+00
 55 0.0000E+00 0.0000E+00 0.0000E+00
 56 0.0000E+00 0.0000E+00 0.0000E+00
 57 0.0000E+00 0.0000E+00 0.0000E+00
 58 0.0000E+00 0.0000E+00 0.0000E+00
 59 0.0000E+00 0.0000E+00 0.0000E+00
 60 0.0000E+00 0.0000E+00 0.0000E+00
 61 0.0000E+00 0.0000E+00 0.0000E+00
 62 0.0000E+00 0.0000E+00 0.0000E+00
 63 0.0000E+00 0.0000E+00 0.0000E+00
 64 0.0000E+00 0.0000E+00 0.0000E+00
 65 0.0000E+00 0.0000E+00 0.0000E+00
 66 0.0000E+00 0.0000E+00 0.0000E+00
 67 0.0000E+00 0.0000E+00 0.0000E+00
 68 0.0000E+00 0.0000E+00 0.0000E+00
 69 0.0000E+00 0.0000E+00 0.0000E+00
 70 0.0000E+00 0.0000E+00 0.0000E+00
 71 0.0000E+00 0.0000E+00 0.0000E+00
 72 0.0000E+00 0.0000E+00 0.0000E+00
 73 0.0000E+00 0.0000E+00 0.0000E+00
 74 0.0000E+00 0.0000E+00 0.0000E+00
 75 0.0000E+00 0.0000E+00 0.0000E+00
 76 0.0000E+00 0.0000E+00 0.0000E+00
 77 0.0000E+00 0.0000E+00 0.0000E+00
 78 0.0000E+00 0.0000E+00 0.0000E+00
 79 0.0000E+00 0.0000E+00 0.0000E+00
 80 5.4414E-04 1.8087E-03 7.1355E-04
 81 5.4132E-04 1.7993E-03 1.3325E-02
 82 7.2577E-04 2.4124E-03 1.9094E+01
 83 7.1019E-04 2.3606E-03 2.5270E+01
 84 7.0184E-04 2.3328E-03 3.2016E+01
 85 6.9640E-04 2.3148E-03 3.9887E+01
 86 6.9284E-04 2.3029E-03 4.9180E+01
 87 6.9028E-04 2.2944E-03 6.0110E+01
 88 6.8810E-04 2.2872E-03 7.2829E+01
 89 6.8491E-04 2.2766E-03 8.7729E+01
 90 6.7972E-04 2.2593E-03 1.0517E+02
 91 6.7236E-04 2.2348E-03 1.2513E+02
 92 6.6313E-04 2.2042E-03 1.4710E+02
 93 6.5122E-04 2.1646E-03 1.7106E+02
 94 6.3575E-04 2.1132E-03 1.9725E+02
 95 6.1550E-04 2.0458E-03 2.2689E+02
 96 5.8937E-04 1.9590E-03 2.5933E+02
 97 5.8781E-04 1.9538E-03 2.3438E+02
 98 5.9057E-04 1.9630E-03 1.6522E+02
 99 5.9165E-04 1.9666E-03 5.6154E+01
100 0.0000E+00 0.0000E+00 0.0000E+00
 
  i  rg(cm)   reff(cm)   ndz(n/cm**3)  
  1 0.0000E+00 0.0000E+00 0.0000E+00
  2 0.0000E+00 0.0000E+00 0.0000E+00
  3 0.0000E+00 0.0000E+00 0.0000E+00
  4 0.0000E+00 0.0000E+00 0.0000E+00
  5 0.0000E+00 0.0000E+00 0.0000E+00
  6 0.0000E+00 0.0000E+00 0.0000E+00
  7 0.0000E+00 0.0000E+00 0.0000E+00
  8 0.0000E+00 0.0000E+00 0.0000E+00
  9 0.0000E+00 0.0000E+00 0.0000E+00
 10 0.0000E+00 0.0000E+00 0.0000E+00
 11 0.0000E+00 0.0000E+00 0.0000E+00
 12 0.0000E+00 0.0000E+00 0.0000E+00
 13 0.0000E+00 0.0000E+00 0.0000E+00
 14 0.0000E+00 0.0000E+00 0.0000E+00
 15 0.0000E+00 0.0000E+00 0.0000E+00
 16 0.0000E+00 0.0000E+00 0.0000E+00
 17 0.0000E+00 0.0000E+00 0.0000E+00
 18 0.0000E+00 0.0000E+00 0.0000E+00
 19 0.0000E+00 0.0000E+00 0.0000E+00
 20 0.0000E+00 0.0000E+00 0.0000E+00
 21 0.0000E+00 0.0000E+00 0.0000E+00
 22 0.0000E+00 0.0000E+00 0.0000E+00
 23 0.0000E+00 0.0000E+00 0.0000E+00
 24 0.0000E+00 0.0000E+00 0.0000E+00
 25 0.0000E+00 0.0000E+00 0.0000E+00
 26 0.0000E+00 0.0000E+00 0.0000E+00
 27 0.0000E+00 0.0000E+00 0.0000E+00
 28 0.0000E+00 0.0000E+00 0.0000E+00
 29 0.0000E+00 0.0000E+00 0.0000E+00
 30 0.0000E+00 0.0000E+00 0.0000E+00
 31 0.0000E+00 0.0000E+00 0.0000E+00
 32 0.0000E+00 0.0000E+00 0.0000E+00
 33 0.0000E+00 0.0000E+00 0.0000E+00
 34 0.0000E+00 0.0000E+00 0.0000E+00
 35 0.0000E+00 0.0000E+00 0.0000E+00
 36 0.0000E+00 0.0000E+00 0.0000E+00
 37 0.0000E+00 0.0000E+00 0.0000E+00
 38 0.0000E+00 0.0000E+00 0.0000E+00
 39 0.0000E+00 0.0000E+00 0.0000E+00
 40 0.0000E+00 0.0000E+00 0.0000E+00
 41 0.0000E+00 0.0000E+00 0.0000E+00
 42 0.0000E+00 0.0000E+00 0.0000E+00
 43 0.0000E+00 0.0000E+00 0.0000E+00
 44 0.0000E+00 0.0000E+00 0.0000E+00
 45 0.0000E+00 0.0000E+00 0.0000E+00
 46 0.0000E+00 0.0000E+00 0.0000E+00
 47 0.0000E+00 0.0000E+00 0.0000E+00
 48 0.0000E+00 0.0000E+00 0.0000E+00
 49 0.0000E+00 0.0000E+00 0.0000E+00
 50 0.0000E+00 0.0000E+00 0.0000E+00
 51 0.0000E+00 0.0000E+00 0.0000E+00
 52 0.0000E+00 0.0000E+00 0.0000E+00
 53 0.0000E+00 0.0000E+00 0.0000E+00
 54 0.0000E+00 0.0000E+00 0.0000E+00
 55 0.0000E+00 0.0000E+00 0.0000E+00
 56 0.0000E+00 0.0000E+00 0.0000E+00
 57 0.0000E+00 0.0000E+00 0.0000E+00
 58 0.0000E+00 0.0000E+00 0.0000E+00
 59 0.0000E+00 0.0000E+00 0.0000E+00
 60 0.0000E+00 0.0000E+00 0.0000E+00
 61 0.0000E+00 0.0000E+00 0.0000E+00
 62 0.0000E+00 0.0000E+00 0.0000E+00
 63 0.0000E+00 0.0000E+00 0.0000E+00
 64 0.0000E+00 0.0000E+00 0.0000E+00
 65 0.0000E+00 0.0000E+00 0.0000E+00
 66 0.0000E+00 0.0000E+00 0.0000E+00
 67 0.0000E+00 0.0000E+00 0.0000E+00
 68 0.0000E+00 0.0000E+00 0.0000E+00
 69 0.0000E+00 0.0000E+00 0.0000E+00
 70 0.0000E+00 0.0000E+00 0.0000E+00
 71 0.0000E+00 0.0000E+00 0.0000E+00
 72 0.0000E+00 0.0000E+00 0.0000E+00
 73 0.0000E+00 0.0000E+00 0.0000E+00
 74 0.0000E+00 0.0000E+00 0.0000E+00
 75 0.0000E+00 0.0000E+00 0.0000E+00
 76 0.0000E+00 0.0000E+00 0.0000E+00
 77 0.0000E+00 0.0000E+00 0.0000E+00
 78 0.0000E+00 0.0000E+00 0.0000E+00
 79 0.0000E+00 0.0000E+00 0.0000E+00
 80 0.0000E+00 0.0000E+00 0.0000E+00
 81 0.0000E+00 0.0000E+00 0.0000E+00
 82 0.0000E+00 0.0000E+00 0.0000E+00
 83 7.1060E-04 2.3619E-03 2.5112E+01
 84 7.0195E-04 2.3332E-03 3.1945E+01
 85 6.9650E-04 2.3151E-03 3.9801E+01
 86 6.9293E-04 2.3032E-03 4.9079E+01
 87 6.9035E-04 2.2946E-03 5.9993E+01
 88 6.8816E-04 2.2874E-03 7.2691E+01
 89 6.8496E-04 2.2767E-03 8.7569E+01
 90 6.7977E-04 2.2595E-03 1.0498E+02
 91 6.7240E-04 2.2350E-03 1.2491E+02
 92 6.6316E-04 2.2043E-03 1.4686E+02
 93 6.5124E-04 2.1647E-03 1.7079E+02
 94 6.3578E-04 2.1133E-03 1.9695E+02
 95 6.1553E-04 2.0459E-03 2.2656E+02
 96 5.8940E-04 1.9591E-03 2.5899E+02
 97 5.8784E-04 1.9539E-03 2.3413E+02
 98 5.9059E-04 1.9631E-03 1.6497E+02
 99 5.9167E-04 1.9666E-03 5.6035E+01
100 0.0000E+00 0.0000E+00 0.0000E+00
 
  i  rg(cm)   reff(cm)   ndz(n/cm**3)  
  1 0.0000E+00 0.0000E+00 0.0000E+00
  2 0.0000E+00 0.0000E+00 0.0000E+00
  3 0.0000E+00 0.0000E+00 0.0000E+00
  4 0.0000E+00 0.0000E+00 0.0000E+00
  5 0.0000E+00 0.0000E+00 0.0000E+00
  6 0.0000E+00 0.0000E+00 0.0000E+00
  7 0.0000E+00 0.0000E+00 0.0000E+00
  8 0.0000E+00 0.0000E+00 0.0000E+00
  9 0.0000E+00 0.0000E+00 0.0000E+00
 10 0.0000E+00 0.0000E+00 0.0000E+00
 11 0.0000E+00 0.0000E+00 0.0000E+00
 12 0.0000E+00 0.0000E+00 0.0000E+00
 13 0.0000E+00 0.0000E+00 0.0000E+00
 14 0.0000E+00 0.0000E+00 0.0000E+00
 15 0.0000E+00 0.0000E+00 0.0000E+00
 16 0.0000E+00 0.0000E+00 0.0000E+00
 17 0.0000E+00 0.0000E+00 0.0000E+00
 18 0.0000E+00 0.0000E+00 0.0000E+00
 19 0.0000E+00 0.0000E+00 0.0000E+00
 20 0.0000E+00 0.0000E+00 0.0000E+00
 21 0.0000E+00 0.0000E+00 0.0000E+00
 22 0.0000E+00 0.0000E+00 0.0000E+00
 23 0.0000E+00 0.0000E+00 0.0000E+00
 24 0.0000E+00 0.0000E+00 0.0000E+00
 25 0.0000E+00 0.0000E+00 0.0000E+00
 26 0.0000E+00 0.0000E+00 0.0000E+00
 27 0.0000E+00 0.0000E+00 0.0000E+00
 28 0.0000E+00 0.0000E+00 0.0000E+00
 29 0.0000E+00 0.0000E+00 0.0000E+00
 30 0.0000E+00 0.0000E+00 0.0000E+00
 31 0.0000E+00 0.0000E+00 0.0000E+00
 32 0.0000E+00 0.0000E+00 0.0000E+00
 33 0.0000E+00 0.0000E+00 0.0000E+00
 34 0.0000E+00 0.0000E+00 0.0000E+00
 35 0.0000E+00 0.0000E+00 0.0000E+00
 36 0.0000E+00 0.0000E+00 0.0000E+00
 37 0.0000E+00 0.0000E+00 0.0000E+00
 38 0.0000E+00 0.0000E+00 0.0000E+00
 39 0.0000E+00 0.0000E+00 0.0000E+00
 40 0.0000E+00 0.0000E+00 0.0000E+00
 41 0.0000E+00 0.0000E+00 0.0000E+00
 42 0.0000E+00 0.0000E+00 0.0000E+00
 43 0.0000E+00 0.0000E+00 0.0000E+00
 44 0.0000E+00 0.0000E+00 0.0000E+00
 45 0.0000E+00 0.0000E+00 0.0000E+00
 46 0.0000E+00 0.0000E+00 0.0000E+00
 47 0.0000E+00 0.0000E+00 0.0000E+00
 48 0.0000E+00 0.0000E+00 0.0000E+00
 49 0.0000E+00 0.0000E+00 0.0000E+00
 50 0.0000E+00 0.0000E+00 0.0000E+00
 51 0.0000E+00 0.0000E+00 0.0000E+00
 52 0.0000E+00 0.0000E+00 0.0000E+00
 53 0.0000E+00 0.0000E+00 0.0000E+00
 54 0.0000E+00 0.0000E+00 0.0000E+00
 55 0.0000E+00 0.0000E+00 0.0000E+00
 56 0.0000E+00 0.0000E+00 0.0000E+00
 57 0.0000E+00 0.0000E+00 0.0000E+00
 58 0.0000E+00 0.0000E+00 0.0000E+00
 59 0.0000E+00 0.0000E+00 0.0000E+00
 60 0.0000E+00 0.0000E+00 0.0000E+00
 61 0.0000E+00 0.0000E+00 0.0000E+00
 62 0.0000E+00 0.0000E+00 0.0000E+00
 63 0.0000E+00 0.0000E+00 0.0000E+00
 64 0.0000E+00 0.0000E+00 0.0000E+00
 65 0.0000E+00 0.0000E+00 0.0000E+00
 66 0.0000E+00 0.0000E+00 0.0000E+00
 67 0.0000E+00 0.0000E+00 0.0000E+00
 68 0.0000E+00 0.0000E+00 0.0000E+00
 69 0.0000E+00 0.0000E+00 0.0000E+00
 70 0.0000E+00 0.0000E+00 0.0000E+00
 71 0.0000E+00 0.0000E+00 0.0000E+00
 72 0.0000E+00 0.0000E+00 0.0000E+00
 73 0.0000E+00 0.0000E+00 0.0000E+00
 74 0.0000E+00 0.0000E+00 0.0000E+00
 75 0.0000E+00 0.0000E+00 0.0000E+00
 76 0.0000E+00 0.0000E+00 0.0000E+00
 77 0.0000E+00 0.0000E+00 0.0000E+00
 78 0.0000E+00 0.0000E+00 0.0000E+00
 79 0.0000E+00 0.0000E+00 0.0000E+00
 80 0.0000E+00 0.0000E+00 0.0000E+00
 81 5.2950E-04 1.7600E-03 7.1562E-03
 82 5.2614E-04 1.7488E-03 4.9039E+01
 83 7.1454E-04 2.3750E-03 2.4315E+01
 84 7.0343E-04 2.3381E-03 3.1251E+01
 85 6.9744E-04 2.3182E-03 3.9029E+01
 86 6.9354E-04 2.3052E-03 4.8197E+01
 87 6.9071E-04 2.2958E-03 5.8987E+01
 88 6.8839E-04 2.2881E-03 7.1528E+01
 89 6.8510E-04 2.2772E-03 8.6221E+01
 90 6.7985E-04 2.2597E-03 1.0342E+02
 91 6.7244E-04 2.2351E-03 1.2312E+02
 92 6.6319E-04 2.2043E-03 1.4483E+02
 93 6.5126E-04 2.1647E-03 1.6852E+02
 94 6.3579E-04 2.1133E-03 1.9445E+02
 95 6.1554E-04 2.0460E-03 2.2387E+02
 96 5.8942E-04 1.9592E-03 2.5620E+02
 97 5.8786E-04 1.9540E-03 2.3212E+02
 98 5.9062E-04 1.9631E-03 1.6282E+02
 99 5.9169E-04 1.9667E-03 5.4929E+01
100 0.0000E+00 0.0000E+00 0.0000E+00
 
  i  rg(cm)   reff(cm)   ndz(n/cm**3)  
  1 0.0000E+00 0.0000E+00 0.0000E+00
  2 0.0000E+00 0.0000E+00 0.0000E+00
  3 0.0000E+00 0.0000E+00 0.0000E+00
  4 0.0000E+00 0.0000E+00 0.0000E+00
  5 0.0000E+00 0.0000E+00 0.0000E+00
  6 0.0000E+00 0.0000E+00 0.0000E+00
  7 0.0000E+00 0.0000E+00 0.0000E+00
  8 0.0000E+00 0.0000E+00 0.0000E+00
  9 0.0000E+00 0.0000E+00 0.0000E+00
 10 0.0000E+00 0.0000E+00 0.0000E+00
 11 0.0000E+00 0.0000E+00 0.0000E+00
 12 0.0000E+00 0.0000E+00 0.0000E+00
 13 0.0000E+00 0.0000E+00 0.0000E+00
 14 0.0000E+00 0.0000E+00 0.0000E+00
 15 0.0000E+00 0.0000E+00 0.0000E+00
 16 0.0000E+00 0.0000E+00 0.0000E+00
 17 0.0000E+00 0.0000E+00 0.0000E+00
 18 0.0000E+00 0.0000E+00 0.0000E+00
 19 0.0000E+00 0.0000E+00 0.0000E+00
 20 0.0000E+00 0.0000E+00 0.0000E+00
 21 0.0000E+00 0.0000E+00 0.0000E+00
 22 0.0000E+00 0.0000E+00 0.0000E+00
 23 0.0000E+00 0.0000E+00 0.0000E+00
 24 0.0000E+00 0.0000E+00 0.0000E+00
 25 0.0000E+00 0.0000E+00 0.0000E+00
 26 0.0000E+00 0.0000E+00 0.0000E+00
 27 0.0000E+00 0.0000E+00 0.0000E+00
 28 0.0000E+00 0.0000E+00 0.0000E+00
 29 0.0000E+00 0.0000E+00 0.0000E+00
 30 0.0000E+00 0.0000E+00 0.0000E+00
 31 0.0000E+00 0.0000E+00 0.0000E+00
 32 0.0000E+00 0.0000E+00 0.0000E+00
 33 0.0000E+00 0.0000E+00 0.0000E+00
 34 0.0000E+00 0.0000E+00 0.0000E+00
 35 0.0000E+00 0.0000E+00 0.0000E+00
 36 0.0000E+00 0.0000E+00 0.0000E+00
 37 0.0000E+00 0.0000E+00 0.0000E+00
 38 0.0000E+00 0.0000E+00 0.0000E+00
 39 0.0000E+00 0.0000E+00 0.0000E+00
 40 0.0000E+00 0.0000E+00 0.0000E+00
 41 0.0000E+00 0.0000E+00 0.0000E+00
 42 0.0000E+00 0.0000E+00 0.0000E+00
 43 0.0000E+00 0.0000E+00 0.0000E+00
 44 0.0000E+00 0.0000E+00 0.0000E+00
 45 0.0000E+00 0.0000E+00 0.0000E+00
 46 0.0000E+00 0.0000E+00 0.0000E+00
 47 0.0000E+00 0.0000E+00 0.0000E+00
 48 0.0000E+00 0.0000E+00 0.0000E+00
 49 0.0000E+00 0.0000E+00 0.0000E+00
 50 0.0000E+00 0.0000E+00 0.0000E+00
 51 0.0000E+00 0.0000E+00 0.0000E+00
 52 0.0000E+00 0.0000E+00 0.0000E+00
 53 0.0000E+00 0.0000E+00 0.0000E+00
 54 0.0000E+00 0.0000E+00 0.0000E+00
 55 0.0000E+00 0.0000E+00 0.0000E+00
 56 0.0000E+00 0.0000E+00 0.0000E+00
 57 0.0000E+00 0.0000E+00 0.0000E+00
 58 0.0000E+00 0.0000E+00 0.0000E+00
 59 0.0000E+00 0.0000E+00 0.0000E+00
 60 0.0000E+00 0.0000E+00 0.0000E+00
 61 0.0000E+00 0.0000E+00 0.0000E+00
 62 0.0000E+00 0.0000E+00 0.0000E+00
 63 0.0000E+00 0.0000E+00 0.0000E+00
 64 0.0000E+00 0.0000E+00 0.0000E+00
 65 0.0000E+00 0.0000E+00 0.0000E+00
 66 0.0000E+00 0.0000E+00 0.0000E+00
 67 0.0000E+00 0.0000E+00 0.0000E+00
 68 0.0000E+00 0.0000E+00 0.0000E+00
 69 0.0000E+00 0.0000E+00 0.0000E+00
 70 0.0000E+00 0.0000E+00 0.0000E+00
 71 0.0000E+00 0.0000E+00 0.0000E+00
 72 0.0000E+00 0.0000E+00 0.0000E+00
 73 0.0000E+00 0.0000E+00 0.0000E+00
 74 0.0000E+00 0.0000E+00 0.0000E+00
 75 0.0000E+00 0.0000E+00 0.0000E+00
 76 0.0000E+00 0.0000E+00 0.0000E+00
 77 0.0000E+00 0.0000E+00 0.0000E+00
 78 0.0000E+00 0.0000E+00 0.0000E+00
 79 0.0000E+00 0.0000E+00 0.0000E+00
 80 0.0000E+00 0.0000E+00 0.0000E+00
 81 5.4110E-04 1.7986E-03 7.5731E-03
 82 7.2663E-04 2.4152E-03 1.8618E+01
 83 7.1168E-04 2.3655E-03 2.4609E+01
 84 7.0252E-04 2.3351E-03 3.1372E+01
 85 6.9701E-04 2.3168E-03 3.9100E+01
 86 6.9336E-04 2.3046E-03 4.8235E+01
 87 6.9067E-04 2.2957E-03 5.8997E+01
 88 6.8841E-04 2.2882E-03 7.1523E+01
 89 6.8518E-04 2.2775E-03 8.6192E+01
 90 6.8001E-04 2.2603E-03 1.0335E+02
 91 6.7260E-04 2.2356E-03 1.2304E+02
 92 6.6332E-04 2.2048E-03 1.4474E+02
 93 6.5139E-04 2.1651E-03 1.6842E+02
 94 6.3592E-04 2.1137E-03 1.9434E+02
 95 6.1568E-04 2.0464E-03 2.2372E+02
 96 5.8957E-04 1.9597E-03 2.5600E+02
 97 5.8803E-04 1.9546E-03 2.3192E+02
 98 5.9076E-04 1.9636E-03 1.6270E+02
 99 5.9180E-04 1.9671E-03 5.4897E+01
100 0.0000E+00 0.0000E+00 0.0000E+00
 
