 NST=     1

  J  RHR Solar (K/s)  RHR Thermal (K/s)
  1   0.000E+00   0.000E+00
  2   1.872E-03   8.820E-04
  3   1.540E-03   8.665E-04
  4   1.248E-03   8.473E-04
  5   9.959E-04   8.237E-04
  6   7.795E-04   7.952E-04
  7   5.930E-04   7.610E-04
  8   4.339E-04   7.206E-04
  9   3.026E-04   6.737E-04
 10   2.001E-04   6.200E-04
 11   1.258E-04   5.600E-04
 12   7.640E-05   4.947E-04
 13   4.671E-05   4.256E-04
 14   3.083E-05   3.551E-04
 15   2.337E-05   2.859E-04
 16   2.024E-05   2.215E-04
 17   1.892E-05   1.649E-04
 18   1.816E-05   1.185E-04
 19   1.749E-05   8.323E-05
 20   1.679E-05   5.864E-05
 21   1.604E-05   4.305E-05
 22   1.526E-05   3.412E-05
 23   1.450E-05   2.954E-05
 24   1.387E-05   2.751E-05
 25   1.328E-05   2.681E-05
 26   1.274E-05   2.671E-05
 27   1.226E-05   2.687E-05
 28   1.186E-05   2.716E-05
 29   1.153E-05   2.754E-05
 30   1.128E-05   2.799E-05
 31   1.111E-05   2.845E-05
 32   1.100E-05   2.887E-05
 33   1.095E-05   2.918E-05
 34   1.093E-05   2.927E-05
 35   1.093E-05   2.906E-05
 36   1.104E-05   2.859E-05
 37   1.105E-05   2.767E-05
 38   1.095E-05   2.640E-05
 39   1.078E-05   2.495E-05
 40   1.060E-05   2.359E-05
 41   1.049E-05   2.250E-05
 42   1.048E-05   2.169E-05
 43   1.054E-05   2.106E-05
 44   1.060E-05   2.049E-05
 45   1.059E-05   2.001E-05
 46   1.049E-05   1.972E-05
 47   1.030E-05   1.968E-05
 48   1.001E-05   1.986E-05
 49   9.593E-06   2.007E-05
 50   9.007E-06   1.982E-05
 51   8.266E-06   1.941E-05
 52   7.426E-06   1.878E-05
 53   6.595E-06   1.793E-05
 54   5.879E-06   1.695E-05
 55   5.341E-06   1.597E-05
 56   4.976E-06   1.510E-05
 57   4.719E-06   1.439E-05
 58   4.487E-06   1.384E-05
 59   4.214E-06   1.338E-05
 60   3.870E-06   1.293E-05
 61   3.463E-06   1.246E-05
 62   3.025E-06   1.192E-05
 63   2.597E-06   1.127E-05
 64   2.221E-06   1.049E-05
 65   1.920E-06   9.622E-06
 66   1.691E-06   8.700E-06
 67   1.507E-06   7.734E-06
 68   1.382E-06   6.981E-06
 69   1.292E-06   6.424E-06
 70   1.224E-06   6.006E-06
 71   1.171E-06   5.661E-06
 72   1.131E-06   5.338E-06
 73   1.099E-06   5.007E-06
 74   1.074E-06   4.664E-06
 75   1.051E-06   4.318E-06
 76   1.028E-06   3.978E-06
 77   1.004E-06   3.652E-06
 78   9.787E-07   3.339E-06
 79   9.530E-07   3.020E-06
 80   9.286E-07   2.646E-06
 81   5.033E-07   1.984E-06
 82   4.732E-07   1.476E-06
 83   1.717E-05   1.137E-04
 84   1.354E-06   2.274E-06
 85   1.397E-06   4.226E-06
 86   1.787E-06   6.178E-06
 87   2.058E-06   7.674E-06
 88   2.506E-06   8.642E-06
 89   2.911E-06   9.107E-06
 90   3.303E-06   9.148E-06
 91   3.592E-06   9.203E-06
 92   3.785E-06   9.338E-06
 93   3.806E-06   9.267E-06
 94   3.803E-06   8.978E-06
 95   3.725E-06   8.298E-06
 96   3.595E-06   7.285E-06
 97   3.408E-06   6.406E-06
 98   3.205E-06   6.125E-06
 99   2.957E-06   6.191E-06
100   2.769E-06   5.213E-06
101   2.671E-08   9.140E-08
 NST=     2

  J  RHR Solar (K/s)  RHR Thermal (K/s)
  1   0.000E+00   0.000E+00
  2   1.902E-03   1.024E-03
  3   1.558E-03   1.101E-03
  4   1.258E-03   6.369E-04
  5   1.001E-03   1.109E-03
  6   7.810E-04   7.287E-04
  7   5.920E-04   7.246E-04
  8   4.316E-04   6.920E-04
  9   3.000E-04   6.207E-04
 10   1.979E-04   5.564E-04
 11   1.242E-04   4.999E-04
 12   7.538E-05   4.423E-04
 13   4.617E-05   3.834E-04
 14   3.062E-05   3.257E-04
 15   2.335E-05   2.694E-04
 16   2.032E-05   2.144E-04
 17   1.903E-05   1.645E-04
 18   1.828E-05   1.216E-04
 19   1.761E-05   8.731E-05
 20   1.690E-05   6.218E-05
 21   1.614E-05   4.552E-05
 22   1.535E-05   3.558E-05
 23   1.458E-05   3.031E-05
 24   1.394E-05   2.791E-05
 25   1.334E-05   2.705E-05
 26   1.279E-05   2.688E-05
 27   1.231E-05   2.701E-05
 28   1.190E-05   2.729E-05
 29   1.157E-05   2.766E-05
 30   1.132E-05   2.809E-05
 31   1.115E-05   2.854E-05
 32   1.104E-05   2.895E-05
 33   1.099E-05   2.924E-05
 34   1.097E-05   2.931E-05
 35   1.097E-05   2.909E-05
 36   1.107E-05   2.861E-05
 37   1.109E-05   2.768E-05
 38   1.099E-05   2.640E-05
 39   1.081E-05   2.496E-05
 40   1.063E-05   2.360E-05
 41   1.052E-05   2.252E-05
 42   1.051E-05   2.172E-05
 43   1.057E-05   2.108E-05
 44   1.063E-05   2.052E-05
 45   1.062E-05   2.004E-05
 46   1.051E-05   1.975E-05
 47   1.032E-05   1.972E-05
 48   1.003E-05   1.989E-05
 49   9.603E-06   2.009E-05
 50   9.012E-06   1.984E-05
 51   8.265E-06   1.942E-05
 52   7.422E-06   1.877E-05
 53   6.589E-06   1.792E-05
 54   5.874E-06   1.694E-05
 55   5.338E-06   1.597E-05
 56   4.974E-06   1.510E-05
 57   4.717E-06   1.440E-05
 58   4.484E-06   1.384E-05
 59   4.209E-06   1.338E-05
 60   3.863E-06   1.293E-05
 61   3.454E-06   1.246E-05
 62   3.013E-06   1.192E-05
 63   2.585E-06   1.126E-05
 64   2.208E-06   1.048E-05
 65   1.907E-06   9.618E-06
 66   1.678E-06   8.700E-06
 67   1.494E-06   7.738E-06
 68   1.368E-06   6.990E-06
 69   1.277E-06   6.435E-06
 70   1.208E-06   6.019E-06
 71   1.155E-06   5.676E-06
 72   1.113E-06   5.353E-06
 73   1.081E-06   5.024E-06
 74   1.054E-06   4.684E-06
 75   1.029E-06   4.340E-06
 76   1.005E-06   4.004E-06
 77   9.786E-07   3.684E-06
 78   9.508E-07   3.379E-06
 79   9.224E-07   3.074E-06
 80   8.950E-07   2.731E-06
 81   5.026E-07   2.060E-06
 82   4.894E-07   1.765E-06
 83   1.804E-05   1.128E-04
 84   2.241E-06   1.353E-06
 85   1.591E-06   3.556E-06
 86   1.822E-06   5.520E-06
 87   2.380E-06   7.166E-06
 88   2.398E-06   8.258E-06
 89   2.763E-06   8.856E-06
 90   3.189E-06   8.994E-06
 91   3.483E-06   9.009E-06
 92   3.475E-06   9.121E-06
 93   3.573E-06   9.118E-06
 94   3.664E-06   8.883E-06
 95   3.653E-06   8.329E-06
 96   3.578E-06   7.385E-06
 97   3.389E-06   6.435E-06
 98   3.201E-06   5.977E-06
 99   2.960E-06   5.586E-06
100   2.779E-06   4.828E-06
101   2.708E-08   8.617E-08
 NST=     3

  J  RHR Solar (K/s)  RHR Thermal (K/s)
  1   0.000E+00   0.000E+00
  2   1.907E-03   5.828E-04
  3   1.560E-03   2.124E-03
  4   1.259E-03   1.454E-03
  5   1.000E-03   1.135E-03
  6   7.801E-04   9.201E-04
  7   5.910E-04   6.104E-04
  8   4.307E-04   6.418E-04
  9   2.995E-04   5.590E-04
 10   1.977E-04   5.084E-04
 11   1.242E-04   4.504E-04
 12   7.543E-05   3.978E-04
 13   4.622E-05   3.470E-04
 14   3.064E-05   3.000E-04
 15   2.334E-05   2.540E-04
 16   2.029E-05   2.078E-04
 17   1.901E-05   1.632E-04
 18   1.826E-05   1.237E-04
 19   1.760E-05   9.081E-05
 20   1.689E-05   6.551E-05
 21   1.614E-05   4.793E-05
 22   1.534E-05   3.701E-05
 23   1.458E-05   3.100E-05
 24   1.394E-05   2.818E-05
 25   1.334E-05   2.711E-05
 26   1.279E-05   2.686E-05
 27   1.231E-05   2.696E-05
 28   1.190E-05   2.723E-05
 29   1.157E-05   2.760E-05
 30   1.132E-05   2.802E-05
 31   1.114E-05   2.846E-05
 32   1.104E-05   2.886E-05
 33   1.099E-05   2.915E-05
 34   1.097E-05   2.923E-05
 35   1.097E-05   2.901E-05
 36   1.107E-05   2.853E-05
 37   1.108E-05   2.761E-05
 38   1.099E-05   2.634E-05
 39   1.081E-05   2.491E-05
 40   1.063E-05   2.357E-05
 41   1.052E-05   2.249E-05
 42   1.051E-05   2.169E-05
 43   1.057E-05   2.106E-05
 44   1.063E-05   2.050E-05
 45   1.062E-05   2.003E-05
 46   1.051E-05   1.974E-05
 47   1.032E-05   1.970E-05
 48   1.002E-05   1.986E-05
 49   9.602E-06   2.007E-05
 50   9.011E-06   1.981E-05
 51   8.264E-06   1.939E-05
 52   7.421E-06   1.874E-05
 53   6.588E-06   1.789E-05
 54   5.873E-06   1.692E-05
 55   5.337E-06   1.594E-05
 56   4.973E-06   1.508E-05
 57   4.717E-06   1.438E-05
 58   4.484E-06   1.383E-05
 59   4.208E-06   1.336E-05
 60   3.863E-06   1.292E-05
 61   3.454E-06   1.245E-05
 62   3.013E-06   1.190E-05
 63   2.585E-06   1.125E-05
 64   2.208E-06   1.047E-05
 65   1.907E-06   9.611E-06
 66   1.678E-06   8.697E-06
 67   1.494E-06   7.739E-06
 68   1.368E-06   6.993E-06
 69   1.277E-06   6.440E-06
 70   1.208E-06   6.025E-06
 71   1.154E-06   5.682E-06
 72   1.113E-06   5.361E-06
 73   1.080E-06   5.034E-06
 74   1.053E-06   4.695E-06
 75   1.029E-06   4.353E-06
 76   1.004E-06   4.020E-06
 77   9.777E-07   3.704E-06
 78   9.498E-07   3.403E-06
 79   9.213E-07   3.105E-06
 80   8.937E-07   2.761E-06
 81   5.012E-07   2.024E-06
 82   4.905E-07   1.821E-06
 83   1.767E-05   1.126E-04
 84   2.450E-06   7.089E-07
 85   1.428E-06   3.155E-06
 86   1.834E-06   5.102E-06
 87   2.258E-06   6.822E-06
 88   2.369E-06   7.995E-06
 89   2.667E-06   8.662E-06
 90   3.006E-06   8.878E-06
 91   3.471E-06   8.886E-06
 92   3.413E-06   8.977E-06
 93   3.491E-06   9.010E-06
 94   3.557E-06   8.803E-06
 95   3.624E-06   8.321E-06
 96   3.479E-06   7.436E-06
 97   3.391E-06   6.469E-06
 98   3.181E-06   5.921E-06
 99   2.978E-06   5.396E-06
100   2.774E-06   4.553E-06
101   2.687E-08   8.228E-08
 NST=     4

  J  RHR Solar (K/s)  RHR Thermal (K/s)
  1   0.000E+00   0.000E+00
  2   1.916E-03   4.273E-04
  3   1.559E-03   2.895E-03
  4   1.256E-03   8.133E-04
  5   9.994E-04   7.950E-04
  6   7.794E-04   7.605E-04
  7   5.906E-04   6.252E-04
  8   4.303E-04   5.736E-04
  9   2.991E-04   5.382E-04
 10   1.976E-04   4.692E-04
 11   1.242E-04   4.091E-04
 12   7.550E-05   3.612E-04
 13   4.628E-05   3.181E-04
 14   3.065E-05   2.777E-04
 15   2.332E-05   2.381E-04
 16   2.026E-05   1.998E-04
 17   1.898E-05   1.612E-04
 18   1.824E-05   1.249E-04
 19   1.758E-05   9.347E-05
 20   1.688E-05   6.832E-05
 21   1.613E-05   5.014E-05
 22   1.534E-05   3.840E-05
 23   1.458E-05   3.171E-05
 24   1.394E-05   2.846E-05
 25   1.334E-05   2.718E-05
 26   1.279E-05   2.684E-05
 27   1.231E-05   2.692E-05
 28   1.190E-05   2.718E-05
 29   1.156E-05   2.753E-05
 30   1.131E-05   2.795E-05
 31   1.114E-05   2.839E-05
 32   1.104E-05   2.878E-05
 33   1.099E-05   2.907E-05
 34   1.097E-05   2.914E-05
 35   1.097E-05   2.892E-05
 36   1.107E-05   2.845E-05
 37   1.108E-05   2.754E-05
 38   1.099E-05   2.628E-05
 39   1.081E-05   2.486E-05
 40   1.063E-05   2.353E-05
 41   1.052E-05   2.246E-05
 42   1.051E-05   2.167E-05
 43   1.057E-05   2.104E-05
 44   1.063E-05   2.048E-05
 45   1.062E-05   2.001E-05
 46   1.051E-05   1.972E-05
 47   1.032E-05   1.968E-05
 48   1.002E-05   1.984E-05
 49   9.601E-06   2.004E-05
 50   9.010E-06   1.978E-05
 51   8.263E-06   1.935E-05
 52   7.420E-06   1.871E-05
 53   6.587E-06   1.786E-05
 54   5.872E-06   1.689E-05
 55   5.336E-06   1.592E-05
 56   4.972E-06   1.506E-05
 57   4.716E-06   1.436E-05
 58   4.483E-06   1.381E-05
 59   4.208E-06   1.335E-05
 60   3.863E-06   1.290E-05
 61   3.454E-06   1.243E-05
 62   3.014E-06   1.189E-05
 63   2.585E-06   1.124E-05
 64   2.209E-06   1.046E-05
 65   1.908E-06   9.604E-06
 66   1.678E-06   8.694E-06
 67   1.494E-06   7.739E-06
 68   1.367E-06   6.995E-06
 69   1.277E-06   6.443E-06
 70   1.208E-06   6.029E-06
 71   1.154E-06   5.688E-06
 72   1.113E-06   5.368E-06
 73   1.080E-06   5.042E-06
 74   1.053E-06   4.705E-06
 75   1.029E-06   4.365E-06
 76   1.004E-06   4.035E-06
 77   9.775E-07   3.721E-06
 78   9.495E-07   3.424E-06
 79   9.210E-07   3.129E-06
 80   8.934E-07   2.795E-06
 81   4.994E-07   2.058E-06
 82   4.931E-07   1.939E-06
 83   1.736E-05   1.121E-04
 84   2.611E-06   2.236E-07
 85   1.337E-06   2.858E-06
 86   1.810E-06   4.776E-06
 87   2.087E-06   6.543E-06
 88   2.367E-06   7.782E-06
 89   2.586E-06   8.500E-06
 90   2.917E-06   8.782E-06
 91   3.408E-06   8.794E-06
 92   3.382E-06   8.867E-06
 93   3.431E-06   8.925E-06
 94   3.500E-06   8.735E-06
 95   3.567E-06   8.304E-06
 96   3.437E-06   7.472E-06
 97   3.371E-06   6.505E-06
 98   3.167E-06   5.903E-06
 99   2.982E-06   5.291E-06
100   2.766E-06   4.344E-06
101   2.678E-08   7.959E-08
 NST=     5

  J  RHR Solar (K/s)  RHR Thermal (K/s)
  1   0.000E+00   0.000E+00
  2   1.930E-03   2.200E-03
  3   1.574E-03   1.282E-03
  4   1.259E-03   1.394E-03
  5   9.961E-04   1.178E-03
  6   7.769E-04   1.141E-03
  7   5.882E-04   7.573E-04
  8   4.286E-04   5.606E-04
  9   2.980E-04   4.759E-04
 10   1.969E-04   4.194E-04
 11   1.239E-04   3.659E-04
 12   7.540E-05   3.209E-04
 13   4.625E-05   2.844E-04
 14   3.063E-05   2.514E-04
 15   2.330E-05   2.196E-04
 16   2.023E-05   1.869E-04
 17   1.895E-05   1.546E-04
 18   1.822E-05   1.230E-04
 19   1.756E-05   9.415E-05
 20   1.687E-05   6.995E-05
 21   1.613E-05   5.180E-05
 22   1.534E-05   3.959E-05
 23   1.458E-05   3.238E-05
 24   1.393E-05   2.875E-05
 25   1.333E-05   2.726E-05
 26   1.279E-05   2.683E-05
 27   1.230E-05   2.687E-05
 28   1.189E-05   2.712E-05
 29   1.156E-05   2.747E-05
 30   1.131E-05   2.788E-05
 31   1.114E-05   2.831E-05
 32   1.103E-05   2.870E-05
 33   1.098E-05   2.898E-05
 34   1.097E-05   2.905E-05
 35   1.096E-05   2.884E-05
 36   1.107E-05   2.837E-05
 37   1.108E-05   2.747E-05
 38   1.098E-05   2.622E-05
 39   1.081E-05   2.481E-05
 40   1.063E-05   2.349E-05
 41   1.052E-05   2.242E-05
 42   1.051E-05   2.164E-05
 43   1.057E-05   2.102E-05
 44   1.063E-05   2.047E-05
 45   1.061E-05   1.999E-05
 46   1.051E-05   1.970E-05
 47   1.032E-05   1.966E-05
 48   1.002E-05   1.982E-05
 49   9.600E-06   2.001E-05
 50   9.009E-06   1.975E-05
 51   8.262E-06   1.932E-05
 52   7.419E-06   1.868E-05
 53   6.586E-06   1.783E-05
 54   5.871E-06   1.686E-05
 55   5.335E-06   1.590E-05
 56   4.971E-06   1.504E-05
 57   4.716E-06   1.434E-05
 58   4.483E-06   1.380E-05
 59   4.208E-06   1.333E-05
 60   3.863E-06   1.289E-05
 61   3.454E-06   1.242E-05
 62   3.014E-06   1.188E-05
 63   2.586E-06   1.122E-05
 64   2.209E-06   1.045E-05
 65   1.908E-06   9.597E-06
 66   1.678E-06   8.689E-06
 67   1.494E-06   7.737E-06
 68   1.367E-06   6.996E-06
 69   1.276E-06   6.445E-06
 70   1.208E-06   6.032E-06
 71   1.154E-06   5.692E-06
 72   1.112E-06   5.373E-06
 73   1.080E-06   5.048E-06
 74   1.053E-06   4.713E-06
 75   1.028E-06   4.375E-06
 76   1.004E-06   4.046E-06
 77   9.773E-07   3.734E-06
 78   9.494E-07   3.440E-06
 79   9.208E-07   3.148E-06
 80   8.932E-07   2.829E-06
 81   4.979E-07   2.090E-06
 82   4.960E-07   2.038E-06
 83   1.710E-05   1.116E-04
 84   2.739E-06   1.407E-07
 85   1.323E-06   2.640E-06
 86   1.755E-06   4.528E-06
 87   1.991E-06   6.322E-06
 88   2.337E-06   7.614E-06
 89   2.514E-06   8.369E-06
 90   2.860E-06   8.704E-06
 91   3.318E-06   8.726E-06
 92   3.388E-06   8.783E-06
 93   3.388E-06   8.854E-06
 94   3.456E-06   8.680E-06
 95   3.525E-06   8.286E-06
 96   3.415E-06   7.497E-06
 97   3.346E-06   6.537E-06
 98   3.156E-06   5.901E-06
 99   2.983E-06   5.285E-06
100   2.758E-06   4.189E-06
101   2.681E-08   7.776E-08
 NST=     6

  J  RHR Solar (K/s)  RHR Thermal (K/s)
  1   0.000E+00   0.000E+00
  2   1.928E-03   2.639E-03
  3   1.575E-03   2.568E-03
  4   1.262E-03   1.449E-03
  5   9.981E-04   4.031E-05
  6   7.766E-04   1.378E-03
  7   5.870E-04   6.249E-04
  8   4.280E-04   5.962E-04
  9   2.977E-04   5.048E-04
 10   1.967E-04   3.834E-04
 11   1.238E-04   3.542E-04
 12   7.536E-05   3.067E-04
 13   4.624E-05   2.741E-04
 14   3.063E-05   2.407E-04
 15   2.329E-05   2.111E-04
 16   2.022E-05   1.816E-04
 17   1.894E-05   1.511E-04
 18   1.820E-05   1.215E-04
 19   1.756E-05   9.385E-05
 20   1.687E-05   7.046E-05
 21   1.612E-05   5.242E-05
 22   1.533E-05   4.012E-05
 23   1.457E-05   3.272E-05
 24   1.393E-05   2.892E-05
 25   1.333E-05   2.732E-05
 26   1.278E-05   2.684E-05
 27   1.230E-05   2.685E-05
 28   1.189E-05   2.709E-05
 29   1.156E-05   2.743E-05
 30   1.131E-05   2.784E-05
 31   1.114E-05   2.827E-05
 32   1.103E-05   2.866E-05
 33   1.098E-05   2.894E-05
 34   1.096E-05   2.901E-05
 35   1.096E-05   2.880E-05
 36   1.107E-05   2.833E-05
 37   1.108E-05   2.744E-05
 38   1.098E-05   2.619E-05
 39   1.081E-05   2.479E-05
 40   1.063E-05   2.347E-05
 41   1.052E-05   2.241E-05
 42   1.051E-05   2.163E-05
 43   1.057E-05   2.101E-05
 44   1.063E-05   2.046E-05
 45   1.061E-05   1.998E-05
 46   1.051E-05   1.969E-05
 47   1.032E-05   1.965E-05
 48   1.002E-05   1.980E-05
 49   9.600E-06   2.000E-05
 50   9.008E-06   1.973E-05
 51   8.261E-06   1.931E-05
 52   7.418E-06   1.866E-05
 53   6.586E-06   1.782E-05
 54   5.871E-06   1.685E-05
 55   5.335E-06   1.588E-05
 56   4.971E-06   1.503E-05
 57   4.715E-06   1.434E-05
 58   4.483E-06   1.379E-05
 59   4.208E-06   1.332E-05
 60   3.863E-06   1.288E-05
 61   3.454E-06   1.241E-05
 62   3.014E-06   1.187E-05
 63   2.586E-06   1.122E-05
 64   2.209E-06   1.045E-05
 65   1.908E-06   9.594E-06
 66   1.678E-06   8.688E-06
 67   1.494E-06   7.737E-06
 68   1.367E-06   6.997E-06
 69   1.276E-06   6.448E-06
 70   1.208E-06   6.035E-06
 71   1.154E-06   5.696E-06
 72   1.112E-06   5.378E-06
 73   1.080E-06   5.054E-06
 74   1.053E-06   4.719E-06
 75   1.028E-06   4.382E-06
 76   1.004E-06   4.055E-06
 77   9.772E-07   3.745E-06
 78   9.493E-07   3.452E-06
 79   9.207E-07   3.164E-06
 80   8.931E-07   2.861E-06
 81   4.964E-07   2.115E-06
 82   4.984E-07   2.117E-06
 83   1.689E-05   1.112E-04
 84   2.842E-06   4.151E-07
 85   1.316E-06   2.480E-06
 86   1.709E-06   4.339E-06
 87   1.962E-06   6.150E-06
 88   2.280E-06   7.483E-06
 89   2.465E-06   8.265E-06
 90   2.802E-06   8.641E-06
 91   3.271E-06   8.674E-06
 92   3.380E-06   8.718E-06
 93   3.357E-06   8.791E-06
 94   3.422E-06   8.640E-06
 95   3.486E-06   8.268E-06
 96   3.402E-06   7.512E-06
 97   3.324E-06   6.563E-06
 98   3.148E-06   5.903E-06
 99   2.981E-06   5.262E-06
100   2.749E-06   4.072E-06
101   2.683E-08   7.641E-08
 NST=     7

  J  RHR Solar (K/s)  RHR Thermal (K/s)
  1   0.000E+00   0.000E+00
  2   1.928E-03   2.658E-03
  3   1.572E-03   2.389E-03
  4   1.262E-03   3.354E-04
  5   9.992E-04   2.023E-03
  6   7.769E-04   3.443E-04
  7   5.872E-04   8.398E-04
  8   4.279E-04   5.279E-04
  9   2.976E-04   5.218E-04
 10   1.967E-04   4.117E-04
 11   1.238E-04   3.490E-04
 12   7.537E-05   3.062E-04
 13   4.624E-05   2.704E-04
 14   3.063E-05   2.358E-04
 15   2.328E-05   2.092E-04
 16   2.021E-05   1.788E-04
 17   1.893E-05   1.493E-04
 18   1.820E-05   1.206E-04
 19   1.755E-05   9.355E-05
 20   1.686E-05   7.051E-05
 21   1.612E-05   5.263E-05
 22   1.533E-05   4.038E-05
 23   1.457E-05   3.291E-05
 24   1.393E-05   2.903E-05
 25   1.333E-05   2.737E-05
 26   1.278E-05   2.685E-05
 27   1.230E-05   2.685E-05
 28   1.189E-05   2.708E-05
 29   1.156E-05   2.742E-05
 30   1.131E-05   2.782E-05
 31   1.114E-05   2.825E-05
 32   1.103E-05   2.864E-05
 33   1.098E-05   2.892E-05
 34   1.096E-05   2.899E-05
 35   1.096E-05   2.878E-05
 36   1.107E-05   2.831E-05
 37   1.108E-05   2.742E-05
 38   1.098E-05   2.618E-05
 39   1.081E-05   2.478E-05
 40   1.063E-05   2.346E-05
 41   1.052E-05   2.240E-05
 42   1.051E-05   2.162E-05
 43   1.057E-05   2.100E-05
 44   1.062E-05   2.045E-05
 45   1.061E-05   1.998E-05
 46   1.051E-05   1.969E-05
 47   1.032E-05   1.964E-05
 48   1.002E-05   1.980E-05
 49   9.600E-06   1.999E-05
 50   9.008E-06   1.973E-05
 51   8.261E-06   1.930E-05
 52   7.418E-06   1.866E-05
 53   6.585E-06   1.781E-05
 54   5.871E-06   1.685E-05
 55   5.335E-06   1.588E-05
 56   4.971E-06   1.502E-05
 57   4.715E-06   1.433E-05
 58   4.483E-06   1.378E-05
 59   4.208E-06   1.332E-05
 60   3.863E-06   1.288E-05
 61   3.454E-06   1.241E-05
 62   3.014E-06   1.187E-05
 63   2.586E-06   1.122E-05
 64   2.209E-06   1.045E-05
 65   1.908E-06   9.594E-06
 66   1.678E-06   8.689E-06
 67   1.494E-06   7.738E-06
 68   1.367E-06   6.999E-06
 69   1.276E-06   6.450E-06
 70   1.207E-06   6.038E-06
 71   1.154E-06   5.699E-06
 72   1.112E-06   5.382E-06
 73   1.080E-06   5.058E-06
 74   1.053E-06   4.725E-06
 75   1.028E-06   4.388E-06
 76   1.004E-06   4.062E-06
 77   9.772E-07   3.753E-06
 78   9.492E-07   3.461E-06
 79   9.206E-07   3.178E-06
 80   8.929E-07   2.888E-06
 81   4.951E-07   2.134E-06
 82   5.003E-07   2.177E-06
 83   1.672E-05   1.108E-04
 84   2.922E-06   6.220E-07
 85   1.312E-06   2.362E-06
 86   1.671E-06   4.196E-06
 87   1.934E-06   6.016E-06
 88   2.242E-06   7.380E-06
 89   2.423E-06   8.184E-06
 90   2.769E-06   8.591E-06
 91   3.241E-06   8.635E-06
 92   3.363E-06   8.668E-06
 93   3.335E-06   8.742E-06
 94   3.397E-06   8.608E-06
 95   3.450E-06   8.253E-06
 96   3.397E-06   7.523E-06
 97   3.304E-06   6.585E-06
 98   3.143E-06   5.908E-06
 99   2.979E-06   5.244E-06
100   2.754E-06   4.022E-06
101   2.684E-08   7.535E-08
 NST=     8

  J  RHR Solar (K/s)  RHR Thermal (K/s)
  1   0.000E+00   0.000E+00
  2   1.926E-03   3.231E-03
  3   1.571E-03   1.378E-03
  4   1.263E-03   1.686E-03
  5   9.995E-04   1.242E-03
  6   7.773E-04   8.456E-04
  7   5.876E-04   8.064E-04
  8   4.277E-04   4.841E-04
  9   2.976E-04   4.387E-04
 10   1.967E-04   3.932E-04
 11   1.238E-04   3.390E-04
 12   7.538E-05   2.966E-04
 13   4.625E-05   2.631E-04
 14   3.063E-05   2.324E-04
 15   2.328E-05   2.030E-04
 16   2.021E-05   1.763E-04
 17   1.892E-05   1.472E-04
 18   1.819E-05   1.198E-04
 19   1.754E-05   9.333E-05
 20   1.686E-05   7.072E-05
 21   1.612E-05   5.305E-05
 22   1.533E-05   4.074E-05
 23   1.457E-05   3.317E-05
 24   1.393E-05   2.917E-05
 25   1.333E-05   2.743E-05
 26   1.278E-05   2.686E-05
 27   1.230E-05   2.684E-05
 28   1.189E-05   2.706E-05
 29   1.156E-05   2.740E-05
 30   1.131E-05   2.780E-05
 31   1.113E-05   2.822E-05
 32   1.103E-05   2.861E-05
 33   1.098E-05   2.889E-05
 34   1.096E-05   2.897E-05
 35   1.096E-05   2.875E-05
 36   1.107E-05   2.829E-05
 37   1.108E-05   2.740E-05
 38   1.098E-05   2.616E-05
 39   1.081E-05   2.476E-05
 40   1.063E-05   2.344E-05
 41   1.052E-05   2.239E-05
 42   1.051E-05   2.161E-05
 43   1.057E-05   2.099E-05
 44   1.062E-05   2.044E-05
 45   1.061E-05   1.997E-05
 46   1.051E-05   1.968E-05
 47   1.032E-05   1.963E-05
 48   1.002E-05   1.979E-05
 49   9.599E-06   1.998E-05
 50   9.008E-06   1.972E-05
 51   8.261E-06   1.929E-05
 52   7.418E-06   1.865E-05
 53   6.585E-06   1.780E-05
 54   5.870E-06   1.684E-05
 55   5.334E-06   1.587E-05
 56   4.971E-06   1.501E-05
 57   4.715E-06   1.432E-05
 58   4.483E-06   1.378E-05
 59   4.208E-06   1.331E-05
 60   3.863E-06   1.287E-05
 61   3.455E-06   1.240E-05
 62   3.015E-06   1.186E-05
 63   2.586E-06   1.121E-05
 64   2.209E-06   1.044E-05
 65   1.908E-06   9.592E-06
 66   1.678E-06   8.687E-06
 67   1.494E-06   7.738E-06
 68   1.367E-06   6.999E-06
 69   1.276E-06   6.451E-06
 70   1.207E-06   6.040E-06
 71   1.154E-06   5.701E-06
 72   1.112E-06   5.384E-06
 73   1.080E-06   5.062E-06
 74   1.053E-06   4.728E-06
 75   1.028E-06   4.393E-06
 76   1.003E-06   4.067E-06
 77   9.771E-07   3.758E-06
 78   9.491E-07   3.468E-06
 79   9.205E-07   3.190E-06
 80   8.929E-07   2.910E-06
 81   4.942E-07   2.149E-06
 82   5.018E-07   2.223E-06
 83   1.659E-05   1.106E-04
 84   2.983E-06   7.774E-07
 85   1.311E-06   2.275E-06
 86   1.640E-06   4.088E-06
 87   1.912E-06   5.914E-06
 88   2.237E-06   7.301E-06
 89   2.381E-06   8.122E-06
 90   2.753E-06   8.551E-06
 91   3.210E-06   8.606E-06
 92   3.348E-06   8.633E-06
 93   3.320E-06   8.707E-06
 94   3.377E-06   8.585E-06
 95   3.431E-06   8.242E-06
 96   3.385E-06   7.532E-06
 97   3.285E-06   6.602E-06
 98   3.139E-06   5.912E-06
 99   2.977E-06   5.226E-06
100   2.760E-06   3.993E-06
101   2.685E-08   7.457E-08
 NST=     9

  J  RHR Solar (K/s)  RHR Thermal (K/s)
  1   0.000E+00   0.000E+00
  2   1.922E-03   1.763E-03
  3   1.572E-03   1.738E-03
  4   1.265E-03   3.211E-03
  5   1.000E-03   3.898E-04
  6   7.771E-04   1.793E-03
  7   5.874E-04   8.162E-04
  8   4.276E-04   6.488E-04
  9   2.974E-04   4.565E-04
 10   1.966E-04   3.961E-04
 11   1.237E-04   3.377E-04
 12   7.536E-05   2.881E-04
 13   4.624E-05   2.543E-04
 14   3.062E-05   2.284E-04
 15   2.327E-05   1.976E-04
 16   2.020E-05   1.729E-04
 17   1.891E-05   1.451E-04
 18   1.818E-05   1.182E-04
 19   1.754E-05   9.274E-05
 20   1.685E-05   7.081E-05
 21   1.611E-05   5.334E-05
 22   1.533E-05   4.106E-05
 23   1.457E-05   3.340E-05
 24   1.393E-05   2.930E-05
 25   1.333E-05   2.748E-05
 26   1.278E-05   2.687E-05
 27   1.230E-05   2.683E-05
 28   1.189E-05   2.704E-05
 29   1.156E-05   2.737E-05
 30   1.131E-05   2.777E-05
 31   1.113E-05   2.820E-05
 32   1.103E-05   2.858E-05
 33   1.098E-05   2.886E-05
 34   1.096E-05   2.894E-05
 35   1.096E-05   2.872E-05
 36   1.107E-05   2.826E-05
 37   1.108E-05   2.737E-05
 38   1.098E-05   2.614E-05
 39   1.081E-05   2.474E-05
 40   1.063E-05   2.343E-05
 41   1.052E-05   2.237E-05
 42   1.051E-05   2.160E-05
 43   1.057E-05   2.098E-05
 44   1.062E-05   2.043E-05
 45   1.061E-05   1.996E-05
 46   1.051E-05   1.967E-05
 47   1.032E-05   1.962E-05
 48   1.002E-05   1.978E-05
 49   9.599E-06   1.997E-05
 50   9.008E-06   1.970E-05
 51   8.260E-06   1.928E-05
 52   7.417E-06   1.864E-05
 53   6.585E-06   1.779E-05
 54   5.870E-06   1.683E-05
 55   5.334E-06   1.586E-05
 56   4.970E-06   1.501E-05
 57   4.715E-06   1.432E-05
 58   4.483E-06   1.377E-05
 59   4.208E-06   1.331E-05
 60   3.863E-06   1.287E-05
 61   3.455E-06   1.240E-05
 62   3.015E-06   1.186E-05
 63   2.587E-06   1.121E-05
 64   2.209E-06   1.044E-05
 65   1.908E-06   9.589E-06
 66   1.678E-06   8.685E-06
 67   1.494E-06   7.737E-06
 68   1.367E-06   6.999E-06
 69   1.276E-06   6.451E-06
 70   1.207E-06   6.041E-06
 71   1.154E-06   5.703E-06
 72   1.112E-06   5.386E-06
 73   1.080E-06   5.064E-06
 74   1.053E-06   4.731E-06
 75   1.028E-06   4.396E-06
 76   1.003E-06   4.070E-06
 77   9.770E-07   3.762E-06
 78   9.491E-07   3.473E-06
 79   9.205E-07   3.199E-06
 80   8.928E-07   2.928E-06
 81   4.933E-07   2.160E-06
 82   5.029E-07   2.257E-06
 83   1.649E-05   1.104E-04
 84   3.029E-06   8.938E-07
 85   1.310E-06   2.210E-06
 86   1.615E-06   4.007E-06
 87   1.898E-06   5.836E-06
 88   2.232E-06   7.240E-06
 89   2.347E-06   8.074E-06
 90   2.742E-06   8.521E-06
 91   3.186E-06   8.584E-06
 92   3.338E-06   8.605E-06
 93   3.308E-06   8.678E-06
 94   3.362E-06   8.565E-06
 95   3.416E-06   8.230E-06
 96   3.376E-06   7.535E-06
 97   3.269E-06   6.614E-06
 98   3.137E-06   5.915E-06
 99   2.977E-06   5.209E-06
100   2.764E-06   3.973E-06
101   2.686E-08   7.399E-08
 NST=    10

  J  RHR Solar (K/s)  RHR Thermal (K/s)
  1   0.000E+00   0.000E+00
  2   1.923E-03   2.799E-03
  3   1.571E-03   2.651E-03
  4   1.263E-03   3.096E-03
  5   1.001E-03   2.919E-03
  6   7.776E-04   1.037E-03
  7   5.875E-04   6.315E-04
  8   4.277E-04   5.234E-04
  9   2.974E-04   4.720E-04
 10   1.966E-04   3.979E-04
 11   1.238E-04   3.333E-04
 12   7.537E-05   2.922E-04
 13   4.624E-05   2.560E-04
 14   3.062E-05   2.239E-04
 15   2.327E-05   1.973E-04
 16   2.019E-05   1.706E-04
 17   1.891E-05   1.442E-04
 18   1.818E-05   1.173E-04
 19   1.753E-05   9.259E-05
 20   1.685E-05   7.065E-05
 21   1.611E-05   5.342E-05
 22   1.532E-05   4.117E-05
 23   1.457E-05   3.352E-05
 24   1.393E-05   2.939E-05
 25   1.333E-05   2.752E-05
 26   1.278E-05   2.689E-05
 27   1.230E-05   2.683E-05
 28   1.189E-05   2.703E-05
 29   1.156E-05   2.736E-05
 30   1.131E-05   2.776E-05
 31   1.113E-05   2.818E-05
 32   1.103E-05   2.857E-05
 33   1.098E-05   2.885E-05
 34   1.096E-05   2.892E-05
 35   1.096E-05   2.871E-05
 36   1.107E-05   2.825E-05
 37   1.108E-05   2.736E-05
 38   1.098E-05   2.613E-05
 39   1.081E-05   2.473E-05
 40   1.063E-05   2.342E-05
 41   1.052E-05   2.237E-05
 42   1.051E-05   2.159E-05
 43   1.057E-05   2.098E-05
 44   1.062E-05   2.043E-05
 45   1.061E-05   1.996E-05
 46   1.051E-05   1.967E-05
 47   1.032E-05   1.962E-05
 48   1.002E-05   1.977E-05
 49   9.599E-06   1.997E-05
 50   9.007E-06   1.970E-05
 51   8.260E-06   1.927E-05
 52   7.417E-06   1.863E-05
 53   6.585E-06   1.779E-05
 54   5.870E-06   1.682E-05
 55   5.334E-06   1.586E-05
 56   4.970E-06   1.500E-05
 57   4.715E-06   1.431E-05
 58   4.483E-06   1.377E-05
 59   4.208E-06   1.330E-05
 60   3.863E-06   1.286E-05
 61   3.455E-06   1.239E-05
 62   3.015E-06   1.186E-05
 63   2.587E-06   1.121E-05
 64   2.209E-06   1.044E-05
 65   1.908E-06   9.588E-06
 66   1.678E-06   8.685E-06
 67   1.494E-06   7.736E-06
 68   1.367E-06   6.998E-06
 69   1.276E-06   6.452E-06
 70   1.207E-06   6.041E-06
 71   1.154E-06   5.704E-06
 72   1.112E-06   5.387E-06
 73   1.080E-06   5.065E-06
 74   1.053E-06   4.733E-06
 75   1.028E-06   4.398E-06
 76   1.003E-06   4.072E-06
 77   9.770E-07   3.765E-06
 78   9.490E-07   3.477E-06
 79   9.204E-07   3.207E-06
 80   8.928E-07   2.943E-06
 81   4.925E-07   2.166E-06
 82   5.036E-07   2.282E-06
 83   1.641E-05   1.102E-04
 84   3.064E-06   9.816E-07
 85   1.310E-06   2.162E-06
 86   1.596E-06   3.946E-06
 87   1.886E-06   5.777E-06
 88   2.229E-06   7.194E-06
 89   2.332E-06   8.038E-06
 90   2.729E-06   8.497E-06
 91   3.165E-06   8.567E-06
 92   3.332E-06   8.584E-06
 93   3.299E-06   8.656E-06
 94   3.350E-06   8.550E-06
 95   3.404E-06   8.221E-06
 96   3.370E-06   7.537E-06
 97   3.254E-06   6.622E-06
 98   3.138E-06   5.917E-06
 99   2.975E-06   5.195E-06
100   2.767E-06   3.957E-06
101   2.687E-08   7.356E-08
 NST=    11

  J  RHR Solar (K/s)  RHR Thermal (K/s)
  1   0.000E+00   0.000E+00
  2   1.922E-03   1.723E-03
  3   1.569E-03   9.223E-04
  4   1.262E-03   1.421E-03
  5   9.999E-04   1.374E-03
  6   7.782E-04   9.848E-04
  7   5.883E-04   9.118E-04
  8   4.281E-04   5.778E-04
  9   2.976E-04   4.982E-04
 10   1.967E-04   4.001E-04
 11   1.238E-04   3.359E-04
 12   7.540E-05   2.888E-04
 13   4.626E-05   2.559E-04
 14   3.063E-05   2.249E-04
 15   2.326E-05   1.959E-04
 16   2.019E-05   1.703E-04
 17   1.890E-05   1.437E-04
 18   1.817E-05   1.172E-04
 19   1.753E-05   9.240E-05
 20   1.684E-05   7.073E-05
 21   1.610E-05   5.364E-05
 22   1.532E-05   4.139E-05
 23   1.456E-05   3.369E-05
 24   1.393E-05   2.949E-05
 25   1.333E-05   2.757E-05
 26   1.278E-05   2.690E-05
 27   1.230E-05   2.682E-05
 28   1.189E-05   2.702E-05
 29   1.155E-05   2.735E-05
 30   1.130E-05   2.774E-05
 31   1.113E-05   2.817E-05
 32   1.103E-05   2.855E-05
 33   1.098E-05   2.883E-05
 34   1.096E-05   2.890E-05
 35   1.096E-05   2.869E-05
 36   1.107E-05   2.823E-05
 37   1.108E-05   2.735E-05
 38   1.098E-05   2.611E-05
 39   1.081E-05   2.472E-05
 40   1.063E-05   2.341E-05
 41   1.052E-05   2.236E-05
 42   1.051E-05   2.158E-05
 43   1.057E-05   2.097E-05
 44   1.062E-05   2.042E-05
 45   1.061E-05   1.995E-05
 46   1.051E-05   1.966E-05
 47   1.032E-05   1.961E-05
 48   1.002E-05   1.976E-05
 49   9.597E-06   1.996E-05
 50   9.005E-06   1.969E-05
 51   8.258E-06   1.926E-05
 52   7.415E-06   1.862E-05
 53   6.582E-06   1.778E-05
 54   5.867E-06   1.681E-05
 55   5.331E-06   1.585E-05
 56   4.968E-06   1.499E-05
 57   4.712E-06   1.430E-05
 58   4.480E-06   1.375E-05
 59   4.205E-06   1.329E-05
 60   3.860E-06   1.285E-05
 61   3.452E-06   1.238E-05
 62   3.012E-06   1.184E-05
 63   2.583E-06   1.119E-05
 64   2.206E-06   1.042E-05
 65   1.904E-06   9.571E-06
 66   1.674E-06   8.666E-06
 67   1.490E-06   7.716E-06
 68   1.363E-06   6.977E-06
 69   1.272E-06   6.428E-06
 70   1.203E-06   6.016E-06
 71   1.149E-06   5.676E-06
 72   1.107E-06   5.356E-06
 73   1.074E-06   5.031E-06
 74   1.047E-06   4.694E-06
 75   1.022E-06   4.353E-06
 76   9.965E-07   4.021E-06
 77   9.696E-07   3.705E-06
 78   9.410E-07   3.407E-06
 79   9.116E-07   3.122E-06
 80   8.829E-07   2.835E-06
 81   8.567E-07   2.492E-06
 82   4.529E-07   1.405E-06
 83   8.094E-07   1.787E-06
 84   1.605E-05   1.065E-04
 85   2.559E-06   1.714E-06
 86   1.838E-06   3.820E-06
 87   2.004E-06   5.673E-06
 88   2.316E-06   7.120E-06
 89   2.368E-06   7.989E-06
 90   2.748E-06   8.468E-06
 91   3.173E-06   8.550E-06
 92   3.345E-06   8.566E-06
 93   3.297E-06   8.639E-06
 94   3.344E-06   8.539E-06
 95   3.397E-06   8.215E-06
 96   3.368E-06   7.540E-06
 97   3.243E-06   6.630E-06
 98   3.142E-06   5.920E-06
 99   2.974E-06   5.184E-06
100   2.769E-06   3.946E-06
101   2.689E-08   7.325E-08
 NST=    12

  J  RHR Solar (K/s)  RHR Thermal (K/s)
  1   0.000E+00   0.000E+00
  2   1.922E-03   3.235E-03
  3   1.569E-03   1.634E-03
  4   1.262E-03   1.964E-03
  5   9.998E-04   2.489E-04
  6   7.781E-04   8.535E-04
  7   5.882E-04   9.218E-04
  8   4.281E-04   5.218E-04
  9   2.976E-04   4.871E-04
 10   1.967E-04   3.936E-04
 11   1.238E-04   3.353E-04
 12   7.541E-05   2.878E-04
 13   4.627E-05   2.527E-04
 14   3.063E-05   2.209E-04
 15   2.326E-05   1.929E-04
 16   2.018E-05   1.668E-04
 17   1.889E-05   1.422E-04
 18   1.816E-05   1.163E-04
 19   1.752E-05   9.187E-05
 20   1.684E-05   7.069E-05
 21   1.610E-05   5.374E-05
 22   1.532E-05   4.158E-05
 23   1.457E-05   3.385E-05
 24   1.393E-05   2.959E-05
 25   1.333E-05   2.762E-05
 26   1.278E-05   2.692E-05
 27   1.230E-05   2.682E-05
 28   1.189E-05   2.701E-05
 29   1.156E-05   2.733E-05
 30   1.131E-05   2.773E-05
 31   1.113E-05   2.815E-05
 32   1.103E-05   2.853E-05
 33   1.098E-05   2.881E-05
 34   1.096E-05   2.888E-05
 35   1.096E-05   2.867E-05
 36   1.107E-05   2.821E-05
 37   1.108E-05   2.733E-05
 38   1.098E-05   2.610E-05
 39   1.081E-05   2.470E-05
 40   1.063E-05   2.340E-05
 41   1.052E-05   2.235E-05
 42   1.051E-05   2.158E-05
 43   1.057E-05   2.096E-05
 44   1.062E-05   2.042E-05
 45   1.061E-05   1.994E-05
 46   1.051E-05   1.965E-05
 47   1.032E-05   1.961E-05
 48   1.002E-05   1.976E-05
 49   9.600E-06   1.995E-05
 50   9.008E-06   1.968E-05
 51   8.261E-06   1.926E-05
 52   7.418E-06   1.862E-05
 53   6.586E-06   1.777E-05
 54   5.871E-06   1.681E-05
 55   5.335E-06   1.584E-05
 56   4.972E-06   1.499E-05
 57   4.716E-06   1.430E-05
 58   4.484E-06   1.376E-05
 59   4.210E-06   1.329E-05
 60   3.865E-06   1.285E-05
 61   3.457E-06   1.238E-05
 62   3.018E-06   1.185E-05
 63   2.590E-06   1.120E-05
 64   2.213E-06   1.043E-05
 65   1.911E-06   9.583E-06
 66   1.682E-06   8.680E-06
 67   1.498E-06   7.733E-06
 68   1.371E-06   6.995E-06
 69   1.280E-06   6.449E-06
 70   1.212E-06   6.040E-06
 71   1.159E-06   5.702E-06
 72   1.117E-06   5.386E-06
 73   1.085E-06   5.064E-06
 74   1.059E-06   4.731E-06
 75   1.035E-06   4.396E-06
 76   1.010E-06   4.069E-06
 77   9.847E-07   3.760E-06
 78   9.574E-07   3.472E-06
 79   9.296E-07   3.201E-06
 80   9.029E-07   2.928E-06
 81   4.914E-07   2.116E-06
 82   4.959E-07   2.181E-06
 83   1.648E-05   1.113E-04
 84   2.431E-06   1.037E-06
 85   1.161E-06   1.513E-06
 86   1.466E-06   3.709E-06
 87   1.787E-06   5.562E-06
 88   2.175E-06   7.032E-06
 89   2.284E-06   7.920E-06
 90   2.669E-06   8.422E-06
 91   3.089E-06   8.518E-06
 92   3.311E-06   8.528E-06
 93   3.271E-06   8.599E-06
 94   3.319E-06   8.511E-06
 95   3.364E-06   8.198E-06
 96   3.356E-06   7.544E-06
 97   3.205E-06   6.646E-06
 98   3.146E-06   5.923E-06
 99   2.966E-06   5.145E-06
100   2.775E-06   3.922E-06
101   2.688E-08   7.248E-08
 NST=    13

  J  RHR Solar (K/s)  RHR Thermal (K/s)
  1   0.000E+00   0.000E+00
  2   1.918E-03   2.231E-03
  3   1.568E-03   1.192E-03
  4   1.262E-03   2.102E-03
  5   1.001E-03   1.275E-03
  6   7.786E-04   1.687E-04
  7   5.882E-04   7.419E-04
  8   4.281E-04   5.875E-04
  9   2.977E-04   4.609E-04
 10   1.967E-04   4.011E-04
 11   1.239E-04   3.325E-04
 12   7.544E-05   2.816E-04
 13   4.628E-05   2.448E-04
 14   3.063E-05   2.179E-04
 15   2.326E-05   1.900E-04
 16   2.017E-05   1.663E-04
 17   1.888E-05   1.403E-04
 18   1.815E-05   1.156E-04
 19   1.751E-05   9.187E-05
 20   1.683E-05   7.089E-05
 21   1.610E-05   5.408E-05
 22   1.532E-05   4.189E-05
 23   1.456E-05   3.408E-05
 24   1.393E-05   2.972E-05
 25   1.333E-05   2.768E-05
 26   1.278E-05   2.693E-05
 27   1.230E-05   2.681E-05
 28   1.189E-05   2.699E-05
 29   1.155E-05   2.731E-05
 30   1.130E-05   2.770E-05
 31   1.113E-05   2.812E-05
 32   1.103E-05   2.850E-05
 33   1.098E-05   2.878E-05
 34   1.096E-05   2.885E-05
 35   1.096E-05   2.864E-05
 36   1.107E-05   2.818E-05
 37   1.108E-05   2.730E-05
 38   1.098E-05   2.607E-05
 39   1.081E-05   2.468E-05
 40   1.063E-05   2.338E-05
 41   1.052E-05   2.233E-05
 42   1.051E-05   2.156E-05
 43   1.057E-05   2.095E-05
 44   1.062E-05   2.041E-05
 45   1.061E-05   1.994E-05
 46   1.051E-05   1.964E-05
 47   1.032E-05   1.960E-05
 48   1.002E-05   1.975E-05
 49   9.598E-06   1.994E-05
 50   9.007E-06   1.967E-05
 51   8.259E-06   1.925E-05
 52   7.416E-06   1.860E-05
 53   6.584E-06   1.776E-05
 54   5.869E-06   1.680E-05
 55   5.333E-06   1.583E-05
 56   4.970E-06   1.498E-05
 57   4.714E-06   1.429E-05
 58   4.482E-06   1.375E-05
 59   4.208E-06   1.329E-05
 60   3.863E-06   1.284E-05
 61   3.455E-06   1.238E-05
 62   3.015E-06   1.184E-05
 63   2.587E-06   1.119E-05
 64   2.210E-06   1.042E-05
 65   1.908E-06   9.577E-06
 66   1.678E-06   8.675E-06
 67   1.494E-06   7.728E-06
 68   1.367E-06   6.992E-06
 69   1.276E-06   6.446E-06
 70   1.207E-06   6.036E-06
 71   1.154E-06   5.699E-06
 72   1.112E-06   5.382E-06
 73   1.079E-06   5.060E-06
 74   1.052E-06   4.727E-06
 75   1.028E-06   4.391E-06
 76   1.003E-06   4.063E-06
 77   9.768E-07   3.754E-06
 78   9.488E-07   3.465E-06
 79   9.202E-07   3.192E-06
 80   8.925E-07   2.915E-06
 81   4.877E-07   2.073E-06
 82   4.897E-07   2.128E-06
 83   1.622E-05   1.118E-04
 84   3.214E-06   6.717E-07
 85   1.298E-06   1.476E-06
 86   1.518E-06   3.670E-06
 87   1.831E-06   5.525E-06
 88   2.221E-06   7.003E-06
 89   2.301E-06   7.897E-06
 90   2.676E-06   8.406E-06
 91   3.087E-06   8.509E-06
 92   3.318E-06   8.517E-06
 93   3.269E-06   8.586E-06
 94   3.314E-06   8.503E-06
 95   3.354E-06   8.194E-06
 96   3.356E-06   7.546E-06
 97   3.198E-06   6.652E-06
 98   3.146E-06   5.926E-06
 99   2.965E-06   5.135E-06
100   2.776E-06   3.914E-06
101   2.689E-08   7.224E-08
 NST=    14

  J  RHR Solar (K/s)  RHR Thermal (K/s)
  1   0.000E+00   0.000E+00
  2   1.917E-03   1.658E-03
  3   1.567E-03   1.164E-03
  4   1.261E-03   2.975E-03
  5   1.001E-03   1.048E-03
  6   7.794E-04   8.946E-04
  7   5.888E-04   3.942E-04
  8   4.279E-04   5.926E-04
  9   2.976E-04   4.561E-04
 10   1.967E-04   3.704E-04
 11   1.239E-04   3.181E-04
 12   7.546E-05   2.727E-04
 13   4.630E-05   2.399E-04
 14   3.064E-05   2.106E-04
 15   2.325E-05   1.841E-04
 16   2.016E-05   1.609E-04
 17   1.887E-05   1.378E-04
 18   1.814E-05   1.144E-04
 19   1.750E-05   9.162E-05
 20   1.683E-05   7.127E-05
 21   1.609E-05   5.465E-05
 22   1.531E-05   4.240E-05
 23   1.456E-05   3.443E-05
 24   1.392E-05   2.991E-05
 25   1.332E-05   2.775E-05
 26   1.278E-05   2.694E-05
 27   1.230E-05   2.679E-05
 28   1.189E-05   2.696E-05
 29   1.155E-05   2.727E-05
 30   1.130E-05   2.766E-05
 31   1.113E-05   2.807E-05
 32   1.103E-05   2.845E-05
 33   1.098E-05   2.873E-05
 34   1.096E-05   2.880E-05
 35   1.096E-05   2.859E-05
 36   1.107E-05   2.814E-05
 37   1.108E-05   2.726E-05
 38   1.098E-05   2.604E-05
 39   1.081E-05   2.466E-05
 40   1.063E-05   2.335E-05
 41   1.052E-05   2.231E-05
 42   1.051E-05   2.155E-05
 43   1.057E-05   2.094E-05
 44   1.062E-05   2.039E-05
 45   1.061E-05   1.992E-05
 46   1.051E-05   1.963E-05
 47   1.032E-05   1.958E-05
 48   1.002E-05   1.973E-05
 49   9.598E-06   1.992E-05
 50   9.006E-06   1.965E-05
 51   8.259E-06   1.923E-05
 52   7.416E-06   1.858E-05
 53   6.583E-06   1.774E-05
 54   5.868E-06   1.678E-05
 55   5.333E-06   1.582E-05
 56   4.969E-06   1.497E-05
 57   4.714E-06   1.428E-05
 58   4.482E-06   1.373E-05
 59   4.208E-06   1.327E-05
 60   3.863E-06   1.283E-05
 61   3.455E-06   1.237E-05
 62   3.015E-06   1.183E-05
 63   2.587E-06   1.118E-05
 64   2.210E-06   1.042E-05
 65   1.908E-06   9.570E-06
 66   1.678E-06   8.670E-06
 67   1.494E-06   7.724E-06
 68   1.367E-06   6.988E-06
 69   1.276E-06   6.443E-06
 70   1.207E-06   6.033E-06
 71   1.154E-06   5.696E-06
 72   1.112E-06   5.380E-06
 73   1.079E-06   5.058E-06
 74   1.052E-06   4.724E-06
 75   1.028E-06   4.388E-06
 76   1.003E-06   4.061E-06
 77   9.767E-07   3.751E-06
 78   9.487E-07   3.462E-06
 79   9.201E-07   3.188E-06
 80   8.924E-07   2.912E-06
 81   4.848E-07   2.046E-06
 82   4.859E-07   2.105E-06
 83   1.620E-05   1.120E-04
 84   3.230E-06   7.339E-07
 85   1.299E-06   1.457E-06
 86   1.512E-06   3.649E-06
 87   1.825E-06   5.503E-06
 88   2.222E-06   6.986E-06
 89   2.298E-06   7.884E-06
 90   2.671E-06   8.398E-06
 91   3.078E-06   8.503E-06
 92   3.317E-06   8.510E-06
 93   3.266E-06   8.579E-06
 94   3.310E-06   8.498E-06
 95   3.346E-06   8.190E-06
 96   3.356E-06   7.547E-06
 97   3.194E-06   6.655E-06
 98   3.146E-06   5.927E-06
 99   2.965E-06   5.129E-06
100   2.777E-06   3.909E-06
101   2.689E-08   7.210E-08
 NST=    15

  J  RHR Solar (K/s)  RHR Thermal (K/s)
  1   0.000E+00   0.000E+00
  2   1.918E-03   1.902E-03
  3   1.570E-03   1.077E-04
  4   1.260E-03   9.283E-04
  5   9.993E-04   1.519E-03
  6   7.791E-04   8.359E-04
  7   5.891E-04   4.703E-04
  8   4.279E-04   6.187E-04
  9   2.973E-04   4.578E-04
 10   1.966E-04   3.967E-04
 11   1.238E-04   3.103E-04
 12   7.545E-05   2.665E-04
 13   4.630E-05   2.305E-04
 14   3.064E-05   2.028E-04
 15   2.324E-05   1.794E-04
 16   2.015E-05   1.565E-04
 17   1.886E-05   1.354E-04
 18   1.813E-05   1.128E-04
 19   1.749E-05   9.125E-05
 20   1.682E-05   7.151E-05
 21   1.609E-05   5.505E-05
 22   1.531E-05   4.285E-05
 23   1.456E-05   3.475E-05
 24   1.392E-05   3.008E-05
 25   1.332E-05   2.783E-05
 26   1.278E-05   2.695E-05
 27   1.229E-05   2.678E-05
 28   1.188E-05   2.692E-05
 29   1.155E-05   2.723E-05
 30   1.130E-05   2.761E-05
 31   1.113E-05   2.803E-05
 32   1.102E-05   2.840E-05
 33   1.097E-05   2.868E-05
 34   1.096E-05   2.875E-05
 35   1.096E-05   2.854E-05
 36   1.106E-05   2.809E-05
 37   1.108E-05   2.722E-05
 38   1.098E-05   2.600E-05
 39   1.081E-05   2.463E-05
 40   1.063E-05   2.333E-05
 41   1.052E-05   2.229E-05
 42   1.051E-05   2.153E-05
 43   1.057E-05   2.092E-05
 44   1.062E-05   2.038E-05
 45   1.061E-05   1.991E-05
 46   1.051E-05   1.962E-05
 47   1.032E-05   1.957E-05
 48   1.002E-05   1.972E-05
 49   9.597E-06   1.990E-05
 50   9.006E-06   1.963E-05
 51   8.258E-06   1.921E-05
 52   7.415E-06   1.856E-05
 53   6.583E-06   1.772E-05
 54   5.868E-06   1.676E-05
 55   5.332E-06   1.580E-05
 56   4.969E-06   1.495E-05
 57   4.714E-06   1.427E-05
 58   4.482E-06   1.372E-05
 59   4.208E-06   1.326E-05
 60   3.863E-06   1.282E-05
 61   3.455E-06   1.235E-05
 62   3.016E-06   1.182E-05
 63   2.587E-06   1.117E-05
 64   2.210E-06   1.041E-05
 65   1.909E-06   9.563E-06
 66   1.678E-06   8.664E-06
 67   1.494E-06   7.720E-06
 68   1.367E-06   6.985E-06
 69   1.276E-06   6.440E-06
 70   1.207E-06   6.031E-06
 71   1.154E-06   5.694E-06
 72   1.112E-06   5.378E-06
 73   1.079E-06   5.056E-06
 74   1.052E-06   4.722E-06
 75   1.028E-06   4.386E-06
 76   1.003E-06   4.058E-06
 77   9.767E-07   3.748E-06
 78   9.487E-07   3.459E-06
 79   9.201E-07   3.185E-06
 80   8.924E-07   2.914E-06
 81   4.820E-07   2.024E-06
 82   4.830E-07   2.088E-06
 83   1.618E-05   1.122E-04
 84   3.240E-06   7.829E-07
 85   1.299E-06   1.441E-06
 86   1.505E-06   3.630E-06
 87   1.820E-06   5.485E-06
 88   2.223E-06   6.971E-06
 89   2.296E-06   7.873E-06
 90   2.666E-06   8.390E-06
 91   3.071E-06   8.498E-06
 92   3.316E-06   8.504E-06
 93   3.264E-06   8.573E-06
 94   3.307E-06   8.494E-06
 95   3.340E-06   8.188E-06
 96   3.357E-06   7.548E-06
 97   3.191E-06   6.657E-06
 98   3.145E-06   5.928E-06
 99   2.964E-06   5.124E-06
100   2.777E-06   3.905E-06
101   2.689E-08   7.198E-08
 NST=    16

  J  RHR Solar (K/s)  RHR Thermal (K/s)
  1   0.000E+00   0.000E+00
  2   1.918E-03   2.442E-03
  3   1.570E-03   1.553E-03
  4   1.261E-03   3.413E-04
  5   9.994E-04   7.960E-04
  6   7.786E-04   4.896E-04
  7   5.891E-04   9.256E-04
  8   4.280E-04   5.908E-04
  9   2.973E-04   5.372E-04
 10   1.965E-04   3.787E-04
 11   1.238E-04   3.035E-04
 12   7.544E-05   2.621E-04
 13   4.630E-05   2.260E-04
 14   3.063E-05   1.961E-04
 15   2.324E-05   1.759E-04
 16   2.014E-05   1.542E-04
 17   1.885E-05   1.329E-04
 18   1.812E-05   1.115E-04
 19   1.749E-05   9.056E-05
 20   1.681E-05   7.125E-05
 21   1.608E-05   5.505E-05
 22   1.531E-05   4.295E-05
 23   1.455E-05   3.486E-05
 24   1.392E-05   3.018E-05
 25   1.332E-05   2.787E-05
 26   1.278E-05   2.697E-05
 27   1.229E-05   2.677E-05
 28   1.188E-05   2.691E-05
 29   1.155E-05   2.721E-05
 30   1.130E-05   2.759E-05
 31   1.113E-05   2.800E-05
 32   1.102E-05   2.838E-05
 33   1.097E-05   2.865E-05
 34   1.096E-05   2.873E-05
 35   1.096E-05   2.852E-05
 36   1.106E-05   2.807E-05
 37   1.108E-05   2.720E-05
 38   1.098E-05   2.598E-05
 39   1.081E-05   2.461E-05
 40   1.063E-05   2.332E-05
 41   1.052E-05   2.228E-05
 42   1.051E-05   2.152E-05
 43   1.057E-05   2.091E-05
 44   1.062E-05   2.037E-05
 45   1.061E-05   1.990E-05
 46   1.051E-05   1.961E-05
 47   1.032E-05   1.956E-05
 48   1.002E-05   1.971E-05
 49   9.597E-06   1.989E-05
 50   9.005E-06   1.963E-05
 51   8.258E-06   1.920E-05
 52   7.415E-06   1.856E-05
 53   6.582E-06   1.771E-05
 54   5.868E-06   1.676E-05
 55   5.332E-06   1.580E-05
 56   4.969E-06   1.495E-05
 57   4.713E-06   1.426E-05
 58   4.482E-06   1.372E-05
 59   4.208E-06   1.326E-05
 60   3.864E-06   1.282E-05
 61   3.456E-06   1.235E-05
 62   3.016E-06   1.181E-05
 63   2.588E-06   1.117E-05
 64   2.210E-06   1.040E-05
 65   1.909E-06   9.560E-06
 66   1.678E-06   8.661E-06
 67   1.494E-06   7.717E-06
 68   1.367E-06   6.983E-06
 69   1.276E-06   6.438E-06
 70   1.207E-06   6.029E-06
 71   1.154E-06   5.693E-06
 72   1.112E-06   5.377E-06
 73   1.079E-06   5.054E-06
 74   1.052E-06   4.721E-06
 75   1.028E-06   4.384E-06
 76   1.003E-06   4.056E-06
 77   9.767E-07   3.746E-06
 78   9.487E-07   3.456E-06
 79   9.201E-07   3.184E-06
 80   8.924E-07   2.921E-06
 81   4.793E-07   2.002E-06
 82   4.806E-07   2.073E-06
 83   1.617E-05   1.123E-04
 84   3.248E-06   8.216E-07
 85   1.299E-06   1.428E-06
 86   1.499E-06   3.615E-06
 87   1.815E-06   5.470E-06
 88   2.223E-06   6.960E-06
 89   2.294E-06   7.863E-06
 90   2.662E-06   8.384E-06
 91   3.064E-06   8.494E-06
 92   3.315E-06   8.499E-06
 93   3.262E-06   8.567E-06
 94   3.304E-06   8.490E-06
 95   3.333E-06   8.185E-06
 96   3.358E-06   7.548E-06
 97   3.190E-06   6.659E-06
 98   3.144E-06   5.929E-06
 99   2.963E-06   5.120E-06
100   2.778E-06   3.902E-06
101   2.689E-08   7.188E-08
 NST=    17

  J  RHR Solar (K/s)  RHR Thermal (K/s)
  1   0.000E+00   0.000E+00
  2   1.917E-03   1.954E-03
  3   1.568E-03   1.651E-03
  4   1.262E-03   1.156E-03
  5   1.000E-03   1.324E-03
  6   7.787E-04   1.016E-03
  7   5.888E-04   7.201E-04
  8   4.279E-04   6.186E-04
  9   2.973E-04   4.351E-04
 10   1.965E-04   4.038E-04
 11   1.238E-04   3.075E-04
 12   7.545E-05   2.583E-04
 13   4.630E-05   2.216E-04
 14   3.063E-05   1.970E-04
 15   2.323E-05   1.725E-04
 16   2.013E-05   1.515E-04
 17   1.884E-05   1.307E-04
 18   1.812E-05   1.103E-04
 19   1.748E-05   9.002E-05
 20   1.681E-05   7.097E-05
 21   1.608E-05   5.506E-05
 22   1.530E-05   4.306E-05
 23   1.455E-05   3.497E-05
 24   1.392E-05   3.026E-05
 25   1.332E-05   2.792E-05
 26   1.277E-05   2.698E-05
 27   1.229E-05   2.677E-05
 28   1.188E-05   2.690E-05
 29   1.155E-05   2.719E-05
 30   1.130E-05   2.758E-05
 31   1.113E-05   2.798E-05
 32   1.102E-05   2.836E-05
 33   1.097E-05   2.863E-05
 34   1.096E-05   2.871E-05
 35   1.096E-05   2.850E-05
 36   1.106E-05   2.805E-05
 37   1.108E-05   2.718E-05
 38   1.098E-05   2.597E-05
 39   1.081E-05   2.459E-05
 40   1.063E-05   2.330E-05
 41   1.052E-05   2.227E-05
 42   1.051E-05   2.151E-05
 43   1.057E-05   2.091E-05
 44   1.062E-05   2.036E-05
 45   1.061E-05   1.990E-05
 46   1.051E-05   1.960E-05
 47   1.032E-05   1.955E-05
 48   1.002E-05   1.970E-05
 49   9.597E-06   1.989E-05
 50   9.005E-06   1.962E-05
 51   8.258E-06   1.919E-05
 52   7.415E-06   1.855E-05
 53   6.582E-06   1.771E-05
 54   5.867E-06   1.675E-05
 55   5.332E-06   1.579E-05
 56   4.968E-06   1.494E-05
 57   4.713E-06   1.425E-05
 58   4.482E-06   1.371E-05
 59   4.208E-06   1.325E-05
 60   3.864E-06   1.281E-05
 61   3.456E-06   1.234E-05
 62   3.016E-06   1.181E-05
 63   2.588E-06   1.116E-05
 64   2.210E-06   1.040E-05
 65   1.909E-06   9.556E-06
 66   1.678E-06   8.658E-06
 67   1.494E-06   7.715E-06
 68   1.367E-06   6.981E-06
 69   1.276E-06   6.436E-06
 70   1.207E-06   6.028E-06
 71   1.154E-06   5.691E-06
 72   1.112E-06   5.375E-06
 73   1.079E-06   5.053E-06
 74   1.052E-06   4.719E-06
 75   1.028E-06   4.383E-06
 76   1.003E-06   4.054E-06
 77   9.767E-07   3.744E-06
 78   9.487E-07   3.454E-06
 79   9.201E-07   3.184E-06
 80   8.924E-07   2.928E-06
 81   4.769E-07   1.981E-06
 82   4.786E-07   2.060E-06
 83   1.616E-05   1.124E-04
 84   3.255E-06   8.528E-07
 85   1.299E-06   1.417E-06
 86   1.494E-06   3.603E-06
 87   1.810E-06   5.458E-06
 88   2.224E-06   6.950E-06
 89   2.293E-06   7.856E-06
 90   2.659E-06   8.378E-06
 91   3.059E-06   8.490E-06
 92   3.314E-06   8.495E-06
 93   3.260E-06   8.563E-06
 94   3.302E-06   8.486E-06
 95   3.328E-06   8.183E-06
 96   3.359E-06   7.547E-06
 97   3.189E-06   6.660E-06
 98   3.143E-06   5.929E-06
 99   2.963E-06   5.116E-06
100   2.778E-06   3.899E-06
101   2.689E-08   7.180E-08
 NST=    18

  J  RHR Solar (K/s)  RHR Thermal (K/s)
  1   0.000E+00   0.000E+00
  2   1.917E-03   1.462E-03
  3   1.568E-03   1.371E-03
  4   1.262E-03   2.148E-03
  5   1.001E-03   1.261E-03
  6   7.786E-04   6.103E-04
  7   5.886E-04   1.219E-03
  8   4.280E-04   5.632E-04
  9   2.974E-04   3.811E-04
 10   1.966E-04   3.628E-04
 11   1.238E-04   2.902E-04
 12   7.547E-05   2.552E-04
 13   4.632E-05   2.163E-04
 14   3.064E-05   1.929E-04
 15   2.323E-05   1.702E-04
 16   2.013E-05   1.493E-04
 17   1.883E-05   1.302E-04
 18   1.811E-05   1.095E-04
 19   1.747E-05   8.963E-05
 20   1.680E-05   7.092E-05
 21   1.607E-05   5.523E-05
 22   1.530E-05   4.329E-05
 23   1.455E-05   3.517E-05
 24   1.392E-05   3.038E-05
 25   1.332E-05   2.798E-05
 26   1.277E-05   2.700E-05
 27   1.229E-05   2.676E-05
 28   1.188E-05   2.688E-05
 29   1.155E-05   2.717E-05
 30   1.130E-05   2.754E-05
 31   1.112E-05   2.795E-05
 32   1.102E-05   2.833E-05
 33   1.097E-05   2.860E-05
 34   1.096E-05   2.867E-05
 35   1.096E-05   2.847E-05
 36   1.106E-05   2.802E-05
 37   1.108E-05   2.715E-05
 38   1.098E-05   2.594E-05
 39   1.081E-05   2.457E-05
 40   1.063E-05   2.328E-05
 41   1.052E-05   2.225E-05
 42   1.051E-05   2.149E-05
 43   1.057E-05   2.089E-05
 44   1.062E-05   2.035E-05
 45   1.061E-05   1.989E-05
 46   1.051E-05   1.959E-05
 47   1.031E-05   1.954E-05
 48   1.002E-05   1.969E-05
 49   9.596E-06   1.987E-05
 50   9.005E-06   1.960E-05
 51   8.257E-06   1.918E-05
 52   7.414E-06   1.853E-05
 53   6.582E-06   1.769E-05
 54   5.867E-06   1.674E-05
 55   5.331E-06   1.578E-05
 56   4.968E-06   1.493E-05
 57   4.713E-06   1.424E-05
 58   4.482E-06   1.370E-05
 59   4.208E-06   1.324E-05
 60   3.864E-06   1.280E-05
 61   3.456E-06   1.234E-05
 62   3.016E-06   1.180E-05
 63   2.588E-06   1.116E-05
 64   2.211E-06   1.039E-05
 65   1.909E-06   9.551E-06
 66   1.678E-06   8.654E-06
 67   1.494E-06   7.712E-06
 68   1.367E-06   6.978E-06
 69   1.276E-06   6.434E-06
 70   1.207E-06   6.026E-06
 71   1.154E-06   5.689E-06
 72   1.112E-06   5.373E-06
 73   1.079E-06   5.051E-06
 74   1.052E-06   4.718E-06
 75   1.028E-06   4.381E-06
 76   1.003E-06   4.052E-06
 77   9.767E-07   3.741E-06
 78   9.487E-07   3.453E-06
 79   9.201E-07   3.186E-06
 80   8.925E-07   2.936E-06
 81   4.748E-07   1.964E-06
 82   4.770E-07   2.048E-06
 83   1.615E-05   1.124E-04
 84   3.261E-06   8.779E-07
 85   1.300E-06   1.409E-06
 86   1.490E-06   3.593E-06
 87   1.807E-06   5.448E-06
 88   2.224E-06   6.942E-06
 89   2.291E-06   7.849E-06
 90   2.656E-06   8.374E-06
 91   3.055E-06   8.487E-06
 92   3.314E-06   8.492E-06
 93   3.259E-06   8.559E-06
 94   3.300E-06   8.484E-06
 95   3.323E-06   8.181E-06
 96   3.360E-06   7.548E-06
 97   3.188E-06   6.662E-06
 98   3.142E-06   5.930E-06
 99   2.962E-06   5.113E-06
100   2.778E-06   3.897E-06
101   2.689E-08   7.174E-08
 NST=    19

  J  RHR Solar (K/s)  RHR Thermal (K/s)
  1   0.000E+00   0.000E+00
  2   1.919E-03   1.761E-03
  3   1.567E-03   1.430E-03
  4   1.260E-03   2.023E-03
  5   1.000E-03   4.622E-04
  6   7.788E-04   7.282E-04
  7   5.880E-04   5.013E-04
  8   4.279E-04   4.614E-04
  9   2.976E-04   4.700E-04
 10   1.967E-04   3.652E-04
 11   1.239E-04   2.917E-04
 12   7.553E-05   2.491E-04
 13   4.635E-05   2.165E-04
 14   3.065E-05   1.856E-04
 15   2.323E-05   1.648E-04
 16   2.011E-05   1.467E-04
 17   1.882E-05   1.273E-04
 18   1.809E-05   1.084E-04
 19   1.746E-05   8.907E-05
 20   1.679E-05   7.106E-05
 21   1.606E-05   5.571E-05
 22   1.529E-05   4.369E-05
 23   1.454E-05   3.547E-05
 24   1.391E-05   3.056E-05
 25   1.331E-05   2.805E-05
 26   1.277E-05   2.701E-05
 27   1.229E-05   2.674E-05
 28   1.188E-05   2.684E-05
 29   1.154E-05   2.713E-05
 30   1.129E-05   2.750E-05
 31   1.112E-05   2.790E-05
 32   1.102E-05   2.827E-05
 33   1.097E-05   2.854E-05
 34   1.095E-05   2.862E-05
 35   1.095E-05   2.841E-05
 36   1.106E-05   2.797E-05
 37   1.107E-05   2.711E-05
 38   1.098E-05   2.590E-05
 39   1.081E-05   2.454E-05
 40   1.063E-05   2.326E-05
 41   1.052E-05   2.223E-05
 42   1.051E-05   2.147E-05
 43   1.057E-05   2.088E-05
 44   1.062E-05   2.034E-05
 45   1.061E-05   1.987E-05
 46   1.051E-05   1.958E-05
 47   1.031E-05   1.952E-05
 48   1.002E-05   1.967E-05
 49   9.593E-06   1.985E-05
 50   9.001E-06   1.958E-05
 51   8.254E-06   1.915E-05
 52   7.411E-06   1.851E-05
 53   6.578E-06   1.767E-05
 54   5.863E-06   1.671E-05
 55   5.328E-06   1.576E-05
 56   4.964E-06   1.491E-05
 57   4.709E-06   1.422E-05
 58   4.478E-06   1.368E-05
 59   4.204E-06   1.322E-05
 60   3.860E-06   1.278E-05
 61   3.452E-06   1.231E-05
 62   3.012E-06   1.178E-05
 63   2.584E-06   1.114E-05
 64   2.206E-06   1.037E-05
 65   1.904E-06   9.529E-06
 66   1.673E-06   8.633E-06
 67   1.488E-06   7.690E-06
 68   1.361E-06   6.956E-06
 69   1.270E-06   6.410E-06
 70   1.201E-06   6.000E-06
 71   1.147E-06   5.661E-06
 72   1.105E-06   5.342E-06
 73   1.072E-06   5.017E-06
 74   1.044E-06   4.679E-06
 75   1.019E-06   4.337E-06
 76   9.938E-07   4.003E-06
 77   9.667E-07   3.685E-06
 78   9.378E-07   3.388E-06
 79   9.081E-07   3.112E-06
 80   8.791E-07   2.854E-06
 81   8.525E-07   2.596E-06
 82   8.281E-07   2.237E-06
 83   7.986E-07   2.012E-06
 84   1.570E-05   1.064E-04
 85   2.609E-06   1.144E-06
 86   1.747E-06   3.530E-06
 87   1.928E-06   5.398E-06
 88   2.317E-06   6.907E-06
 89   2.336E-06   7.828E-06
 90   2.686E-06   8.363E-06
 91   3.075E-06   8.481E-06
 92   3.332E-06   8.488E-06
 93   3.264E-06   8.556E-06
 94   3.301E-06   8.483E-06
 95   3.323E-06   8.181E-06
 96   3.362E-06   7.549E-06
 97   3.188E-06   6.664E-06
 98   3.143E-06   5.931E-06
 99   2.962E-06   5.111E-06
100   2.779E-06   3.895E-06
101   2.690E-08   7.169E-08
