T(K)  p(mbar)  mu(amu)  mean cp(kJ/kg/K)
       75.000000    0.0010000000       2.7287745       10.720750
       75.000000    0.0030000000       2.7287744       10.720750
       75.000000     0.010000000       2.7287744       10.720750
       75.000000     0.030000000       2.7287744       10.720750
       75.000000      0.10000000       2.7287744       10.720750
       75.000000      0.30000000       2.7287744       10.720750
       75.000000       1.0000000       2.7287744       10.720750
       75.000000       3.0000000       2.7287744       10.720750
       75.000000       10.000000       2.7287744       10.720750
       75.000000       30.000000       2.7287744       10.720750
       75.000000       100.00000       2.7287744       10.720750
       75.000000       300.00000       2.7287744       10.720750
       75.000000       1000.0000       2.5087466       12.031271
       75.000000       3000.0000       2.4226705       12.641617
       75.000000       10000.000       2.3922839       12.872998
       100.00000    0.0010000000       2.7447308       10.341050
       100.00000    0.0030000000       2.7340970       10.341053
       100.00000     0.010000000       2.7303724       10.341050
       100.00000     0.030000000       2.7293068       10.341053
       100.00000      0.10000000       2.7289349       10.341050
       100.00000      0.30000000       2.7288276       10.341053
       100.00000       1.0000000       2.7287912       10.341050
       100.00000       3.0000000       2.7287797       10.341053
       100.00000       10.000000       2.7287768       10.341050
       100.00000       30.000000       2.7287749       10.341053
       100.00000       100.00000       2.7287753       10.341050
       100.00000       300.00000       2.7287745       10.341053
       100.00000       1000.0000       2.7287752       10.341050
       100.00000       3000.0000       2.7287744       10.341053
       100.00000       10000.000       2.7287752       10.341050
       100.00000       30000.000       2.5329581       11.436120
       110.00000    0.0010000000       2.8358529       10.295711
       110.00000    0.0030000000       2.8358528       10.295711
       110.00000     0.010000000       2.7730031       10.295711
       110.00000     0.030000000       2.7435477       10.295711
       110.00000      0.10000000       2.7332096       10.295711
       110.00000      0.30000000       2.7302531       10.295711
       110.00000       1.0000000       2.7292180       10.295711
       110.00000       3.0000000       2.7289223       10.295711
       110.00000       10.000000       2.7288188       10.295711
       110.00000       30.000000       2.7287892       10.295711
       110.00000       100.00000       2.7287788       10.295711
       110.00000       300.00000       2.7287759       10.295711
       110.00000       1000.0000       2.7287748       10.295711
       110.00000       3000.0000       2.7287746       10.295711
       110.00000       10000.000       2.7287744       10.295711
       110.00000       30000.000       2.7287744       10.295711
       110.00000       100000.00       2.5002697       11.588949
       120.00000    0.0010000000       2.8358634       10.299828
       120.00000    0.0030000000       2.8358570       10.299824
       120.00000     0.010000000       2.8358538       10.299828
       120.00000     0.030000000       2.8358538       10.299824
       120.00000      0.10000000       2.7992330       10.299828
       120.00000      0.30000000       2.7523388       10.299824
       120.00000       1.0000000       2.7358516       10.299828
       120.00000       3.0000000       2.7311350       10.299824
       120.00000       10.000000       2.7294824       10.299828
       120.00000       30.000000       2.7290112       10.299824
       120.00000       100.00000       2.7288452       10.299828
       120.00000       300.00000       2.7287988       10.299824
       120.00000       1000.0000       2.7287815       10.299828
       120.00000       3000.0000       2.7287775       10.299824
       120.00000       10000.000       2.7287751       10.299828
       120.00000       30000.000       2.7287754       10.299824
       120.00000       100000.00       2.6462695       10.728963
       130.00000    0.0010000000       2.8362274       10.345784
       130.00000    0.0030000000       2.8359776       10.345789
       130.00000     0.010000000       2.8358902       10.345791
       130.00000     0.030000000       2.8358652       10.345791
       130.00000      0.10000000       2.8358565       10.345791
       130.00000      0.30000000       2.8358540       10.345791
       130.00000       1.0000000       2.8021902       10.345791
       130.00000       3.0000000       2.7533309       10.345791
       130.00000       10.000000       2.7361501       10.345791
       130.00000       30.000000       2.7312339       10.345791
       130.00000       100.00000       2.7295123       10.345791
       130.00000       300.00000       2.7290204       10.345791
       130.00000       1000.0000       2.7288482       10.345791
       130.00000       3000.0000       2.7287990       10.345791
       130.00000       10000.000       2.7287818       10.345791
       130.00000       30000.000       2.7287769       10.345791
       130.00000       100000.00       2.7287751       10.345791
       140.00000    0.0010000000       2.8437797       10.425755
       140.00000    0.0030000000       2.8384950       10.425911
       140.00000     0.010000000       2.8366456       10.425966
       140.00000     0.030000000       2.8361165       10.425982
       140.00000      0.10000000       2.8359320       10.425987
       140.00000      0.30000000       2.8358787       10.425989
       140.00000       1.0000000       2.8358606       10.425989
       140.00000       3.0000000       2.8358549       10.425989
       140.00000       10.000000       2.7835890       10.425989
       140.00000       30.000000       2.7470917       10.425989
       140.00000       100.00000       2.7342748       10.425989
       140.00000       300.00000       2.7306078       10.425989
       140.00000       1000.0000       2.7293246       10.425989
       140.00000       3000.0000       2.7289573       10.425989
       140.00000       10000.000       2.7288294       10.425989
       140.00000       30000.000       2.7287922       10.425989
       140.00000       100000.00       2.7287799       10.425989
       150.00000    0.0010000000       2.8786262       10.531727
       150.00000    0.0030000000       2.8725247       10.532705
       150.00000     0.010000000       2.8469484       10.532549
       150.00000     0.030000000       2.8395685       10.532684
       150.00000      0.10000000       2.8369703       10.532765
       150.00000      0.30000000       2.8362252       10.532795
       150.00000       1.0000000       2.8359645       10.532805
       150.00000       3.0000000       2.8358900       10.532808
       150.00000       10.000000       2.8358639       10.532809
       150.00000       30.000000       2.8326399       10.532809
       150.00000       100.00000       2.7600938       10.532809
       150.00000       300.00000       2.7392293       10.532809
       150.00000       1000.0000       2.7319125       10.532809
       150.00000       3000.0000       2.7298206       10.532809
       150.00000       10000.000       2.7290883       10.532809
       150.00000       30000.000       2.7288790       10.532809
       150.00000       100000.00       2.7288058       10.532809
       160.00000    0.0010000000       2.8882331       10.605254
       160.00000    0.0030000000       2.8806519       10.644573
       160.00000     0.010000000       2.8780269       10.658369
       160.00000     0.030000000       2.8714660       10.662168
       160.00000      0.10000000       2.8452993       10.663055
       160.00000      0.30000000       2.8382044       10.662261
       160.00000       1.0000000       2.8363730       10.660201
       160.00000       3.0000000       2.8360924       10.658975
       160.00000       10.000000       2.8359563       10.658654
       160.00000       30.000000       2.8358905       10.658637
       160.00000       100.00000       2.8358648       10.658635
       160.00000       300.00000       2.7766234       10.658639
       160.00000       1000.0000       2.7431634       10.658635
       160.00000       3000.0000       2.7335737       10.658639
       160.00000       10000.000       2.7302153       10.658635
       160.00000       30000.000       2.7292545       10.658639
       160.00000       100000.00       2.7289192       10.658635
       170.00000    0.0010000000       2.9862325       10.252804
       170.00000    0.0030000000       2.9134921       10.610881
       170.00000     0.010000000       2.8878655       10.743566
       170.00000     0.030000000       2.8805279       10.782220
       170.00000      0.10000000       2.8779594       10.795829
       170.00000      0.30000000       2.8628296       10.799680
       170.00000       1.0000000       2.8425186       10.800922
       170.00000       3.0000000       2.8368163       10.800976
       170.00000       10.000000       2.8351152       10.800211
       170.00000       30.000000       2.8351860       10.798463
       170.00000       100.00000       2.8357137       10.796443
       170.00000       300.00000       2.8358516       10.795910
       170.00000       1000.0000       2.7838096       10.795862
       170.00000       3000.0000       2.7471664       10.795866
       170.00000       10000.000       2.7342978       10.795862
       170.00000       30000.000       2.7306157       10.795867
       170.00000       100000.00       2.7293276       10.795862
       180.00000    0.0010000000       3.5223115       8.3487874
       180.00000    0.0030000000       3.1482115       9.6634544
       180.00000     0.010000000       2.9593669       10.516670
       180.00000     0.030000000       2.9045344       10.795948
       180.00000      0.10000000       2.8852455       10.898021
       180.00000      0.30000000       2.8797232       10.927614
       180.00000       1.0000000       2.8777929       10.938018
       180.00000       3.0000000       2.8517416       10.940970
       180.00000       10.000000       2.8392665       10.941863
       180.00000       30.000000       2.8357686       10.941941
       180.00000       100.00000       2.8348072       10.941210
       180.00000       300.00000       2.8350490       10.939597
       180.00000       1000.0000       2.8356957       10.937445
       180.00000       3000.0000       2.7894269       10.936636
       180.00000       10000.000       2.7471128       10.936537
       180.00000       30000.000       2.7349627       10.936541
       180.00000       100000.00       2.7307068       10.936537
       190.00000    0.0010000000       3.5238364       8.4429422
       190.00000    0.0030000000       3.5238388       8.4429573
       190.00000     0.010000000       3.3659547       8.9545655
       190.00000     0.030000000       3.0441210       10.240957
       190.00000      0.10000000       2.9281341       10.809315
       190.00000      0.30000000       2.8946597       10.986217
       190.00000       1.0000000       2.8829084       11.049797
       190.00000       3.0000000       2.8795482       11.068128
       190.00000       10.000000       2.8620229       11.074561
       190.00000       30.000000       2.8438453       11.076329
       190.00000       100.00000       2.8375700       11.076648
       190.00000       300.00000       2.8360310       11.076035
       190.00000       1000.0000       2.8360571       11.074180
       190.00000       3000.0000       2.8366746       11.071954
       190.00000       10000.000       2.7828113       11.070840
       190.00000       30000.000       2.7475308       11.070744
       190.00000       100000.00       2.7351254       11.070744
       200.00000    0.0010000000       3.5240992       8.5316524
       200.00000    0.0030000000       3.5241265       8.5319298
       200.00000     0.010000000       3.5241419       8.5319213
       200.00000     0.030000000       3.5241423       8.5319244
       200.00000      0.10000000       3.1298710       9.9698724
       200.00000      0.30000000       2.9629322       10.751923
       200.00000       1.0000000       2.9036134       11.062668
       200.00000       3.0000000       2.8865798       11.155493
       200.00000       10.000000       2.8806181       11.188401
       200.00000       30.000000       2.8743008       11.197804
       200.00000       100.00000       2.8468386       11.200787
       200.00000       300.00000       2.8391723       11.201106
       200.00000       1000.0000       2.8370255       11.199700
       200.00000       3000.0000       2.8370850       11.197353
       200.00000       10000.000       2.8373216       11.195916
       200.00000       30000.000       2.7764795       11.195696
       200.00000       100000.00       2.7440064       11.195669
       210.00000    0.0010000000       3.5237685       8.6058702
       210.00000    0.0030000000       3.5240967       8.6090755
       210.00000     0.010000000       3.5241268       8.6094796
       210.00000     0.030000000       3.5241307       8.6095117
       210.00000      0.10000000       3.5241286       8.6095230
       210.00000      0.30000000       3.2403955       9.6050122
       210.00000       1.0000000       2.9886067       10.725136
       210.00000       3.0000000       2.9150904       11.107474
       210.00000       10.000000       2.8891874       11.249232
       210.00000       30.000000       2.8818013       11.290496
       210.00000       100.00000       2.8792664       11.304835
       210.00000       300.00000       2.8500232       11.308360
       210.00000       1000.0000       2.8402128       11.308166
       210.00000       3000.0000       2.8380919       11.306145
       210.00000       10000.000       2.8376384       11.304572
       210.00000       30000.000       2.8218883       11.304322
       210.00000       100000.00       2.7577176       11.304333
       220.00000    0.0010000000       3.5211508       8.6479179
       220.00000    0.0030000000       3.5237181       8.6726553
       220.00000     0.010000000       3.5240966       8.6762818
       220.00000     0.030000000       3.5241237       8.6766287
       220.00000      0.10000000       3.5241293       8.6766731
       220.00000      0.30000000       3.5241441       8.6766592
       220.00000       1.0000000       3.2902570       9.4874853
       220.00000       3.0000000       3.0180020       10.666939
       220.00000       10.000000       2.9203147       11.171204
       220.00000       30.000000       2.8922009       11.326089
       220.00000       100.00000       2.8823903       11.381297
       220.00000       300.00000       2.8797783       11.396668
       220.00000       1000.0000       2.8505496       11.400776
       220.00000       3000.0000       2.8414828       11.400026
       220.00000       10000.000       2.8386370       11.398659
       220.00000       30000.000       2.8377823       11.398397
       220.00000       100000.00       2.7815841       11.398387
       230.00000    0.0010000000       3.5134793       8.6357922
       230.00000    0.0030000000       3.5213543       8.7095875
       230.00000     0.010000000       3.5238379       8.7334840
       230.00000     0.030000000       3.5240988       8.7361807
       230.00000      0.10000000       3.5241267       8.7365051
       230.00000      0.30000000       3.5241292       8.7365642
       230.00000       1.0000000       3.5241423       8.7365554
       230.00000       3.0000000       3.3418748       9.3601502
       230.00000       10.000000       3.0202543       10.733271
       230.00000       30.000000       2.9257876       11.223522
       230.00000       100.00000       2.8924859       11.407916
       230.00000       300.00000       2.8831144       11.461546
       230.00000       1000.0000       2.8802815       11.479243
       230.00000       3000.0000       2.8513264       11.482769
       230.00000       10000.000       2.8416036       11.482158
       230.00000       30000.000       2.8387784       11.482130
       230.00000       100000.00       2.8209228       11.482222
       240.00000    0.0010000000       3.5048645       8.6237546
       240.00000    0.0030000000       3.5145609       8.6994051
       240.00000     0.010000000       3.5222555       8.7718908
       240.00000     0.030000000       3.5238962       8.7879656
       240.00000      0.10000000       3.5241167       8.7900899
       240.00000      0.30000000       3.5241569       8.7902552
       240.00000       1.0000000       3.5241593       8.7903089
       240.00000       3.0000000       3.5241438       8.7905501
       240.00000       10.000000       3.3049181       9.5584914
       240.00000       30.000000       3.0231032       10.789214
       240.00000       100.00000       2.9219331       11.318327
       240.00000       300.00000       2.8929360       11.480939
       240.00000       1000.0000       2.8831649       11.538249
       240.00000       3000.0000       2.8772338       11.553981
       240.00000       10000.000       2.8493890       11.556294
       240.00000       30000.000       2.8413626       11.557104
       240.00000       100000.00       2.8385343       11.557477
       250.00000    0.0010000000       3.4928026       8.6569754
       250.00000    0.0030000000       3.5062494       8.6815390
       250.00000     0.010000000       3.5171340       8.7701686
       250.00000     0.030000000       3.5228293       8.8243609
       250.00000      0.10000000       3.5240321       8.8360392
       250.00000      0.30000000       3.5241374       8.8372424
       250.00000       1.0000000       3.5241427       8.8374297
       250.00000       3.0000000       3.5241429       8.8376322
       250.00000       10.000000       3.5241580       8.8378367
       250.00000       30.000000       3.2769798       9.7213374
       250.00000       100.00000       3.0000539       10.967165
       250.00000       300.00000       2.9191387       11.399351
       250.00000       1000.0000       2.8910021       11.559939
       250.00000       3000.0000       2.8836184       11.608397
       250.00000       10000.000       2.8681336       11.618947
       250.00000       30000.000       2.8476365       11.621909
       250.00000       100000.00       2.8404084       11.623127
       260.00000    0.0010000000       3.4722098       8.7353722
       260.00000    0.0030000000       3.4952946       8.6998721
       260.00000     0.010000000       3.5094572       8.7453939
       260.00000     0.030000000       3.5191010       8.8286633
       260.00000      0.10000000       3.5234842       8.8708625
       260.00000      0.30000000       3.5240673       8.8767083
       260.00000       1.0000000       3.5241410       8.8774291
       260.00000       3.0000000       3.5241573       8.8776463
       260.00000       10.000000       3.5241443       8.8779472
       260.00000       30.000000       3.5241635       8.8798322
       260.00000       100.00000       3.1893251       10.130138
       260.00000       300.00000       2.9834394       11.108024
       260.00000       1000.0000       2.9103875       11.507837
       260.00000       3000.0000       2.8900225       11.635534
       260.00000       10000.000       2.8834779       11.666554
       260.00000       30000.000       2.8617056       11.675178
       260.00000       100000.00       2.8446357       11.678396
       260.00000       300000.00       2.8397508       11.679317
       270.00000    0.0010000000       3.4606372       8.7942830
       270.00000    0.0030000000       3.4762901       8.7637869
       270.00000     0.010000000       3.5002719       8.7425641
       270.00000     0.030000000       3.5124063       8.8043523
       270.00000      0.10000000       3.5214880       8.8858934
       270.00000      0.30000000       3.5237726       8.9084671
       270.00000       1.0000000       3.5241149       8.9116601
       270.00000       3.0000000       3.5241415       8.9121489
       270.00000       10.000000       3.5241435       8.9124365
       270.00000       30.000000       3.5241738       8.9142708
       270.00000       100.00000       3.5242384       8.9164834
       270.00000       300.00000       3.1292135       10.442333
       270.00000       1000.0000       2.9548031       11.315047
       270.00000       3000.0000       2.9048482       11.617290
       270.00000       10000.000       2.8879158       11.694924
       270.00000       30000.000       2.8831230       11.716795
       270.00000       100000.00       2.8535421       11.724709
       270.00000       300000.00       2.8427228       11.726969
       275.00000    0.0010000000       3.4587097       8.8130056
       275.00000    0.0030000000       3.4679707       8.7967561
       275.00000     0.010000000       3.4934580       8.7574559
       275.00000     0.030000000       3.5085669       8.7931880
       275.00000      0.10000000       3.5194699       8.8826403
       275.00000      0.30000000       3.5234461       8.9204791
       275.00000       1.0000000       3.5240713       8.9270774
       275.00000       3.0000000       3.5241371       8.9278466
       275.00000       10.000000       3.5241434       8.9281764
       275.00000       30.000000       3.5241742       8.9300142
       275.00000       100.00000       3.5242529       8.9321806
       275.00000       300.00000       3.2524853       9.9304719
       275.00000       1000.0000       2.9928704       11.138388
       275.00000       3000.0000       2.9176086       11.582700
       275.00000       10000.000       2.8917381       11.699873
       275.00000       30000.000       2.8844045       11.733069
       275.00000       100000.00       2.8609403       11.745025
       275.00000       300000.00       2.8451910       11.748446
       280.00000    0.0010000000       3.4578962       8.8285034
       280.00000    0.0030000000       3.4626810       8.8223349
       280.00000     0.010000000       3.4846935       8.7832377
       280.00000     0.030000000       3.5042684       8.7885250
       280.00000      0.10000000       3.5167601       8.8730441
       280.00000      0.30000000       3.5227525       8.9289168
       280.00000       1.0000000       3.5240138       8.9413637
       280.00000       3.0000000       3.5241344       8.9427663
       280.00000       10.000000       3.5241430       8.9431802
       280.00000       30.000000       3.5241742       8.9450253
       280.00000       100.00000       3.5242553       8.9471852
       280.00000       300.00000       3.3978318       9.3901357
       280.00000       1000.0000       3.0383217       10.931065
       280.00000       3000.0000       2.9329136       11.536442
       280.00000       10000.000       2.8963438       11.700279
       280.00000       30000.000       2.8859437       11.747155
       280.00000       100000.00       2.8711552       11.763957
       280.00000       300000.00       2.8486000       11.768777
       290.00000    0.0010000000       3.4574660       8.8552756
       290.00000    0.0030000000       3.4585670       8.8561828
       290.00000     0.010000000       3.4680543       8.8419801
       290.00000     0.030000000       3.4918487       8.8077098
       290.00000      0.10000000       3.5099432       8.8488210
       290.00000      0.30000000       3.5198625       8.9294398
       290.00000       1.0000000       3.5236334       8.9653922
       290.00000       3.0000000       3.5240902       8.9701732
       290.00000       10.000000       3.5241675       8.9708843
       290.00000       30.000000       3.5241588       8.9729059
       290.00000       100.00000       3.5242129       8.9751521
       290.00000       300.00000       3.5244149       8.9845849
       290.00000       1000.0000       3.1789944       10.321335
       290.00000       3000.0000       2.9807373       11.371316
       290.00000       10000.000       2.9107536       11.675134
       290.00000       30000.000       2.8907531       11.764424
       290.00000       100000.00       2.8836754       11.796353
       290.00000       300000.00       2.8596308       11.805569
       300.00000    0.0010000000       3.4810399       8.8025099
       300.00000    0.0030000000       3.4812198       8.8042538
       300.00000     0.010000000       3.4818427       8.8102508
       300.00000     0.030000000       3.4835468       8.8265710
       300.00000      0.10000000       3.4885614       8.8750073
       300.00000      0.30000000       3.4970240       8.9588702
       300.00000       1.0000000       3.5039691       9.0287801
       300.00000       3.0000000       3.5053251       9.0430834
       300.00000       10.000000       3.5054997       9.0451696
       300.00000       30.000000       3.5055206       9.0472213
       300.00000       100.00000       3.5055194       9.0495949
       300.00000       300.00000       3.5055205       9.0594739
       300.00000       1000.0000       3.3986108       9.4767677
       300.00000       3000.0000       3.0484673       11.116748
       300.00000       10000.000       2.9219272       11.640287
       300.00000       30000.000       2.8853772       11.800936
       300.00000       100000.00       2.8725432       11.858775
       300.00000       300000.00       2.8688725       11.875470
       310.00000    0.0010000000       3.4809938       8.8230829
       310.00000    0.0030000000       3.4810970       8.8240441
       310.00000     0.010000000       3.4814602       8.8273544
       310.00000     0.030000000       3.4824033       8.8367392
       310.00000      0.10000000       3.4855000       8.8665212
       310.00000      0.30000000       3.4921017       8.9312293
       310.00000       1.0000000       3.5014098       9.0247272
       310.00000       3.0000000       3.5048946       9.0603312
       310.00000       10.000000       3.5054833       9.0663288
       310.00000       30.000000       3.5055042       9.0688542
       310.00000       100.00000       3.5055213       9.0712338
       310.00000       300.00000       3.5055214       9.0811195
       310.00000       1000.0000       3.5055205       9.1365681
       310.00000       3000.0000       3.1817876       10.658893
       310.00000       10000.000       2.9628552       11.496001
       310.00000       30000.000       2.8991121       11.769505
       310.00000       100000.00       2.8766732       11.870086
       310.00000       300000.00       2.8702509       11.899324
       320.00000    0.0010000000       3.4809681       8.8413880
       320.00000    0.0030000000       3.4810406       8.8419168
       320.00000     0.010000000       3.4812259       8.8438800
       320.00000     0.030000000       3.4817950       8.8492763
       320.00000      0.10000000       3.4836663       8.8672814
       320.00000      0.30000000       3.4882086       8.9113723
       320.00000       1.0000000       3.4974223       9.0030049
       320.00000       3.0000000       3.5037780       9.0679667
       320.00000       10.000000       3.5053495       9.0842727
       320.00000       30.000000       3.5054982       9.0878267
       320.00000       100.00000       3.5055200       9.0903529
       320.00000       300.00000       3.5055212       9.1002540
       320.00000       1000.0000       3.5055205       9.1557018
       320.00000       3000.0000       3.3914956       10.024457
       320.00000       10000.000       3.0282774       11.257310
       320.00000       30000.000       2.9211692       11.698699
       320.00000       100000.00       2.8833165       11.866438
       320.00000       300000.00       2.8724672       11.915771
       330.00000    0.0010000000       3.4809635       8.8581650
       330.00000    0.0030000000       3.4809929       8.8585119
       330.00000     0.010000000       3.4811287       8.8596019
       330.00000     0.030000000       3.4814617       8.8628367
       330.00000      0.10000000       3.4825894       8.8738101
       330.00000      0.30000000       3.4855386       8.9024346
       330.00000       1.0000000       3.4930043       8.9761572
       330.00000       3.0000000       3.5014855       9.0616443
       330.00000       10.000000       3.5050232       9.0983995
       330.00000       30.000000       3.5054832       9.1048501
       330.00000       100.00000       3.5055027       9.1078335
       330.00000       300.00000       3.5055212       9.1177296
       330.00000       1000.0000       3.5055206       9.1731817
       330.00000       3000.0000       3.5055205       9.7305138
       330.00000       10000.000       3.1292669       10.902420
       330.00000       30000.000       2.9554652       11.575315
       330.00000       100000.00       2.8936745       11.843769
       330.00000       300000.00       2.8759261       11.924143
       340.00000    0.0010000000       3.4809475       8.8736876
       340.00000    0.0030000000       3.4809830       8.8738405
       340.00000     0.010000000       3.4810476       8.8745698
       340.00000     0.030000000       3.4812463       8.8765514
       340.00000      0.10000000       3.4819483       8.8833073
       340.00000      0.30000000       3.4838279       8.9016724
       340.00000       1.0000000       3.4892916       8.9549414
       340.00000       3.0000000       3.4979530       9.0419380
       340.00000       10.000000       3.5042486       9.1063918
       340.00000       30.000000       3.5053750       9.1199476
       340.00000       100.00000       3.5055006       9.1237991
       340.00000       300.00000       3.5055213       9.1337901
       340.00000       1000.0000       3.5055209       9.1892554
       340.00000       3000.0000       3.5055213       9.7465860
       340.00000       10000.000       3.2798709       10.419373
       340.00000       30000.000       3.0071969       11.383637
       340.00000       100000.00       2.9093579       11.795689
       340.00000       300000.00       2.8811709       11.922310
       350.00000    0.0010000000       3.4809484       8.8874776
       350.00000    0.0030000000       3.4809614       8.8875981
       350.00000     0.010000000       3.4810186       8.8880174
       350.00000     0.030000000       3.4811392       8.8892509
       350.00000      0.10000000       3.4815727       8.8935336
       350.00000      0.30000000       3.4827915       8.9053092
       350.00000       1.0000000       3.4865647       8.9420815
       350.00000       3.0000000       3.4940245       9.0163163
       350.00000       10.000000       3.5026653       9.1042356
       350.00000       30.000000       3.5051403       9.1317342
       350.00000       100.00000       3.5054913       9.1378312
       350.00000       300.00000       3.5055043       9.1481086
       350.00000       1000.0000       3.5055202       9.2035577
       350.00000       3000.0000       3.5055207       9.7608932
       350.00000       10000.000       3.4970411       9.8149999
       350.00000       30000.000       3.0830322       11.107986
       350.00000       100000.00       2.9324867       11.713471
       350.00000       300000.00       2.8889169       11.906586
       375.00000    0.0010000000       3.4809494       8.9149877
       375.00000    0.0030000000       3.4809414       8.9150692
       375.00000     0.010000000       3.4809651       8.9151873
       375.00000     0.030000000       3.4810200       8.9155959
       375.00000      0.10000000       3.4811625       8.9170655
       375.00000      0.30000000       3.4815894       8.9212192
       375.00000       1.0000000       3.4830023       8.9352128
       375.00000       3.0000000       3.4866173       8.9707904
       375.00000       10.000000       3.4950237       9.0547436
       375.00000       30.000000       3.5027376       9.1351557
       375.00000       100.00000       3.5052022       9.1634316
       375.00000       300.00000       3.5054918       9.1760250
       375.00000       1000.0000       3.5055180       9.2308505
       375.00000       3000.0000       3.5055201       9.7770490
       375.00000       10000.000       3.5055189       9.8109100
       375.00000       30000.000       3.4355506       10.009291
       375.00000       100000.00       3.0421962       11.298234
       375.00000       300000.00       2.9258752       11.779144
       400.00000    0.0010000000       3.4805373       8.9423931
       400.00000    0.0030000000       3.4808828       8.9415103
       400.00000     0.010000000       3.4809092       8.9415164
       400.00000     0.030000000       3.4809226       8.9416848
       400.00000      0.10000000       3.4809958       8.9422248
       400.00000      0.30000000       3.4811479       8.9438671
       400.00000       1.0000000       3.4817190       8.9494226
       400.00000       3.0000000       3.4832571       8.9647423
       400.00000       10.000000       3.4878983       9.0106311
       400.00000       30.000000       3.4961378       9.0950550
       400.00000       100.00000       3.5036055       9.1735761
       400.00000       300.00000       3.5052444       9.1983002
       400.00000       1000.0000       3.5054398       9.2423464
       400.00000       3000.0000       3.5054759       9.6429652
       400.00000       10000.000       3.5054775       9.7004039
       400.00000       30000.000       3.5054770       9.8585308
       400.00000       100000.00       3.2356823       10.644810
       400.00000       300000.00       2.9919439       11.531023
       425.00000    0.0010000000       3.4747502       8.9794194
       425.00000    0.0030000000       3.4801222       8.9660699
       425.00000     0.010000000       3.4808437       8.9642977
       425.00000     0.030000000       3.4809072       8.9642190
       425.00000      0.10000000       3.4809446       8.9644250
       425.00000      0.30000000       3.4809780       8.9652536
       425.00000       1.0000000       3.4812508       8.9675785
       425.00000       3.0000000       3.4819280       8.9744054
       425.00000       10.000000       3.4841963       8.9965609
       425.00000       30.000000       3.4894326       9.0498002
       425.00000       100.00000       3.4989452       9.1479081
       425.00000       300.00000       3.5042609       9.2087379
       425.00000       1000.0000       3.5053440       9.2496502
       425.00000       3000.0000       3.5054569       9.5147081
       425.00000       10000.000       3.5054768       9.5953682
       425.00000       30000.000       3.5054773       9.8907899
       425.00000       100000.00       3.5054768       9.8976265
       425.00000       300000.00       3.1149587       11.084012
       450.00000    0.0010000000       1.6787764       9.3370623
       450.00000    0.0030000000       3.4713240       9.0072744
       450.00000     0.010000000       3.4798567       8.9865575
       450.00000     0.030000000       3.4807690       8.9844171
       450.00000      0.10000000       3.4809098       8.9841891
       450.00000      0.30000000       3.4809436       8.9845262
       450.00000       1.0000000       3.4810696       8.9856227
       450.00000       3.0000000       3.4813834       8.9888980
       450.00000       10.000000       3.4824955       8.9997238
       450.00000       30.000000       3.4853482       9.0287095
       450.00000       100.00000       3.4926666       9.1031791
       450.00000       300.00000       3.5012291       9.1948205
       450.00000       1000.0000       3.5049491       9.2512739
       450.00000       3000.0000       3.5054249       9.3917990
       450.00000       10000.000       3.5054601       9.4955071
       450.00000       30000.000       3.5054774       9.9196886
       450.00000       100000.00       3.5054778       9.9319396
       450.00000       300000.00       3.3126014       10.452976
       475.00000    0.0010000000       1.6350238       9.6093286
       475.00000    0.0030000000       1.6808628       9.3349052
       475.00000     0.010000000       3.4708423       9.0268870
       475.00000     0.030000000       3.4795476       9.0064186
       475.00000      0.10000000       3.4807731       9.0036211
       475.00000      0.30000000       3.4809049       9.0034952
       475.00000       1.0000000       3.4809883       9.0040126
       475.00000       3.0000000       3.4811470       9.0056519
       475.00000       10.000000       3.4817022       9.0112637
       475.00000       30.000000       3.4832318       9.0268837
       475.00000       100.00000       3.4878320       9.0731871
       475.00000       300.00000       3.4960386       9.1593194
       475.00000       1000.0000       3.5035590       9.2486559
       475.00000       3000.0000       3.5052454       9.3363364
       475.00000       10000.000       3.5054398       9.4414878
       475.00000       30000.000       3.5054744       9.8720537
       475.00000       100000.00       3.5054784       9.9841511
       475.00000       300000.00       3.5054752       9.9602991
       500.00000    0.0010000000       1.6385789       9.5657686
       500.00000    0.0030000000       1.6420182       9.5685484
       500.00000     0.010000000       1.7011816       9.2260209
       500.00000     0.030000000       3.4703313       9.0469392
       500.00000      0.10000000       3.4797384       9.0256398
       500.00000      0.30000000       3.4807737       9.0234054
       500.00000       1.0000000       3.4809288       9.0234023
       500.00000       3.0000000       3.4810383       9.0242489
       500.00000       10.000000       3.4813309       9.0272902
       500.00000       30.000000       3.4821746       9.0359374
       500.00000       100.00000       3.4848979       9.0632988
       500.00000       300.00000       3.4909480       9.1257833
       500.00000       1000.0000       3.5004673       9.2300531
       500.00000       3000.0000       3.5046734       9.2930324
       500.00000       10000.000       3.5054033       9.3987695
       500.00000       30000.000       3.5054581       9.8136390
       500.00000       100000.00       3.5054767       10.044286
       500.00000       300000.00       3.5054772       10.013774
       575.00000    0.0010000000       3.3229260       9.3865089
       575.00000    0.0030000000       3.3234596       9.3856186
       575.00000     0.010000000       3.3287711       9.3765190
       575.00000     0.030000000       1.6657375       9.4052131
       575.00000      0.10000000       1.6985685       9.2622825
       575.00000      0.30000000       3.4548880       9.1417215
       575.00000       1.0000000       3.4773077       9.0978555
       575.00000       3.0000000       3.4804943       9.0918269
       575.00000       10.000000       3.4809274       9.0917575
       575.00000       30.000000       3.4811630       9.0935447
       575.00000       100.00000       3.4817658       9.0998818
       575.00000       300.00000       3.4834474       9.1172811
       575.00000       1000.0000       3.4883726       9.1697888
       575.00000       3000.0000       3.4967859       9.2655207
       575.00000       10000.000       3.5038360       9.3795503
       575.00000       30000.000       3.5052620       9.5500268
       575.00000       100000.00       3.5054412       10.234272
       575.00000       300000.00       3.5054767       10.751732
       650.00000    0.0010000000       3.3228345       9.4055836
       650.00000    0.0030000000       3.3228517       9.4055252
       650.00000     0.010000000       3.3228646       9.4055316
       650.00000     0.030000000       3.3231310       9.4051137
       650.00000      0.10000000       3.3258932       9.4010313
       650.00000      0.30000000       3.3425304       9.3760241
       650.00000       1.0000000       3.3953943       9.2945674
       650.00000       3.0000000       3.4512592       9.2054795
       650.00000       10.000000       3.4768646       9.1640211
       650.00000       30.000000       3.4805069       9.1587375
       650.00000       100.00000       3.4811131       9.1599557
       650.00000       300.00000       3.4816653       9.1653716
       650.00000       1000.0000       3.4833530       9.1838726
       650.00000       3000.0000       3.4875031       9.2305764
       650.00000       10000.000       3.4964603       9.3408242
       650.00000       30000.000       3.5033793       9.4776335
       650.00000       100000.00       3.5052564       9.9948822
       650.00000       300000.00       3.5054386       13.042896
       725.00000    0.0010000000       3.3229508       9.4422452
       725.00000    0.0030000000       3.3228814       9.4422523
       725.00000     0.010000000       3.3228601       9.4422428
       725.00000     0.030000000       3.3228604       9.4422306
       725.00000      0.10000000       3.3228840       9.4422218
       725.00000      0.30000000       3.3232626       9.4417294
       725.00000       1.0000000       3.3271360       9.4367880
       725.00000       3.0000000       3.3488786       9.4089540
       725.00000       10.000000       3.4101676       9.3294733
       725.00000       30.000000       3.4620549       9.2610806
       725.00000       100.00000       3.4788518       9.2394153
       725.00000       300.00000       3.4809508       9.2389969
       725.00000       1000.0000       3.4817981       9.2462963
       725.00000       3000.0000       3.4835741       9.2667580
       725.00000       10000.000       3.4886818       9.3298244
       725.00000       30000.000       3.4972320       9.4516311
       725.00000       100000.00       3.5039823       9.7673975
       725.00000       300000.00       3.5053033       11.875076
       800.00000    0.0010000000       3.3291267       9.5022414
       800.00000    0.0030000000       3.3250815       9.5023820
       800.00000     0.010000000       3.3235410       9.5025399
       800.00000     0.030000000       3.3230829       9.5025770
       800.00000      0.10000000       3.3229303       9.5025231
       800.00000      0.30000000       3.3228917       9.5025256
       800.00000       1.0000000       3.3229980       9.5024211
       800.00000       3.0000000       3.3241335       9.5011726
       800.00000       10.000000       3.3346361       9.4899887
       800.00000       30.000000       3.3753310       9.4462222
       800.00000       100.00000       3.4442219       9.3717903
       800.00000       300.00000       3.4747926       9.3394699
       800.00000       1000.0000       3.4807109       9.3368586
       800.00000       3000.0000       3.4820415       9.3463341
       800.00000       10000.000       3.4846801       9.3798621
       800.00000       30000.000       3.4905303       9.4606720
       800.00000       100000.00       3.5001092       9.6620791
       800.00000       300000.00       3.5045755       10.142139
       900.00000    0.0010000000       3.3285915       9.5871334
       900.00000    0.0030000000       3.3291133       9.5870613
       900.00000     0.010000000       3.3292947       9.5870616
       900.00000     0.030000000       3.3293458       9.5870613
       900.00000      0.10000000       3.3286717       9.5870720
       900.00000      0.30000000       3.3249126       9.5872821
       900.00000       1.0000000       3.3235000       9.5873967
       900.00000       3.0000000       3.3231129       9.5873588
       900.00000       10.000000       3.3232761       9.5871069
       900.00000       30.000000       3.3258301       9.5850286
       900.00000       100.00000       3.3461817       9.5684905
       900.00000       300.00000       3.4020339       9.5231298
       900.00000       1000.0000       3.4627315       9.4750070
       900.00000       3000.0000       3.4789149       9.4666394
       900.00000       10000.000       3.4822827       9.4808807
       900.00000       30000.000       3.4853807       9.5235133
       900.00000       100000.00       3.4928330       9.6550268
       900.00000       300000.00       3.5013198       9.9256345
       1000.0000    0.0010000000       3.3229031       9.6917215
       1000.0000    0.0030000000       3.3267237       9.6912622
       1000.0000     0.010000000       3.3284825       9.6911263
       1000.0000     0.030000000       3.3290708       9.6910421
       1000.0000      0.10000000       3.3292782       9.6910421
       1000.0000      0.30000000       3.3293360       9.6910433
       1000.0000       1.0000000       3.3293745       9.6909527
       1000.0000       3.0000000       3.3293291       9.6910919
       1000.0000       10.000000       3.3250703       9.6913737
       1000.0000       30.000000       3.3237547       9.6914195
       1000.0000       100.00000       3.3247599       9.6905003
       1000.0000       300.00000       3.3353905       9.6843797
       1000.0000       1000.0000       3.3845057       9.6556692
       1000.0000       3000.0000       3.4484721       9.6200379
       1000.0000       10000.000       3.4774790       9.6119338
       1000.0000       30000.000       3.4826922       9.6339787
       1000.0000       100000.00       3.4876513       9.7150243
       1000.0000       300000.00       3.4958785       9.9061901
       1100.0000    0.0010000000       3.3100452       9.8088070
       1100.0000    0.0030000000       3.3177806       9.8077987
       1100.0000     0.010000000       3.3242038       9.8070180
       1100.0000     0.030000000       3.3273063       9.8066423
       1100.0000      0.10000000       3.3286664       9.8065481
       1100.0000      0.30000000       3.3291162       9.8065094
       1100.0000       1.0000000       3.3292948       9.8064645
       1100.0000       3.0000000       3.3293285       9.8065162
       1100.0000       10.000000       3.3293347       9.8065131
       1100.0000       30.000000       3.3293021       9.8066157
       1100.0000       100.00000       3.3269163       9.8069015
       1100.0000       300.00000       3.3254732       9.8067124
       1100.0000       1000.0000       3.3352044       9.8027648
       1100.0000       3000.0000       3.3770934       9.7871580
       1100.0000       10000.000       3.4477902       9.7640251
       1100.0000       30000.000       3.4768469       9.7677138
       1100.0000       100000.00       3.4843859       9.8176930
       1100.0000       300000.00       3.4909201       9.9494264
       1200.0000    0.0010000000       3.3017898       9.9373288
       1200.0000    0.0030000000       3.3066977       9.9365758
       1200.0000     0.010000000       3.3146425       9.9355829
       1200.0000     0.030000000       3.3214149       9.9348225
       1200.0000      0.10000000       3.3261238       9.9342134
       1200.0000      0.30000000       3.3281076       9.9338945
       1200.0000       1.0000000       3.3289318       9.9338422
       1200.0000       3.0000000       3.3292090       9.9338459
       1200.0000       10.000000       3.3292956       9.9339019
       1200.0000       30.000000       3.3293266       9.9339056
       1200.0000       100.00000       3.3293140       9.9339910
       1200.0000       300.00000       3.3293476       9.9343163
       1200.0000       1000.0000       3.3289924       9.9343058
       1200.0000       3000.0000       3.3377352       9.9309390
       1200.0000       10000.000       3.3879113       9.9250655
       1200.0000       30000.000       3.4515728       9.9211753
       1200.0000       100000.00       3.4796518       9.9507787
       1200.0000       300000.00       3.4871638       10.042808
       1300.0000    0.0010000000       3.3516362       10.069263
       1300.0000    0.0030000000       3.3167968       10.068893
       1300.0000     0.010000000       3.3100017       10.068110
       1300.0000     0.030000000       3.3137201       10.067581
       1300.0000      0.10000000       3.3203320       10.067106
       1300.0000      0.30000000       3.3250077       10.066667
       1300.0000       1.0000000       3.3276526       10.066483
       1300.0000       3.0000000       3.3286314       10.066534
       1300.0000       10.000000       3.3290787       10.066486
       1300.0000       30.000000       3.3292346       10.066499
       1300.0000       100.00000       3.3292619       10.066648
       1300.0000       300.00000       3.3292823       10.066718
       1300.0000       1000.0000       3.3295011       10.066887
       1300.0000       3000.0000       3.3318485       10.062355
       1300.0000       10000.000       3.3486085       10.071138
       1300.0000       30000.000       3.4029694       10.079555
       1300.0000       100000.00       3.4648152       10.106348
       1300.0000       300000.00       3.4831945       10.174211
       1400.0000    0.0010000000       3.5152388       10.116246
       1400.0000    0.0030000000       3.4600243       10.186381
       1400.0000     0.010000000       3.3852390       10.210249
       1400.0000     0.030000000       3.3320889       10.214855
       1400.0000      0.10000000       3.3197154       10.215974
       1400.0000      0.30000000       3.3213230       10.215761
       1400.0000       1.0000000       3.3250783       10.215835
       1400.0000       3.0000000       3.3273184       10.216041
       1400.0000       10.000000       3.3284905       10.216285
       1400.0000       30.000000       3.3289367       10.216437
       1400.0000       100.00000       3.3291371       10.216592
       1400.0000       300.00000       3.3292150       10.216703
       1400.0000       1000.0000       3.3292859       10.216910
       1400.0000       3000.0000       3.3298073       10.217112
       1400.0000       10000.000       3.3355537       10.221974
       1400.0000       30000.000       3.3650487       10.239218
       1400.0000       100000.00       3.4325899       10.284881
       1400.0000       300000.00       3.4749815       10.351595
       1500.0000    0.0010000000       3.6231187       10.016003
       1500.0000    0.0030000000       3.6231309       10.051924
       1500.0000     0.010000000       3.5392744       10.232337
       1500.0000     0.030000000       3.5019837       10.301304
       1500.0000      0.10000000       3.4019222       10.354742
       1500.0000      0.30000000       3.3431533       10.369392
       1500.0000       1.0000000       3.3280294       10.374469
       1500.0000       3.0000000       3.3268189       10.375713
       1500.0000       10.000000       3.3277700       10.376362
       1500.0000       30.000000       3.3285174       10.376856
       1500.0000       100.00000       3.3289699       10.377309
       1500.0000       300.00000       3.3291421       10.377688
       1500.0000       1000.0000       3.3292472       10.378031
       1500.0000       3000.0000       3.3294069       10.378706
       1500.0000       10000.000       3.3311597       10.381660
       1500.0000       30000.000       3.3434591       10.397087
       1500.0000       100000.00       3.3961772       10.460896
       1500.0000       300000.00       3.4575617       10.557959
       1600.0000    0.0010000000       3.5629887       10.080765
       1600.0000    0.0030000000       3.6005238       10.122762
       1600.0000     0.010000000       3.6256020       10.145963
       1600.0000     0.030000000       3.6403552       10.155687
       1600.0000      0.10000000       3.5590807       10.334634
       1600.0000      0.30000000       3.5312886       10.406978
       1600.0000       1.0000000       3.4000797       10.474446
       1600.0000       3.0000000       3.3476733       10.499164
       1600.0000       10.000000       3.3323875       10.508338
       1600.0000       30.000000       3.3293620       10.511207
       1600.0000       100.00000       3.3290075       10.512220
       1600.0000       300.00000       3.3292143       10.512577
       1600.0000       1000.0000       3.3293934       10.513050
       1600.0000       3000.0000       3.3295164       10.513790
       1600.0000       10000.000       3.3301818       10.515981
       1600.0000       30000.000       3.3350040       10.527053
       1600.0000       100000.00       3.3659884       10.592036
       1600.0000       300000.00       3.4308442       10.734375
       1700.0000    0.0010000000       3.4233647       10.025939
       1700.0000    0.0030000000       3.5155940       10.150327
       1700.0000     0.010000000       3.5763270       10.223957
       1700.0000     0.030000000       3.6096118       10.259159
       1700.0000      0.10000000       3.6326277       10.278140
       1700.0000      0.30000000       3.6470556       10.285767
       1700.0000       1.0000000       3.5664816       10.465995
       1700.0000       3.0000000       3.5110675       10.537132
       1700.0000       10.000000       3.3863571       10.603392
       1700.0000       30.000000       3.3460209       10.632101
       1700.0000       100.00000       3.3331599       10.643016
       1700.0000       300.00000       3.3301795       10.646272
       1700.0000       1000.0000       3.3295561       10.647475
       1700.0000       3000.0000       3.3296156       10.648027
       1700.0000       10000.000       3.3299933       10.649641
       1700.0000       30000.000       3.3319738       10.657502
       1700.0000       100000.00       3.3479513       10.711996
       1700.0000       300000.00       3.3998226       10.883954
       1800.0000    0.0010000000       3.1498276       9.7103007
       1800.0000    0.0030000000       3.3402051       10.027758
       1800.0000     0.010000000       3.4731340       10.217456
       1800.0000     0.030000000       3.5467627       10.311095
       1800.0000      0.10000000       3.5954770       10.365903
       1800.0000      0.30000000       3.6230159       10.391491
       1800.0000       1.0000000       3.6432260       10.404814
       1800.0000       3.0000000       3.6483010       10.425858
       1800.0000       10.000000       3.5622555       10.617691
       1800.0000       30.000000       3.4571900       10.667100
       1800.0000       100.00000       3.3681876       10.737962
       1800.0000       300.00000       3.3412147       10.762969
       1800.0000       1000.0000       3.3323810       10.772365
       1800.0000       3000.0000       3.3302959       10.775232
       1800.0000       10000.000       3.3299147       10.777291
       1800.0000       30000.000       3.3307131       10.783076
       1800.0000       100000.00       3.3385797       10.824556
       1800.0000       300000.00       3.3743478       11.000632
       1900.0000    0.0010000000       2.7262244       8.9160870
       1900.0000    0.0030000000       3.0370986       9.6198817
       1900.0000     0.010000000       3.2811597       10.054867
       1900.0000     0.030000000       3.4265064       10.271559
       1900.0000      0.10000000       3.5251223       10.400845
       1900.0000      0.30000000       3.5795267       10.464130
       1900.0000       1.0000000       3.6165265       10.500337
       1900.0000       3.0000000       3.6387070       10.516703
       1900.0000       10.000000       3.6558411       10.524873
       1900.0000       30.000000       3.6069010       10.645336
       1900.0000       100.00000       3.4749112       10.765918
       1900.0000       300.00000       3.3921672       10.832706
       1900.0000       1000.0000       3.3473923       10.877153
       1900.0000       3000.0000       3.3349008       10.891081
       1900.0000       10000.000       3.3309569       10.897084
       1900.0000       30000.000       3.3304640       10.902471
       1900.0000       100000.00       3.3341186       10.933582
       1900.0000       300000.00       3.3566654       11.093647
       2000.0000    0.0010000000       2.2459390       7.4675066
       2000.0000    0.0030000000       2.6082363       8.7578565
       2000.0000     0.010000000       2.9735997       9.6221556
       2000.0000     0.030000000       3.2223052       10.074230
       2000.0000      0.10000000       3.4015578       10.347834
       2000.0000      0.30000000       3.5029825       10.483643
       2000.0000       1.0000000       3.5711428       10.564077
       2000.0000       3.0000000       3.6096753       10.602627
       2000.0000       10.000000       3.6373570       10.624087
       2000.0000       30.000000       3.6546546       10.633516
       2000.0000       100.00000       3.6512232       10.670326
       2000.0000       300.00000       3.4983058       10.842534
       2000.0000       1000.0000       3.3936390       10.941121
       2000.0000       3000.0000       3.3502001       10.987678
       2000.0000       10000.000       3.3351648       11.006187
       2000.0000       30000.000       3.3314082       11.014617
       2000.0000       100000.00       3.3322372       11.039218
       2000.0000       300000.00       3.3455754       11.174879
       2150.0000    0.0010000000       1.8922152       3.8785926
       2150.0000    0.0030000000       2.0329119       6.1685766
       2150.0000     0.010000000       2.3573229       8.2042218
       2150.0000     0.030000000       2.7256696       9.2853898
       2150.0000      0.10000000       3.0675028       9.9862919
       2150.0000      0.30000000       3.2888253       10.347347
       2150.0000       1.0000000       3.4451502       10.565751
       2150.0000       3.0000000       3.5310220       10.674072
       2150.0000       10.000000       3.5892402       10.737915
       2150.0000       30.000000       3.6232735       10.768215
       2150.0000       100.00000       3.6480033       10.785400
       2150.0000       300.00000       3.6626959       10.793596
       2150.0000       1000.0000       3.5927789       10.863081
       2150.0000       3000.0000       3.4377326       11.038882
       2150.0000       10000.000       3.3622680       11.131239
       2150.0000       30000.000       3.3399041       11.163648
       2150.0000       100000.00       3.3331439       11.190235
       2150.0000       300000.00       3.3373748       11.292322
       2300.0000    0.0010000000       1.8280239       1.9482041
       2300.0000    0.0030000000       1.8583082       3.0021659
       2300.0000     0.010000000       1.9557375       5.2595543
       2300.0000     0.030000000       2.1747398       7.5386711
       2300.0000      0.10000000       2.5610671       9.0836245
       2300.0000      0.30000000       2.9117300       9.8747306
       2300.0000       1.0000000       3.2028786       10.374222
       2300.0000       3.0000000       3.3799304       10.627890
       2300.0000       10.000000       3.5012051       10.780731
       2300.0000       30.000000       3.5680068       10.855982
       2300.0000       100.00000       3.6136160       10.899977
       2300.0000       300.00000       3.6407487       10.921167
       2300.0000       1000.0000       3.6597473       10.933942
       2300.0000       3000.0000       3.6497514       10.939432
       2300.0000       10000.000       3.4907270       11.108178
       2300.0000       30000.000       3.3866953       11.243103
       2300.0000       100000.00       3.3466806       11.311102
       2300.0000       300000.00       3.3378426       11.400717
       2450.0000    0.0010000000       1.8152837       1.4710034
       2450.0000    0.0030000000       1.8230255       1.7738662
       2450.0000     0.010000000       1.8478498       2.6973969
       2450.0000     0.030000000       1.9136684       4.5295263
       2450.0000      0.10000000       2.1030267       7.1867820
       2450.0000      0.30000000       2.4257564       8.8872748
       2450.0000       1.0000000       2.8264372       9.8861560
       2450.0000       3.0000000       3.1212966       10.401399
       2450.0000       10.000000       3.3427318       10.719801
       2450.0000       30.000000       3.4705250       10.879789
       2450.0000       100.00000       3.5567974       10.975412
       2450.0000       300.00000       3.6049212       11.022241
       2450.0000       1000.0000       3.6378697       11.049981
       2450.0000       3000.0000       3.6567769       11.064342
       2450.0000       10000.000       3.6456183       11.072581
       2450.0000       30000.000       3.5286254       11.174795
       2450.0000       100000.00       3.4031017       11.361872
       2450.0000       300000.00       3.3555304       11.486601
       2600.0000    0.0010000000       1.8088944       1.3617458
       2600.0000    0.0030000000       1.8135421       1.4497668
       2600.0000     0.010000000       1.8216525       1.7457703
       2600.0000     0.030000000       1.8413476       2.4997169
       2600.0000      0.10000000       1.9045923       4.3841088
       2600.0000      0.30000000       2.0562265       6.8734663
       2600.0000       1.0000000       2.3853885       8.9346247
       2600.0000       3.0000000       2.7552250       9.9137851
       2600.0000       10.000000       3.0946607       10.505187
       2600.0000       30.000000       3.3103073       10.808136
       2600.0000       100.00000       3.4613997       10.992519
       2600.0000       300.00000       3.5463595       11.084275
       2600.0000       1000.0000       3.6038669       11.139136
       2600.0000       3000.0000       3.6357184       11.166449
       2600.0000       10000.000       3.6567683       11.184009
       2600.0000       30000.000       3.6378200       11.193349
       2600.0000       100000.00       3.5356075       11.276909
       2600.0000       300000.00       3.4186202       11.496823
       2800.0000    0.0010000000       1.7810097       1.3331644
       2800.0000    0.0030000000       1.7979793       1.3531052
       2800.0000     0.010000000       1.8087329       1.4222655
       2800.0000     0.030000000       1.8165643       1.6145860
       2800.0000      0.10000000       1.8329917       2.2323948
       2800.0000      0.30000000       1.8740673       3.6270862
       2800.0000       1.0000000       1.9973518       6.2590629
       2800.0000       3.0000000       2.2454340       8.5268268
       2800.0000       10.000000       2.6405749       9.8827989
       2800.0000       30.000000       2.9806449       10.511997
       2800.0000       100.00000       3.2532834       10.895580
       2800.0000       300.00000       3.4156150       11.090192
       2800.0000       1000.0000       3.5266088       11.207960
       2800.0000       3000.0000       3.5887103       11.266864
       2800.0000       10000.000       3.6301823       11.303035
       2800.0000       30000.000       3.6522036       11.323219
       2800.0000       100000.00       3.6358704       11.339914
       2800.0000       300000.00       3.5751632       11.369241
       3000.0000    0.0010000000       1.7350044       1.3310994
       3000.0000    0.0030000000       1.7553650       1.3365260
       3000.0000     0.010000000       1.7807002       1.3555397
       3000.0000     0.030000000       1.7988409       1.4094559
       3000.0000      0.10000000       1.8123397       1.5935824
       3000.0000      0.30000000       1.8273339       2.0839463
       3000.0000       1.0000000       1.8670438       3.4704103
       3000.0000       3.0000000       1.9640058       5.8118159
       3000.0000       10.000000       2.2073084       8.4799622
       3000.0000       30.000000       2.5563678       9.8799542
       3000.0000       100.00000       2.9410471       10.625919
       3000.0000       300.00000       3.2069365       10.990821
       3000.0000       1000.0000       3.4001227       11.213697
       3000.0000       3000.0000       3.5103759       11.326097
       3000.0000       10000.000       3.5846039       11.394500
       3000.0000       30000.000       3.6252103       11.430518
       3000.0000       100000.00       3.6508248       11.458268
       3000.0000       300000.00       3.6294819       11.491134
       3250.0000    0.0010000000       1.6911523       1.3353660
       3250.0000    0.0030000000       1.7107359       1.3366099
       3250.0000     0.010000000       1.7297752       1.3412588
       3250.0000     0.030000000       1.7502826       1.3546523
       3250.0000      0.10000000       1.7769892       1.4012314
       3250.0000      0.30000000       1.7986137       1.5318198
       3250.0000       1.0000000       1.8193257       1.9631283
       3250.0000       3.0000000       1.8502253       3.0126721
       3250.0000       10.000000       1.9359836       5.3666321
       3250.0000       30.000000       2.1206624       8.0019062
       3250.0000       100.00000       2.4724930       9.8774518
       3250.0000       300.00000       2.8351570       10.674223
       3250.0000       1000.0000       3.1549356       11.117420
       3250.0000       3000.0000       3.3536267       11.338162
       3250.0000       10000.000       3.4916632       11.472946
       3250.0000       30000.000       3.5687588       11.541997
       3250.0000       100000.00       3.6192087       11.588688
       3250.0000       300000.00       3.6451219       11.630748
       3500.0000    0.0010000000       1.6199435       1.3391343
       3500.0000    0.0030000000       1.6585688       1.3394617
       3500.0000     0.010000000       1.6889002       1.3407906
       3500.0000     0.030000000       1.7097805       1.3448036
       3500.0000      0.10000000       1.7305476       1.3589593
       3500.0000      0.30000000       1.7530961       1.3990879
       3500.0000       1.0000000       1.7821497       1.5366612
       3500.0000       3.0000000       1.8083041       1.9094266
       3500.0000       10.000000       1.8459352       3.0221432
       3500.0000       30.000000       1.9210091       5.1428453
       3500.0000       100.00000       2.1132213       8.0937623
       3500.0000       300.00000       2.4237908       9.9282207
       3500.0000       1000.0000       2.8205016       10.856231
       3500.0000       3000.0000       3.1207772       11.261357
       3500.0000       10000.000       3.3477944       11.500254
       3500.0000       30000.000       3.4793972       11.621267
       3500.0000       100000.00       3.5677284       11.698812
       3500.0000       300000.00       3.6150656       11.753650
       3750.0000    0.0010000000       1.4699365       1.3426110
       3750.0000    0.0030000000       1.5534232       1.3427577
       3750.0000     0.010000000       1.6213712       1.3432589
       3750.0000     0.030000000       1.6623349       1.3447020
       3750.0000      0.10000000       1.6929611       1.3497859
       3750.0000      0.30000000       1.7144274       1.3642139
       3750.0000       1.0000000       1.7379369       1.4139484
       3750.0000       3.0000000       1.7647032       1.5525808
       3750.0000       10.000000       1.7996974       2.0083192
       3750.0000       30.000000       1.8414957       3.1109873
       3750.0000       100.00000       1.9335296       5.5642403
       3750.0000       300.00000       2.1184223       8.3011532
       3750.0000       1000.0000       2.4637118       10.258112
       3750.0000       3000.0000       2.8239968       11.056099
       3750.0000       10000.000       3.1473970       11.467254
       3750.0000       30000.000       3.3501827       11.664747
       3750.0000       100000.00       3.4912886       11.787198
       3750.0000       300000.00       3.5691714       11.862503
       4000.0000    0.0010000000       1.3208053       1.3462005
       4000.0000    0.0030000000       1.3859150       1.3462780
       4000.0000     0.010000000       1.4837617       1.3465225
       4000.0000     0.030000000       1.5683917       1.3471664
       4000.0000      0.10000000       1.6348006       1.3493215
       4000.0000      0.30000000       1.6735063       1.3553311
       4000.0000       1.0000000       1.7026854       1.3758920
       4000.0000       3.0000000       1.7254415       1.4332735
       4000.0000       10.000000       1.7548967       1.6271772
       4000.0000       30.000000       1.7908861       2.1408794
       4000.0000       100.00000       1.8483735       3.5929432
       4000.0000       300.00000       1.9499567       6.0718268
       4000.0000       1000.0000       2.1809401       9.0060459
       4000.0000       3000.0000       2.5126899       10.593443
       4000.0000       10000.000       2.8994058       11.348322
       4000.0000       30000.000       3.1788877       11.666265
       4000.0000       100000.00       3.3860123       11.851859
       4000.0000       300000.00       3.5043416       11.956082
