T(K)  p(mbar)  mu(amu)  mean cp(kJ/kg/K)
       75.000000    0.0010000000       2.3555831       12.853767
       75.000000    0.0030000000       2.3555831       12.853767
       75.000000     0.010000000       2.3555830       12.853767
       75.000000     0.030000000       2.3555830       12.853767
       75.000000      0.10000000       2.3555830       12.853767
       75.000000      0.30000000       2.3555830       12.853767
       75.000000       1.0000000       2.3555830       12.853767
       75.000000       3.0000000       2.3555830       12.853767
       75.000000       10.000000       2.3555830       12.853767
       75.000000       30.000000       2.3555830       12.853767
       75.000000       100.00000       2.3555830       12.853767
       75.000000       300.00000       2.3555830       12.853767
       75.000000       1000.0000       2.3555830       12.853767
       75.000000       3000.0000       2.3555830       12.853767
       75.000000       10000.000       2.3516107       12.883757
       100.00000    0.0010000000       2.3576001       12.372412
       100.00000    0.0030000000       2.3576000       12.372412
       100.00000     0.010000000       2.3571214       12.372412
       100.00000     0.030000000       2.3560958       12.372412
       100.00000      0.10000000       2.3557369       12.372412
       100.00000      0.30000000       2.3556343       12.372412
       100.00000       1.0000000       2.3555984       12.372412
       100.00000       3.0000000       2.3555881       12.372412
       100.00000       10.000000       2.3555846       12.372412
       100.00000       30.000000       2.3555835       12.372412
       100.00000       100.00000       2.3555832       12.372412
       100.00000       300.00000       2.3555830       12.372412
       100.00000       1000.0000       2.3555830       12.372412
       100.00000       3000.0000       2.3555830       12.372412
       100.00000       10000.000       2.3555830       12.372412
       100.00000       30000.000       2.3555830       12.372412
       110.00000    0.0010000000       2.3576002       12.312365
       110.00000    0.0030000000       2.3576001       12.312365
       110.00000     0.010000000       2.3576001       12.312365
       110.00000     0.030000000       2.3576001       12.312365
       110.00000      0.10000000       2.3576000       12.312365
       110.00000      0.30000000       2.3570073       12.312365
       110.00000       1.0000000       2.3560103       12.312365
       110.00000       3.0000000       2.3557255       12.312365
       110.00000       10.000000       2.3556257       12.312365
       110.00000       30.000000       2.3555973       12.312365
       110.00000       100.00000       2.3555873       12.312365
       110.00000       300.00000       2.3555845       12.312365
       110.00000       1000.0000       2.3555834       12.312365
       110.00000       3000.0000       2.3555832       12.312365
       110.00000       10000.000       2.3555830       12.312365
       110.00000       30000.000       2.3555830       12.312365
       110.00000       100000.00       2.3555830       12.312365
       120.00000    0.0010000000       2.3576103       12.313833
       120.00000    0.0030000000       2.3576035       12.313833
       120.00000     0.010000000       2.3576011       12.313833
       120.00000     0.030000000       2.3576004       12.313833
       120.00000      0.10000000       2.3576002       12.313833
       120.00000      0.30000000       2.3576001       12.313833
       120.00000       1.0000000       2.3576001       12.313833
       120.00000       3.0000000       2.3576001       12.313833
       120.00000       10.000000       2.3562650       12.313833
       120.00000       30.000000       2.3558104       12.313833
       120.00000       100.00000       2.3556512       12.313833
       120.00000       300.00000       2.3556058       12.313833
       120.00000       1000.0000       2.3555899       12.313833
       120.00000       3000.0000       2.3555853       12.313833
       120.00000       10000.000       2.3555837       12.313833
       120.00000       30000.000       2.3555833       12.313833
       120.00000       100000.00       2.3555831       12.313833
       130.00000    0.0010000000       2.3579598       12.367343
       130.00000    0.0030000000       2.3577200       12.367350
       130.00000     0.010000000       2.3576361       12.367352
       130.00000     0.030000000       2.3576121       12.367353
       130.00000      0.10000000       2.3576037       12.367353
       130.00000      0.30000000       2.3576013       12.367353
       130.00000       1.0000000       2.3576004       12.367353
       130.00000       3.0000000       2.3576002       12.367353
       130.00000       10.000000       2.3576001       12.367353
       130.00000       30.000000       2.3576001       12.367353
       130.00000       100.00000       2.3562937       12.367353
       130.00000       300.00000       2.3558200       12.367353
       130.00000       1000.0000       2.3556541       12.367353
       130.00000       3000.0000       2.3556067       12.367353
       130.00000       10000.000       2.3555901       12.367353
       130.00000       30000.000       2.3555854       12.367353
       130.00000       100000.00       2.3555837       12.367353
       140.00000    0.0010000000       2.3584522       12.463139
       140.00000    0.0030000000       2.3584221       12.463353
       140.00000     0.010000000       2.3583614       12.463428
       140.00000     0.030000000       2.3578538       12.463450
       140.00000      0.10000000       2.3576762       12.463457
       140.00000      0.30000000       2.3576254       12.463460
       140.00000       1.0000000       2.3576077       12.463460
       140.00000       3.0000000       2.3576026       12.463461
       140.00000       10.000000       2.3576008       12.463460
       140.00000       30.000000       2.3576003       12.463461
       140.00000       100.00000       2.3576002       12.463460
       140.00000       300.00000       2.3573493       12.463461
       140.00000       1000.0000       2.3561130       12.463460
       140.00000       3000.0000       2.3557596       12.463461
       140.00000       10000.000       2.3556360       12.463460
       140.00000       30000.000       2.3556007       12.463461
       140.00000       100000.00       2.3555883       12.463460
       150.00000    0.0010000000       2.3592594       12.586533
       150.00000    0.0030000000       2.3586912       12.590637
       150.00000     0.010000000       2.3584923       12.592075
       150.00000     0.030000000       2.3584355       12.592485
       150.00000      0.10000000       2.3584156       12.592629
       150.00000      0.30000000       2.3579578       12.592670
       150.00000       1.0000000       2.3577074       12.592685
       150.00000       3.0000000       2.3576358       12.592689
       150.00000       10.000000       2.3576108       12.592690
       150.00000       30.000000       2.3576037       12.592690
       150.00000       100.00000       2.3576011       12.592691
       150.00000       300.00000       2.3576004       12.592691
       150.00000       1000.0000       2.3576002       12.592691
       150.00000       3000.0000       2.3565907       12.592691
       150.00000       10000.000       2.3558853       12.592691
       150.00000       30000.000       2.3556838       12.592691
       150.00000       100000.00       2.3556133       12.592691
       160.00000    0.0010000000       2.3695549       12.664359
       160.00000    0.0030000000       2.3621205       12.718373
       160.00000     0.010000000       2.3595160       12.737406
       160.00000     0.030000000       2.3587758       12.742854
       160.00000      0.10000000       2.3585148       12.744763
       160.00000      0.30000000       2.3584443       12.745308
       160.00000       1.0000000       2.3584183       12.745498
       160.00000       3.0000000       2.3579625       12.745553
       160.00000       10.000000       2.3577088       12.745572
       160.00000       30.000000       2.3576363       12.745578
       160.00000       100.00000       2.3576109       12.745579
       160.00000       300.00000       2.3576037       12.745580
       160.00000       1000.0000       2.3576012       12.745580
       160.00000       3000.0000       2.3576004       12.745580
       160.00000       10000.000       2.3569701       12.745580
       160.00000       30000.000       2.3560454       12.745580
       160.00000       100000.00       2.3557218       12.745580
       170.00000    0.0010000000       2.3712174       12.817858
       170.00000    0.0030000000       2.3712176       12.817856
       170.00000     0.010000000       2.3691751       12.832843
       170.00000     0.030000000       2.3619804       12.885931
       170.00000      0.10000000       2.3594806       12.904632
       170.00000      0.30000000       2.3587605       12.909988
       170.00000       1.0000000       2.3585118       12.911862
       170.00000       3.0000000       2.3584398       12.912398
       170.00000       10.000000       2.3584179       12.912584
       170.00000       30.000000       2.3578798       12.912638
       170.00000       100.00000       2.3576840       12.912657
       170.00000       300.00000       2.3576280       12.912662
       170.00000       1000.0000       2.3576084       12.912664
       170.00000       3000.0000       2.3576028       12.912664
       170.00000       10000.000       2.3576009       12.912665
       170.00000       30000.000       2.3573565       12.912665
       170.00000       100000.00       2.3561151       12.912665
       180.00000    0.0010000000       2.3712209       12.988192
       180.00000    0.0030000000       2.3712208       12.988193
       180.00000     0.010000000       2.3712209       12.988192
       180.00000     0.030000000       2.3712208       12.988193
       180.00000      0.10000000       2.3665026       13.023409
       180.00000      0.30000000       2.3610911       13.064050
       180.00000       1.0000000       2.3592160       13.078344
       180.00000       3.0000000       2.3586746       13.082435
       180.00000       10.000000       2.3584883       13.083866
       180.00000       30.000000       2.3584375       13.084274
       180.00000       100.00000       2.3581200       13.084417
       180.00000       300.00000       2.3577756       13.084458
       180.00000       1000.0000       2.3576550       13.084472
       180.00000       3000.0000       2.3576206       13.084477
       180.00000       10000.000       2.3576085       13.084478
       180.00000       30000.000       2.3576051       13.084478
       180.00000       100000.00       2.3573440       13.084478
       190.00000    0.0010000000       2.3712244       13.153834
       190.00000    0.0030000000       2.3712245       13.153834
       190.00000     0.010000000       2.3712244       13.153834
       190.00000     0.030000000       2.3712245       13.153834
       190.00000      0.10000000       2.3712244       13.153834
       190.00000      0.30000000       2.3712245       13.153834
       190.00000       1.0000000       2.3633451       13.213788
       190.00000       3.0000000       2.3600534       13.238944
       190.00000       10.000000       2.3589043       13.247772
       190.00000       30.000000       2.3585784       13.250297
       190.00000       100.00000       2.3584670       13.251179
       190.00000       300.00000       2.3584335       13.251432
       190.00000       1000.0000       2.3578733       13.251520
       190.00000       3000.0000       2.3576975       13.251547
       190.00000       10000.000       2.3576368       13.251554
       190.00000       30000.000       2.3576187       13.251556
       190.00000       100000.00       2.3576132       13.251557
       200.00000    0.0010000000       2.3712243       13.305404
       200.00000    0.0030000000       2.3712244       13.305404
       200.00000     0.010000000       2.3712244       13.305404
       200.00000     0.030000000       2.3712244       13.305404
       200.00000      0.10000000       2.3712244       13.305404
       200.00000      0.30000000       2.3712244       13.305405
       200.00000       1.0000000       2.3712442       13.305404
       200.00000       3.0000000       2.3667614       13.339818
       200.00000       10.000000       2.3609176       13.384982
       200.00000       30.000000       2.3592501       13.397952
       200.00000       100.00000       2.3586678       13.402495
       200.00000       300.00000       2.3585012       13.403795
       200.00000       1000.0000       2.3584421       13.404251
       200.00000       3000.0000       2.3579894       13.404390
       200.00000       10000.000       2.3577236       13.404427
       200.00000       30000.000       2.3576484       13.404437
       200.00000       100000.00       2.3576213       13.404441
       210.00000    0.0010000000       2.3712277       13.435991
       210.00000    0.0030000000       2.3712243       13.435996
       210.00000     0.010000000       2.3712244       13.435996
       210.00000     0.030000000       2.3712244       13.435996
       210.00000      0.10000000       2.3712245       13.435996
       210.00000      0.30000000       2.3712244       13.435997
       210.00000       1.0000000       2.3712442       13.435996
       210.00000       3.0000000       2.3712442       13.436002
       210.00000       10.000000       2.3693083       13.451038
       210.00000       30.000000       2.3620480       13.507669
       210.00000       100.00000       2.3595075       13.527609
       210.00000       300.00000       2.3587805       13.533322
       210.00000       1000.0000       2.3585261       13.535328
       210.00000       3000.0000       2.3584534       13.535936
       210.00000       10000.000       2.3580377       13.536099
       210.00000       30000.000       2.3577525       13.536145
       210.00000       100000.00       2.3576527       13.536161
       220.00000    0.0010000000       2.3712271       13.548599
       220.00000    0.0030000000       2.3712277       13.548623
       220.00000     0.010000000       2.3712277       13.548626
       220.00000     0.030000000       2.3712245       13.548629
       220.00000      0.10000000       2.3712244       13.548629
       220.00000      0.30000000       2.3712244       13.548630
       220.00000       1.0000000       2.3712441       13.548630
       220.00000       3.0000000       2.3712442       13.548635
       220.00000       10.000000       2.3712476       13.548641
       220.00000       30.000000       2.3712512       13.548694
       220.00000       100.00000       2.3625660       13.616962
       220.00000       300.00000       2.3598007       13.638851
       220.00000       1000.0000       2.3588326       13.646553
       220.00000       3000.0000       2.3585560       13.648886
       220.00000       10000.000       2.3584591       13.649514
       220.00000       30000.000       2.3580865       13.649690
       220.00000       100000.00       2.3577533       13.649752
       230.00000    0.0010000000       2.3712274       13.648419
       230.00000    0.0030000000       2.3712272       13.648631
       230.00000     0.010000000       2.3712275       13.648657
       230.00000     0.030000000       2.3712277       13.648658
       230.00000      0.10000000       2.3712278       13.648659
       230.00000      0.30000000       2.3712244       13.648662
       230.00000       1.0000000       2.3712244       13.648663
       230.00000       3.0000000       2.3712441       13.648667
       230.00000       10.000000       2.3712482       13.648672
       230.00000       30.000000       2.3712518       13.648725
       230.00000       100.00000       2.3712520       13.648795
       230.00000       300.00000       2.3631016       13.713429
       230.00000       1000.0000       2.3598231       13.739663
       230.00000       3000.0000       2.3588861       13.747625
       230.00000       10000.000       2.3585582       13.749772
       230.00000       30000.000       2.3584645       13.750376
       230.00000       100000.00       2.3580399       13.750587
       240.00000    0.0010000000       2.3712061       13.736782
       240.00000    0.0030000000       2.3712281       13.737994
       240.00000     0.010000000       2.3712315       13.738161
       240.00000     0.030000000       2.3712283       13.738180
       240.00000      0.10000000       2.3712285       13.738181
       240.00000      0.30000000       2.3712285       13.738182
       240.00000       1.0000000       2.3712285       13.738183
       240.00000       3.0000000       2.3712442       13.738190
       240.00000       10.000000       2.3712476       13.738194
       240.00000       30.000000       2.3712478       13.738251
       240.00000       100.00000       2.3712513       13.738318
       240.00000       300.00000       2.3712548       13.738614
       240.00000       1000.0000       2.3627170       13.807077
       240.00000       3000.0000       2.3598506       13.831553
       240.00000       10000.000       2.3588471       13.838181
       240.00000       30000.000       2.3585604       13.840045
       240.00000       100000.00       2.3584600       13.840697
       250.00000    0.0010000000       2.3711238       13.811358
       250.00000    0.0030000000       2.3712169       13.815019
       250.00000     0.010000000       2.3712298       13.815918
       250.00000     0.030000000       2.3712309       13.816010
       250.00000      0.10000000       2.3712285       13.816022
       250.00000      0.30000000       2.3712277       13.816025
       250.00000       1.0000000       2.3712285       13.816024
       250.00000       3.0000000       2.3712441       13.816032
       250.00000       10.000000       2.3712476       13.816036
       250.00000       30.000000       2.3712477       13.816093
       250.00000       100.00000       2.3712512       13.816161
       250.00000       300.00000       2.3712556       13.816455
       250.00000       1000.0000       2.3704431       13.824497
       250.00000       3000.0000       2.3624283       13.892959
       250.00000       10000.000       2.3596204       13.911610
       250.00000       30000.000       2.3588188       13.916864
       250.00000       100000.00       2.3585374       13.918704
       260.00000    0.0010000000       2.3710330       13.873176
       260.00000    0.0030000000       2.3711702       13.878178
       260.00000     0.010000000       2.3712249       13.881159
       260.00000     0.030000000       2.3712340       13.881610
       260.00000      0.10000000       2.3712309       13.881668
       260.00000      0.30000000       2.3712283       13.881676
       260.00000       1.0000000       2.3712277       13.881678
       260.00000       3.0000000       2.3712285       13.881682
       260.00000       10.000000       2.3712476       13.881688
       260.00000       30.000000       2.3712478       13.881745
       260.00000       100.00000       2.3712512       13.881813
       260.00000       300.00000       2.3712549       13.882107
       260.00000       1000.0000       2.3712549       13.883786
       260.00000       3000.0000       2.3687812       13.916949
       260.00000       10000.000       2.3615276       13.965222
       260.00000       30000.000       2.3594540       13.978874
       260.00000       100000.00       2.3587281       13.983659
       260.00000       300000.00       2.3585207       13.985027
       270.00000    0.0010000000       2.3708737       13.927337
       270.00000    0.0030000000       2.3710687       13.930744
       270.00000     0.010000000       2.3711990       13.935900
       270.00000     0.030000000       2.3712334       13.937563
       270.00000      0.10000000       2.3712347       13.937819
       270.00000      0.30000000       2.3712310       13.937846
       270.00000       1.0000000       2.3712277       13.937851
       270.00000       3.0000000       2.3712277       13.937858
       270.00000       10.000000       2.3712484       13.937861
       270.00000       30.000000       2.3712477       13.937919
       270.00000       100.00000       2.3712520       13.937986
       270.00000       300.00000       2.3712554       13.938282
       270.00000       1000.0000       2.3712556       13.939960
       270.00000       3000.0000       2.3712556       13.956837
       270.00000       10000.000       2.3659108       13.992856
       270.00000       30000.000       2.3609161       14.025812
       270.00000       100000.00       2.3591673       14.037394
       270.00000       300000.00       2.3586675       14.040709
       275.00000    0.0010000000       2.3707512       13.952911
       275.00000    0.0030000000       2.3710175       13.954844
       275.00000     0.010000000       2.3711742       13.960230
       275.00000     0.030000000       2.3712283       13.962915
       275.00000      0.10000000       2.3712340       13.963424
       275.00000      0.30000000       2.3712310       13.963474
       275.00000       1.0000000       2.3712310       13.963481
       275.00000       3.0000000       2.3712278       13.963489
       275.00000       10.000000       2.3712475       13.963495
       275.00000       30.000000       2.3712477       13.963551
       275.00000       100.00000       2.3712520       13.963618
       275.00000       300.00000       2.3712556       13.963913
       275.00000       1000.0000       2.3712554       13.965593
       275.00000       3000.0000       2.3712556       13.982469
       275.00000       10000.000       2.3696814       13.993766
       275.00000       30000.000       2.3621741       14.043280
       275.00000       100000.00       2.3595447       14.060721
       275.00000       300000.00       2.3587934       14.065716
       280.00000    0.0010000000       2.3705916       13.977805
       280.00000    0.0030000000       2.3709355       13.978246
       280.00000     0.010000000       2.3711206       13.983137
       280.00000     0.030000000       2.3712188       13.986896
       280.00000      0.10000000       2.3712364       13.987843
       280.00000      0.30000000       2.3712349       13.987943
       280.00000       1.0000000       2.3712317       13.987958
       280.00000       3.0000000       2.3712317       13.987965
       280.00000       10.000000       2.3712476       13.987972
       280.00000       30.000000       2.3712482       13.988030
       280.00000       100.00000       2.3712513       13.988096
       280.00000       300.00000       2.3712555       13.988391
       280.00000       1000.0000       2.3712548       13.990071
       280.00000       3000.0000       2.3712556       14.006947
       280.00000       10000.000       2.3712549       14.007917
       280.00000       30000.000       2.3636845       14.057883
       280.00000       100000.00       2.3599974       14.082367
       280.00000       300000.00       2.3589445       14.089386
       290.00000    0.0010000000       2.3703420       14.023814
       290.00000    0.0030000000       2.3707192       14.022826
       290.00000     0.010000000       2.3710332       14.025117
       290.00000     0.030000000       2.3711815       14.030043
       290.00000      0.10000000       2.3712306       14.032623
       290.00000      0.30000000       2.3712374       14.032981
       290.00000       1.0000000       2.3712349       14.033027
       290.00000       3.0000000       2.3712309       14.033040
       290.00000       10.000000       2.3712319       14.033046
       290.00000       30.000000       2.3712516       14.033102
       290.00000       100.00000       2.3712513       14.033170
       290.00000       300.00000       2.3712554       14.033467
       290.00000       1000.0000       2.3712549       14.035145
       290.00000       3000.0000       2.3712554       14.052023
       290.00000       10000.000       2.3712548       14.052993
       290.00000       30000.000       2.3684149       14.071764
       290.00000       100000.00       2.3614175       14.118273
       290.00000       300000.00       2.3594179       14.131646
       300.00000    0.0010000000       2.3708263       14.057733
       300.00000    0.0030000000       2.3708409       14.058575
       300.00000     0.010000000       2.3709131       14.061124
       300.00000     0.030000000       2.3710045       14.065861
       300.00000      0.10000000       2.3711132       14.070536
       300.00000      0.30000000       2.3711367       14.071648
       300.00000       1.0000000       2.3711387       14.071802
       300.00000       3.0000000       2.3711396       14.071821
       300.00000       10.000000       2.3711391       14.071830
       300.00000       30.000000       2.3711397       14.071887
       300.00000       100.00000       2.3711390       14.071959
       300.00000       300.00000       2.3711396       14.072257
       300.00000       1000.0000       2.3711390       14.073936
       300.00000       3000.0000       2.3711396       14.090802
       300.00000       10000.000       2.3711390       14.091772
       300.00000       30000.000       2.3711396       14.091761
       300.00000       100000.00       2.3637646       14.140786
       300.00000       300000.00       2.3601279       14.165150
       310.00000    0.0010000000       2.3708237       14.088992
       310.00000    0.0030000000       2.3708312       14.089471
       310.00000     0.010000000       2.3708625       14.091015
       310.00000     0.030000000       2.3709499       14.094504
       310.00000      0.10000000       2.3710776       14.100175
       310.00000      0.30000000       2.3711263       14.102785
       310.00000       1.0000000       2.3711380       14.103257
       310.00000       3.0000000       2.3711388       14.103307
       310.00000       10.000000       2.3711389       14.103320
       310.00000       30.000000       2.3711390       14.103378
       310.00000       100.00000       2.3711390       14.103449
       310.00000       300.00000       2.3711390       14.103748
       310.00000       1000.0000       2.3711390       14.105426
       310.00000       3000.0000       2.3711390       14.122293
       310.00000       10000.000       2.3711390       14.123263
       310.00000       30000.000       2.3711390       14.123252
       310.00000       100000.00       2.3678564       14.145010
       310.00000       300000.00       2.3614922       14.187634
       320.00000    0.0010000000       2.3708211       14.114949
       320.00000    0.0030000000       2.3708265       14.115226
       320.00000     0.010000000       2.3708419       14.116155
       320.00000     0.030000000       2.3709091       14.118469
       320.00000      0.10000000       2.3710087       14.123647
       320.00000      0.30000000       2.3711109       14.127980
       320.00000       1.0000000       2.3711370       14.129244
       320.00000       3.0000000       2.3711387       14.129386
       320.00000       10.000000       2.3711396       14.129409
       320.00000       30.000000       2.3711390       14.129468
       320.00000       100.00000       2.3711396       14.129539
       320.00000       300.00000       2.3711390       14.129839
       320.00000       1000.0000       2.3711396       14.131516
       320.00000       3000.0000       2.3711390       14.148383
       320.00000       10000.000       2.3711396       14.149353
       320.00000       30000.000       2.3711390       14.149342
       320.00000       100000.00       2.3711396       14.149199
       320.00000       300000.00       2.3636889       14.199014
       330.00000    0.0010000000       2.3708201       14.137932
       330.00000    0.0030000000       2.3708236       14.138097
       330.00000     0.010000000       2.3708326       14.138659
       330.00000     0.030000000       2.3708627       14.140140
       330.00000      0.10000000       2.3709588       14.144130
       330.00000      0.30000000       2.3710781       14.149350
       330.00000       1.0000000       2.3711322       14.152038
       330.00000       3.0000000       2.3711381       14.152420
       330.00000       10.000000       2.3711397       14.152473
       330.00000       30.000000       2.3711389       14.152535
       330.00000       100.00000       2.3711396       14.152606
       330.00000       300.00000       2.3711390       14.152905
       330.00000       1000.0000       2.3711396       14.154583
       330.00000       3000.0000       2.3711390       14.171450
       330.00000       10000.000       2.3711396       14.172419
       330.00000       30000.000       2.3711390       14.172409
       330.00000       100000.00       2.3711396       14.172266
       330.00000       300000.00       2.3671161       14.199009
       340.00000    0.0010000000       2.3708196       14.158688
       340.00000    0.0030000000       2.3708219       14.158788
       340.00000     0.010000000       2.3708273       14.159134
       340.00000     0.030000000       2.3708476       14.160076
       340.00000      0.10000000       2.3709191       14.162889
       340.00000      0.30000000       2.3710342       14.167845
       340.00000       1.0000000       2.3711171       14.172215
       340.00000       3.0000000       2.3711366       14.173146
       340.00000       10.000000       2.3711394       14.173276
       340.00000       30.000000       2.3711390       14.173345
       340.00000       100.00000       2.3711397       14.173417
       340.00000       300.00000       2.3711390       14.173716
       340.00000       1000.0000       2.3711396       14.175394
       340.00000       3000.0000       2.3711390       14.192261
       340.00000       10000.000       2.3711396       14.193230
       340.00000       30000.000       2.3711390       14.193220
       340.00000       100000.00       2.3711396       14.193077
       340.00000       300000.00       2.3711390       14.192725
       350.00000    0.0010000000       2.3708192       14.176366
       350.00000    0.0030000000       2.3708209       14.176429
       350.00000     0.010000000       2.3708240       14.176646
       350.00000     0.030000000       2.3708350       14.177250
       350.00000      0.10000000       2.3708909       14.179160
       350.00000      0.30000000       2.3709688       14.183210
       350.00000       1.0000000       2.3710966       14.188714
       350.00000       3.0000000       2.3711336       14.190659
       350.00000       10.000000       2.3711391       14.190973
       350.00000       30.000000       2.3711395       14.191059
       350.00000       100.00000       2.3711395       14.191133
       350.00000       300.00000       2.3711396       14.191432
       350.00000       1000.0000       2.3711396       14.193110
       350.00000       3000.0000       2.3711396       14.209977
       350.00000       10000.000       2.3711396       14.210947
       350.00000       30000.000       2.3711396       14.210936
       350.00000       100000.00       2.3711396       14.210794
       350.00000       300000.00       2.3711396       14.210441
       375.00000    0.0010000000       2.3708188       14.206575
       375.00000    0.0030000000       2.3708192       14.206596
       375.00000     0.010000000       2.3708204       14.206671
       375.00000     0.030000000       2.3708241       14.206881
       375.00000      0.10000000       2.3708364       14.207593
       375.00000      0.30000000       2.3708915       14.209433
       375.00000       1.0000000       2.3709803       14.214027
       375.00000       3.0000000       2.3710974       14.219025
       375.00000       10.000000       2.3711343       14.220996
       375.00000       30.000000       2.3711391       14.221292
       375.00000       100.00000       2.3711389       14.221390
       375.00000       300.00000       2.3711397       14.221687
       375.00000       1000.0000       2.3711390       14.223336
       375.00000       3000.0000       2.3711396       14.239865
       375.00000       10000.000       2.3711390       14.240889
       375.00000       30000.000       2.3711396       14.241220
       375.00000       100000.00       2.3711390       14.241090
       375.00000       300000.00       2.3711396       14.240730
       400.00000    0.0010000000       2.3708177       14.227186
       400.00000    0.0030000000       2.3708184       14.227195
       400.00000     0.010000000       2.3708183       14.227224
       400.00000     0.030000000       2.3708203       14.227305
       400.00000      0.10000000       2.3708245       14.227587
       400.00000      0.30000000       2.3708386       14.228362
       400.00000       1.0000000       2.3709065       14.230743
       400.00000       3.0000000       2.3709946       14.235357
       400.00000       10.000000       2.3711086       14.240373
       400.00000       30.000000       2.3711343       14.241742
       400.00000       100.00000       2.3711382       14.241984
       400.00000       300.00000       2.3711378       14.242234
       400.00000       1000.0000       2.3711386       14.243498
       400.00000       3000.0000       2.3711379       14.255617
       400.00000       10000.000       2.3711385       14.257354
       400.00000       30000.000       2.3711379       14.262140
       400.00000       100000.00       2.3711385       14.262179
       400.00000       300000.00       2.3711379       14.261719
       425.00000    0.0010000000       2.3708166       14.240713
       425.00000    0.0030000000       2.3708184       14.240708
       425.00000     0.010000000       2.3708180       14.240720
       425.00000     0.030000000       2.3708192       14.240754
       425.00000      0.10000000       2.3708207       14.240876
       425.00000      0.30000000       2.3708273       14.241216
       425.00000       1.0000000       2.3708495       14.242344
       425.00000       3.0000000       2.3709200       14.245085
       425.00000       10.000000       2.3710447       14.250637
       425.00000       30.000000       2.3711172       14.254451
       425.00000       100.00000       2.3711367       14.255402
       425.00000       300.00000       2.3711377       14.255671
       425.00000       1000.0000       2.3711385       14.256570
       425.00000       3000.0000       2.3711379       14.264560
       425.00000       10000.000       2.3711385       14.266997
       425.00000       30000.000       2.3711379       14.275937
       425.00000       100000.00       2.3711385       14.276144
       425.00000       300000.00       2.3711379       14.275580
       450.00000    0.0010000000       2.3708148       14.248945
       450.00000    0.0030000000       2.3708169       14.248933
       450.00000     0.010000000       2.3708177       14.248933
       450.00000     0.030000000       2.3708180       14.248950
       450.00000      0.10000000       2.3708189       14.249007
       450.00000      0.30000000       2.3708217       14.249167
       450.00000       1.0000000       2.3708312       14.249714
       450.00000       3.0000000       2.3708595       14.251165
       450.00000       10.000000       2.3709549       14.255100
       450.00000       30.000000       2.3710744       14.260399
       450.00000       100.00000       2.3711301       14.263249
       450.00000       300.00000       2.3711370       14.263778
       450.00000       1000.0000       2.3711378       14.264357
       450.00000       3000.0000       2.3711378       14.268462
       450.00000       10000.000       2.3711379       14.271581
       450.00000       30000.000       2.3711379       14.284417
       450.00000       100000.00       2.3711379       14.284787
       450.00000       300000.00       2.3711379       14.284120
       475.00000    0.0010000000       2.3707677       14.254778
       475.00000    0.0030000000       2.3708117       14.254549
       475.00000     0.010000000       2.3708180       14.254516
       475.00000     0.030000000       2.3708178       14.254523
       475.00000      0.10000000       2.3708190       14.254551
       475.00000      0.30000000       2.3708196       14.254632
       475.00000       1.0000000       2.3708251       14.254911
       475.00000       3.0000000       2.3708377       14.255680
       475.00000       10.000000       2.3709052       14.258042
       475.00000       30.000000       2.3709937       14.262650
       475.00000       100.00000       2.3711076       14.267717
       475.00000       300.00000       2.3711342       14.269153
       475.00000       1000.0000       2.3711376       14.269687
       475.00000       3000.0000       2.3711379       14.271827
       475.00000       10000.000       2.3711379       14.274937
       475.00000       30000.000       2.3711379       14.287962
       475.00000       100000.00       2.3711379       14.291354
       475.00000       300000.00       2.3711379       14.290631
       500.00000    0.0010000000       2.3702342       14.263615
       500.00000    0.0030000000       2.3707442       14.261374
       500.00000     0.010000000       2.3708110       14.261027
       500.00000     0.030000000       2.3708174       14.260998
       500.00000      0.10000000       2.3708182       14.261006
       500.00000      0.30000000       2.3708195       14.261050
       500.00000       1.0000000       2.3708213       14.261201
       500.00000       3.0000000       2.3708293       14.261620
       500.00000       10.000000       2.3708555       14.262996
       500.00000       30.000000       2.3709344       14.266205
       500.00000       100.00000       2.3710655       14.271949
       500.00000       300.00000       2.3711224       14.275105
       500.00000       1000.0000       2.3711373       14.275918
       500.00000       3000.0000       2.3711378       14.276557
       500.00000       10000.000       2.3711385       14.279524
       500.00000       30000.000       2.3711379       14.292056
       500.00000       100000.00       2.3711385       14.299033
       500.00000       300000.00       2.3711379       14.298110
       575.00000    0.0010000000       1.1817636       14.334681
       575.00000    0.0030000000       1.1833643       14.312607
       575.00000     0.010000000       2.3688764       14.301668
       575.00000     0.030000000       2.3702721       14.296220
       575.00000      0.10000000       2.3707663       14.294361
       575.00000      0.30000000       2.3708125       14.294164
       575.00000       1.0000000       2.3708169       14.294175
       575.00000       3.0000000       2.3708206       14.294254
       575.00000       10.000000       2.3708253       14.294558
       575.00000       30.000000       2.3708402       14.295401
       575.00000       100.00000       2.3709102       14.297949
       575.00000       300.00000       2.3710014       14.302747
       575.00000       1000.0000       2.3711113       14.307655
       575.00000       3000.0000       2.3711348       14.309103
       575.00000       10000.000       2.3711383       14.310470
       575.00000       30000.000       2.3711378       14.315180
       575.00000       100000.00       2.3711386       14.335826
       575.00000       300000.00       2.3711379       14.351481
       650.00000    0.0010000000       1.1811200       14.372934
       650.00000    0.0030000000       1.1813661       14.369474
       650.00000     0.010000000       1.1822285       14.357369
       650.00000     0.030000000       2.3672523       14.338324
       650.00000      0.10000000       2.3684014       14.334535
       650.00000      0.30000000       2.3699584       14.329334
       650.00000       1.0000000       2.3706995       14.326861
       650.00000       3.0000000       2.3708073       14.326560
       650.00000       10.000000       2.3708180       14.326613
       650.00000       30.000000       2.3708243       14.326856
       650.00000       100.00000       2.3708385       14.327709
       650.00000       300.00000       2.3708989       14.329866
       650.00000       1000.0000       2.3709977       14.334936
       650.00000       3000.0000       2.3711056       14.339739
       650.00000       10000.000       2.3711346       14.341802
       650.00000       30000.000       2.3711381       14.343892
       650.00000       100000.00       2.3711378       14.358951
       650.00000       300000.00       2.3711386       14.451127
       725.00000    0.0010000000       1.1810951       14.426608
       725.00000    0.0030000000       1.1811406       14.425958
       725.00000     0.010000000       1.1812897       14.423486
       725.00000     0.030000000       1.1817713       14.416429
       725.00000      0.10000000       2.3670071       14.392174
       725.00000      0.30000000       2.3673525       14.391172
       725.00000       1.0000000       2.3686683       14.387462
       725.00000       3.0000000       2.3701814       14.383254
       725.00000       10.000000       2.3707516       14.381687
       725.00000       30.000000       2.3708130       14.381598
       725.00000       100.00000       2.3708243       14.381898
       725.00000       300.00000       2.3708414       14.382781
       725.00000       1000.0000       2.3709139       14.385475
       725.00000       3000.0000       2.3710059       14.390448
       725.00000       10000.000       2.3711140       14.395455
       725.00000       30000.000       2.3711351       14.397524
       725.00000       100000.00       2.3711383       14.405035
       725.00000       300000.00       2.3711378       14.468404
       800.00000    0.0010000000       1.1810838       14.512914
       800.00000    0.0030000000       1.1810982       14.512733
       800.00000     0.010000000       1.1811417       14.512092
       800.00000     0.030000000       1.1812721       14.510244
       800.00000      0.10000000       1.1817342       14.503910
       800.00000      0.30000000       1.1830854       14.485414
       800.00000       1.0000000       2.3671717       14.478587
       800.00000       3.0000000       2.3678750       14.476849
       800.00000       10.000000       2.3695463       14.472866
       800.00000       30.000000       2.3705690       14.470484
       800.00000       100.00000       2.3707983       14.470107
       800.00000       300.00000       2.3708264       14.470458
       800.00000       1000.0000       2.3708529       14.471794
       800.00000       3000.0000       2.3709303       14.474951
       800.00000       10000.000       2.3710610       14.480934
       800.00000       30000.000       2.3711213       14.484879
       800.00000       100000.00       2.3711374       14.488601
       800.00000       300000.00       2.3711381       14.501707
       900.00000    0.0010000000       1.1813175       14.619676
       900.00000    0.0030000000       1.1812909       14.621487
       900.00000     0.010000000       1.1811315       14.629766
       900.00000     0.030000000       1.1811224       14.630906
       900.00000      0.10000000       1.1812320       14.629481
       900.00000      0.30000000       1.1815490       14.625210
       900.00000       1.0000000       1.1826406       14.610289
       900.00000       3.0000000       2.3671240       14.598075
       900.00000       10.000000       2.3674442       14.597509
       900.00000       30.000000       2.3685538       14.595537
       900.00000       100.00000       2.3701409       14.592552
       900.00000       300.00000       2.3707247       14.591615
       900.00000       1000.0000       2.3708278       14.592017
       900.00000       3000.0000       2.3708619       14.593530
       900.00000       10000.000       2.3709578       14.597722
       900.00000       30000.000       2.3710774       14.603475
       900.00000       100000.00       2.3711335       14.607906
       900.00000       300000.00       2.3711439       14.613688
       1000.0000    0.0010000000       1.1833983       14.744621
       1000.0000    0.0030000000       1.1830132       14.749055
       1000.0000     0.010000000       1.1815692       14.765470
       1000.0000     0.030000000       1.1813601       14.767271
       1000.0000      0.10000000       1.1813436       14.768436
       1000.0000      0.30000000       1.1812798       14.775014
       1000.0000       1.0000000       1.1815589       14.773172
       1000.0000       3.0000000       1.1825204       14.760314
       1000.0000       10.000000       2.3671169       14.746556
       1000.0000       30.000000       2.3672789       14.746372
       1000.0000       100.00000       2.3681613       14.745279
       1000.0000       300.00000       2.3697498       14.743273
       1000.0000       1000.0000       2.3707818       14.742206
       1000.0000       3000.0000       2.3708754       14.742783
       1000.0000       10000.000       2.3709262       14.745219
       1000.0000       30000.000       2.3710089       14.750143
       1000.0000       100000.00       2.3711323       14.756369
       1000.0000       300000.00       2.3711636       14.760916
       1100.0000    0.0010000000       1.1834238       14.912050
       1100.0000    0.0030000000       1.1834058       14.912047
       1100.0000     0.010000000       1.1833994       14.912028
       1100.0000     0.030000000       1.1834006       14.911984
       1100.0000      0.10000000       1.1834125       14.911817
       1100.0000      0.30000000       1.1817190       14.931371
       1100.0000       1.0000000       1.1815505       14.932776
       1100.0000       3.0000000       1.1817997       14.932106
       1100.0000       10.000000       1.1829030       14.922649
       1100.0000       30.000000       2.3671125       14.914589
       1100.0000       100.00000       2.3672769       14.914447
       1100.0000       300.00000       2.3680260       14.913834
       1100.0000       1000.0000       2.3697281       14.912515
       1100.0000       3000.0000       2.3707555       14.912050
       1100.0000       10000.000       2.3709982       14.913314
       1100.0000       30000.000       2.3710619       14.916797
       1100.0000       100000.00       2.3711246       14.923469
       1100.0000       300000.00       2.3711660       14.928703
       1200.0000    0.0010000000       1.1846635       15.099049
       1200.0000    0.0030000000       1.1837916       15.099091
       1200.0000     0.010000000       1.1835054       15.099144
       1200.0000     0.030000000       1.1834313       15.099140
       1200.0000      0.10000000       1.1834098       15.099071
       1200.0000      0.30000000       1.1834185       15.098856
       1200.0000       1.0000000       1.1834829       15.098119
       1200.0000       3.0000000       1.1827301       15.106723
       1200.0000       10.000000       1.1823293       15.110597
       1200.0000       30.000000       2.3669290       15.097165
       1200.0000       100.00000       2.3671176       15.102207
       1200.0000       300.00000       2.3673012       15.102181
       1200.0000       1000.0000       2.3682292       15.101816
       1200.0000       3000.0000       2.3698306       15.101236
       1200.0000       10000.000       2.3708351       15.101804
       1200.0000       30000.000       2.3710307       15.104160
       1200.0000       100000.00       2.3711606       15.109987
       1200.0000       300000.00       2.3712451       15.116256
       1300.0000    0.0010000000       1.1842487       15.294532
       1300.0000    0.0030000000       1.1845392       15.295500
       1300.0000     0.010000000       1.1847123       15.295912
       1300.0000     0.030000000       1.1842978       15.296034
       1300.0000      0.10000000       1.1836579       15.296048
       1300.0000      0.30000000       1.1834830       15.296009
       1300.0000       1.0000000       1.1834533       15.295658
       1300.0000       3.0000000       1.1835301       15.294614
       1300.0000       10.000000       1.1837976       15.290957
       1300.0000       30.000000       1.1843516       15.283387
       1300.0000       100.00000       2.3672060       15.292356
       1300.0000       300.00000       2.3671309       15.299442
       1300.0000       1000.0000       2.3674528       15.300006
       1300.0000       3000.0000       2.3685338       15.300104
       1300.0000       10000.000       2.3702509       15.301004
       1300.0000       30000.000       2.3709286       15.302750
       1300.0000       100000.00       2.3711141       15.307461
       1300.0000       300000.00       2.3712414       15.314143
       1400.0000    0.0010000000       1.1820172       15.515319
       1400.0000    0.0030000000       1.1832102       15.517626
       1400.0000     0.010000000       1.1839953       15.520214
       1400.0000     0.030000000       1.1844006       15.521684
       1400.0000      0.10000000       1.1846441       15.522376
       1400.0000      0.30000000       1.1846711       15.522562
       1400.0000       1.0000000       1.1837738       15.522454
       1400.0000       3.0000000       1.1835777       15.521962
       1400.0000       10.000000       1.1836410       15.520020
       1400.0000       30.000000       1.1840638       15.514399
       1400.0000       100.00000       2.3695057       15.506052
       1400.0000       300.00000       2.3676542       15.517485
       1400.0000       1000.0000       2.3672372       15.526597
       1400.0000       3000.0000       2.3677047       15.528148
       1400.0000       10000.000       2.3692284       15.529927
       1400.0000       30000.000       2.3705775       15.532330
       1400.0000       100000.00       2.3710541       15.536370
       1400.0000       300000.00       2.3712056       15.542834
       1500.0000    0.0010000000       1.1751727       15.758298
       1500.0000    0.0030000000       1.1791757       15.759712
       1500.0000     0.010000000       1.1816862       15.761429
       1500.0000     0.030000000       1.1830215       15.763635
       1500.0000      0.10000000       1.1839025       15.766327
       1500.0000      0.30000000       1.1843621       15.767992
       1500.0000       1.0000000       1.1846535       15.768750
       1500.0000       3.0000000       1.1846968       15.768733
       1500.0000       10.000000       1.1839058       15.767727
       1500.0000       30.000000       1.1839454       15.764590
       1500.0000       100.00000       2.3693566       15.755033
       1500.0000       300.00000       2.3695177       15.752873
       1500.0000       1000.0000       2.3682962       15.762534
       1500.0000       3000.0000       2.3675446       15.774073
       1500.0000       10000.000       2.3683063       15.778211
       1500.0000       30000.000       2.3699089       15.782483
       1500.0000       100000.00       2.3709112       15.787367
       1500.0000       300000.00       2.3711440       15.793475
       1600.0000    0.0010000000       1.1560616       15.960320
       1600.0000    0.0030000000       1.1680111       15.963754
       1600.0000     0.010000000       1.1755428       15.965966
       1600.0000     0.030000000       1.1794486       15.967399
       1600.0000      0.10000000       1.1819076       15.969181
       1600.0000      0.30000000       1.1832348       15.971444
       1600.0000       1.0000000       1.1840993       15.974047
       1600.0000       3.0000000       1.1845613       15.975489
       1600.0000       10.000000       1.1848978       15.975669
       1600.0000       30.000000       1.1846942       15.974082
       1600.0000       100.00000       1.1846636       15.967604
       1600.0000       300.00000       2.3694378       15.962631
       1600.0000       1000.0000       2.3696310       15.960888
       1600.0000       3000.0000       2.3691695       15.968731
       1600.0000       10000.000       2.3681158       15.985386
       1600.0000       30000.000       2.3691028       15.993249
       1600.0000       100000.00       2.3706200       16.001474
       1600.0000       300000.00       2.3710843       16.008041
       1700.0000    0.0010000000       1.1108134       16.153666
       1700.0000    0.0030000000       2.2818336       16.163576
       1700.0000     0.010000000       2.3209632       16.169425
       1700.0000     0.030000000       2.3415995       16.172390
       1700.0000      0.10000000       2.3545670       16.174390
       1700.0000      0.30000000       2.3613245       16.175855
       1700.0000       1.0000000       2.3656252       16.177870
       1700.0000       3.0000000       1.1839252       16.180189
       1700.0000       10.000000       1.1847019       16.182261
       1700.0000       30.000000       2.3704651       16.182495
       1700.0000       100.00000       2.3711489       16.179681
       1700.0000       300.00000       2.3699024       16.174461
       1700.0000       1000.0000       2.3696189       16.170377
       1700.0000       3000.0000       2.3698931       16.170150
       1700.0000       10000.000       2.3697195       16.182035
       1700.0000       30000.000       2.3691288       16.201041
       1700.0000       100000.00       2.3702022       16.216599
       1700.0000       300000.00       2.3709850       16.226084
       1800.0000    0.0010000000       2.0451531       16.311716
       1800.0000    0.0030000000       2.1678931       16.340121
       1800.0000     0.010000000       2.2541305       16.355802
       1800.0000     0.030000000       2.3016358       16.363320
       1800.0000      0.10000000       2.3321809       16.367855
       1800.0000      0.30000000       2.3481853       16.370281
       1800.0000       1.0000000       2.3582425       16.372224
       1800.0000       3.0000000       2.3635204       16.374126
       1800.0000       10.000000       2.3669627       16.376688
       1800.0000       30.000000       2.3688681       16.378654
       1800.0000       100.00000       2.3701456       16.378855
       1800.0000       300.00000       2.3709803       16.376254
       1800.0000       1000.0000       2.3703936       16.371591
       1800.0000       3000.0000       2.3699236       16.369762
       1800.0000       10000.000       2.3705038       16.372665
       1800.0000       30000.000       2.3705953       16.389757
       1800.0000       100000.00       2.3705368       16.418854
       1800.0000       300000.00       2.3709905       16.436985
       1900.0000    0.0010000000       1.7862067       16.391660
       1900.0000    0.0030000000       1.9742260       16.476785
       1900.0000     0.010000000       2.1299043       16.518735
       1900.0000     0.030000000       2.2239333       16.537375
       1900.0000      0.10000000       2.2874632       16.548013
       1900.0000      0.30000000       2.3216888       16.553255
       1900.0000       1.0000000       2.3434566       16.556573
       1900.0000       3.0000000       2.3548096       16.558668
       1900.0000       10.000000       2.3619899       16.560972
       1900.0000       30.000000       2.3658359       16.563376
       1900.0000       100.00000       2.3683822       16.565519
       1900.0000       300.00000       2.3698184       16.565704
       1900.0000       1000.0000       2.3709574       16.563276
       1900.0000       3000.0000       2.3708770       16.560803
       1900.0000       10000.000       2.3704319       16.562424
       1900.0000       30000.000       2.3713030       16.571406
       1900.0000       100000.00       2.3715749       16.604683
       1900.0000       300000.00       2.3718017       16.637160
       2000.0000    0.0010000000       1.5328923       16.248393
       2000.0000    0.0030000000       1.7239711       16.522454
       2000.0000     0.010000000       1.9377174       16.640185
       2000.0000     0.030000000       2.0922781       16.686689
       2000.0000      0.10000000       2.2074226       16.711257
       2000.0000      0.30000000       2.2729594       16.722713
       2000.0000       1.0000000       2.3158444       16.729488
       2000.0000       3.0000000       2.3385468       16.733026
       2000.0000       10.000000       2.3528902       16.735668
       2000.0000       30.000000       2.3603946       16.737992
       2000.0000       100.00000       2.3652386       16.740779
       2000.0000       300.00000       2.3678981       16.742842
       2000.0000       1000.0000       2.3697377       16.743419
       2000.0000       3000.0000       2.3709948       16.742481
       2000.0000       10000.000       2.3712102       16.743444
       2000.0000       30000.000       2.3711670       16.751803
       2000.0000       100000.00       2.3725387       16.777529
       2000.0000       300000.00       2.3729014       16.823553
       2150.0000    0.0010000000       1.3439881       14.577007
       2150.0000    0.0030000000       1.4271295       16.025942
       2150.0000     0.010000000       1.5974092       16.624479
       2150.0000     0.030000000       1.7971397       16.823521
       2150.0000      0.10000000       1.9989951       16.912177
       2150.0000      0.30000000       2.1360737       16.948515
       2150.0000       1.0000000       2.2347009       16.968217
       2150.0000       3.0000000       2.2897476       16.977591
       2150.0000       10.000000       2.3254186       16.983293
       2150.0000       30.000000       2.3442088       16.986548
       2150.0000       100.00000       2.3560787       16.989556
       2150.0000       300.00000       2.3623738       16.992530
       2150.0000       1000.0000       2.3664869       16.996062
       2150.0000       3000.0000       2.3688998       16.999152
       2150.0000       10000.000       2.3708149       17.002636
       2150.0000       30000.000       2.3723833       17.010607
       2150.0000       100000.00       2.3722466       17.037974
       2150.0000       300000.00       2.3736789       17.089396
       2300.0000    0.0010000000       1.3010546       9.5909171
       2300.0000    0.0030000000       1.3220531       13.425701
       2300.0000     0.010000000       1.3846511       15.778823
       2300.0000     0.030000000       1.5078212       16.642388
       2300.0000      0.10000000       1.7125858       16.988370
       2300.0000      0.30000000       1.9102007       17.108569
       2300.0000       1.0000000       2.0849207       17.165574
       2300.0000       3.0000000       2.1945057       17.190207
       2300.0000       10.000000       2.2700429       17.204067
       2300.0000       30.000000       2.3112060       17.210933
       2300.0000       100.00000       2.3375615       17.215553
       2300.0000       300.00000       2.3514099       17.218968
       2300.0000       1000.0000       2.3602366       17.223361
       2300.0000       3000.0000       2.3650438       17.228955
       2300.0000       10000.000       2.3684685       17.237393
       2300.0000       30000.000       2.3708004       17.248113
       2300.0000       100000.00       2.3730102       17.276666
       2300.0000       300000.00       2.3734618       17.338784
       2450.0000    0.0010000000       1.2925093       4.5814530
       2450.0000    0.0030000000       1.2977066       8.2697842
       2450.0000     0.010000000       1.3151024       12.815727
       2450.0000     0.030000000       1.3592934       15.463561
       2450.0000      0.10000000       1.4723910       16.719046
       2450.0000      0.30000000       1.6462702       17.137572
       2450.0000       1.0000000       1.8660652       17.310137
       2450.0000       3.0000000       2.0383993       17.375251
       2450.0000       10.000000       2.1727911       17.408549
       2450.0000       30.000000       2.2512807       17.423803
       2450.0000       100.00000       2.3033589       17.432895
       2450.0000       300.00000       2.3311542       17.438055
       2450.0000       1000.0000       2.3488335       17.443069
       2450.0000       3000.0000       2.3582098       17.449396
       2450.0000       10000.000       2.3644287       17.461106
       2450.0000       30000.000       2.3682290       17.477288
       2450.0000       100000.00       2.3713339       17.509168
       2450.0000       300000.00       2.3737851       17.579194
       2600.0000    0.0010000000       1.2905231       2.3847821
       2600.0000    0.0030000000       1.2920116       4.1421982
       2600.0000     0.010000000       1.2970206       8.0025468
       2600.0000     0.030000000       1.3107784       12.293880
       2600.0000      0.10000000       1.3539484       15.482839
       2600.0000      0.30000000       1.4480735       16.778765
       2600.0000       1.0000000       1.6299485       17.311447
       2600.0000       3.0000000       1.8311316       17.489990
       2600.0000       10.000000       2.0258697       17.570616
       2600.0000       30.000000       2.1546782       17.604173
       2600.0000       100.00000       2.2460589       17.622698
       2600.0000       300.00000       2.2966921       17.631963
       2600.0000       1000.0000       2.3293954       17.638873
       2600.0000       3000.0000       2.3466839       17.645682
       2600.0000       10000.000       2.3578338       17.658430
       2600.0000       30000.000       2.3641199       17.679179
       2600.0000       100000.00       2.3688096       17.717495
       2600.0000       300000.00       2.3719752       17.794853
       2800.0000    0.0010000000       1.2895821       1.5781149
       2800.0000    0.0030000000       1.2901054       2.0591010
       2800.0000     0.010000000       1.2913452       3.5343634
       2800.0000     0.030000000       1.2945601       6.5387769
       2800.0000      0.10000000       1.3053450       11.296339
       2800.0000      0.30000000       1.3338690       14.822766
       2800.0000       1.0000000       1.4145353       16.742367
       2800.0000       3.0000000       1.5591588       17.414952
       2800.0000       10.000000       1.7744816       17.687683
       2800.0000       30.000000       1.9644386       17.784991
       2800.0000       100.00000       2.1231550       17.832526
       2800.0000       300.00000       2.2195474       17.853785
       2800.0000       1000.0000       2.2848774       17.866854
       2800.0000       3000.0000       2.3202055       17.875845
       2800.0000       10000.000       2.3428804       17.889110
       2800.0000       30000.000       2.3550673       17.912221
       2800.0000       100000.00       2.3634004       17.959743
       2800.0000       300000.00       2.3684423       18.048637
       3000.0000    0.0010000000       1.2882505       1.4023763
       3000.0000    0.0030000000       1.2890128       1.5416291
       3000.0000     0.010000000       1.2897642       2.0063080
       3000.0000     0.030000000       1.2908602       3.1929905
       3000.0000      0.10000000       1.2939755       6.2331051
       3000.0000      0.30000000       1.3023481       10.565953
       3000.0000       1.0000000       1.3295593       14.725103
       3000.0000       3.0000000       1.3945514       16.716010
       3000.0000       10.000000       1.5415168       17.581056
       3000.0000       30.000000       1.7343664       17.869545
       3000.0000       100.00000       1.9468489       17.993435
       3000.0000       300.00000       2.0989493       18.042423
       3000.0000       1000.0000       2.2116285       18.069042
       3000.0000       3000.0000       2.2756050       18.083530
       3000.0000       10000.000       2.3175313       18.098760
       3000.0000       30000.000       2.3399435       18.122257
       3000.0000       100000.00       2.3546236       18.175077
       3000.0000       300000.00       2.3629170       18.276399
       3250.0000    0.0010000000       1.2839946       1.3587618
       3250.0000    0.0030000000       1.2859978       1.3967098
       3250.0000     0.010000000       1.2876414       1.5218293
       3250.0000     0.030000000       1.2888053       1.8594356
       3250.0000      0.10000000       1.2901687       2.9238113
       3250.0000      0.30000000       1.2925577       5.3028406
       3250.0000       1.0000000       1.2998303       9.8366850
       3250.0000       3.0000000       1.3191716       14.020475
       3250.0000       10.000000       1.3772828       16.683563
       3250.0000       30.000000       1.4940549       17.681471
       3250.0000       100.00000       1.6945154       18.088369
       3250.0000       300.00000       1.8937040       18.229883
       3250.0000       1000.0000       2.0729779       18.296364
       3250.0000       3000.0000       2.1865777       18.326309
       3250.0000       10000.000       2.2654251       18.348510
       3250.0000       30000.000       2.3086582       18.373471
       3250.0000       100000.00       2.3367037       18.428389
       3250.0000       300000.00       2.3519379       18.541419
       3500.0000    0.0010000000       1.2766130       1.3582174
       3500.0000    0.0030000000       1.2795911       1.3730415
       3500.0000     0.010000000       1.2828226       1.4183485
       3500.0000     0.030000000       1.2852680       1.5348617
       3500.0000      0.10000000       1.2873902       1.9059312
       3500.0000      0.30000000       1.2891672       2.8462355
       3500.0000       1.0000000       1.2920616       5.3876760
       3500.0000       3.0000000       1.2984414       9.5040778
       3500.0000       10.000000       1.3186290       14.181069
       3500.0000       30.000000       1.3686490       16.737331
       3500.0000       100.00000       1.4919704       17.914107
       3500.0000       300.00000       1.6724112       18.308852
       3500.0000       1000.0000       1.8910294       18.476651
       3500.0000       3000.0000       2.0575642       18.541989
       3500.0000       10000.000       2.1852923       18.580173
       3500.0000       30000.000       2.2592613       18.610294
       3500.0000       100000.00       2.3083101       18.666516
       3500.0000       300000.00       2.3347638       18.785819
       3750.0000    0.0010000000       1.2729675       1.3913460
       3750.0000    0.0030000000       1.2739324       1.3980080
       3750.0000     0.010000000       1.2761335       1.4192527
       3750.0000     0.030000000       1.2790831       1.4723281
       3750.0000      0.10000000       1.2825064       1.6323091
       3750.0000      0.30000000       1.2852743       2.0311293
       3750.0000       1.0000000       1.2880596       3.2097726
       3750.0000       3.0000000       1.2913981       5.7196173
       3750.0000       10.000000       1.2994468       10.342317
       3750.0000       30.000000       1.3195383       14.528882
       3750.0000       100.00000       1.3790107       17.177426
       3750.0000       300.00000       1.4975135       18.169779
       3750.0000       1000.0000       1.6990888       18.575505
       3750.0000       3000.0000       1.8978089       18.719164
       3750.0000       10000.000       2.0759619       18.790654
       3750.0000       30000.000       2.1885848       18.832389
       3750.0000       100000.00       2.2666631       18.892313
       3750.0000       300000.00       2.3095491       19.014921
       4000.0000    0.0010000000       1.2724221       1.5114956
       4000.0000    0.0030000000       1.2725775       1.5142812
       4000.0000     0.010000000       1.2730319       1.5238604
       4000.0000     0.030000000       1.2740840       1.5499952
       4000.0000      0.10000000       1.2764416       1.6325875
       4000.0000      0.30000000       1.2795452       1.8359137
       4000.0000       1.0000000       1.2832217       2.4287880
       4000.0000       3.0000000       1.2865834       3.7848459
       4000.0000       10.000000       1.2914526       6.9865651
       4000.0000       30.000000       1.3007429       11.366597
       4000.0000       100.00000       1.3281708       15.573154
       4000.0000       300.00000       1.3925924       17.625967
       4000.0000       1000.0000       1.5384353       18.530680
       4000.0000       3000.0000       1.7306392       18.835726
       4000.0000       10000.000       1.9434781       18.972319
       4000.0000       30000.000       2.0964588       19.036447
       4000.0000       100000.00       2.2100630       19.104786
       4000.0000       300000.00       2.2746955       19.230373
