Li Na K Rb Cs
  4.5055E-38  4.5055E-38  4.5055E-38  4.5055E-38  4.5055E-38
  4.5055E-38  4.5055E-38  4.5055E-38  4.5055E-38  4.5055E-38
  4.5055E-38  4.5055E-38  4.5055E-38  4.5055E-38  4.5055E-38
  4.5055E-38  4.5055E-38  4.5055E-38  4.5055E-38  4.5055E-38
  4.5055E-38  4.5055E-38  4.5055E-38  4.5055E-38  4.5055E-38
  4.5055E-38  4.5055E-38  4.5055E-38  4.5055E-38  4.5055E-38
  4.5055E-38  4.5055E-38  4.5055E-38  4.5055E-38  4.5055E-38
  4.5055E-38  4.5055E-38  4.5055E-38  4.5055E-38  4.5055E-38
  4.5055E-38  4.5055E-38  4.5055E-38  4.5055E-38  4.5055E-38
  4.5055E-38  4.5055E-38  4.5055E-38  4.5055E-38  4.5055E-38
  4.5055E-38  4.5055E-38  4.5055E-38  4.5055E-38  4.5055E-38
  4.5055E-38  4.5055E-38  4.5055E-38  4.5055E-38  4.5055E-38
  4.5055E-38  4.5055E-38  4.5055E-38  4.5055E-38  4.5055E-38
  4.5055E-38  4.5055E-38  4.5055E-38  4.5055E-38  4.5055E-38
  4.5068E-38  4.5068E-38  4.5068E-38  4.5068E-38  4.5068E-38
  4.5049E-38  4.5049E-38  4.5049E-38  4.5049E-38  4.5049E-38
  4.5049E-38  4.5049E-38  4.5049E-38  4.5049E-38  4.5049E-38
  4.5050E-38  4.5050E-38  4.5050E-38  4.5050E-38  4.5050E-38
  4.5053E-38  4.5053E-38  4.5053E-38  4.5053E-38  4.5053E-38
  4.5054E-38  4.5054E-38  4.5054E-38  4.5054E-38  4.5054E-38
  4.5055E-38  4.5055E-38  4.5055E-38  4.5055E-38  4.5055E-38
  4.5055E-38  4.5055E-38  4.5055E-38  4.5055E-38  4.5055E-38
  4.5055E-38  4.5055E-38  4.5055E-38  4.5055E-38  4.5055E-38
  4.5055E-38  4.5055E-38  4.5055E-38  4.5055E-38  4.5055E-38
  4.5055E-38  4.5055E-38  4.5055E-38  4.5055E-38  4.5055E-38
  4.5055E-38  4.5055E-38  4.5055E-38  4.5055E-38  4.5055E-38
  4.5055E-38  4.5055E-38  4.5055E-38  4.5055E-38  4.5055E-38
  4.5055E-38  4.5055E-38  4.5055E-38  4.5055E-38  4.5055E-38
  4.5055E-38  4.5055E-38  4.5055E-38  4.5055E-38  4.5055E-38
  4.5055E-38  4.5055E-38  4.5055E-38  4.5055E-38  4.5055E-38
  4.5055E-38  4.5055E-38  4.5055E-38  4.5055E-38  4.5055E-38
  4.5049E-38  4.5049E-38  4.5049E-38  4.5049E-38  4.5049E-38
  4.5049E-38  4.5049E-38  4.5049E-38  4.5049E-38  4.5049E-38
  4.5049E-38  4.5049E-38  4.5049E-38  4.5049E-38  4.5049E-38
  4.5049E-38  4.5049E-38  4.5049E-38  4.5049E-38  4.5049E-38
  4.5049E-38  4.5049E-38  4.5049E-38  4.5049E-38  4.5049E-38
  4.5050E-38  4.5050E-38  4.5050E-38  4.5050E-38  4.5050E-38
  4.5053E-38  4.5053E-38  4.5053E-38  4.5053E-38  4.5053E-38
  4.5054E-38  4.5054E-38  4.5054E-38  4.5054E-38  4.5054E-38
  4.5055E-38  4.5055E-38  4.5055E-38  4.5055E-38  4.5055E-38
  4.5055E-38  4.5055E-38  4.5055E-38  4.5055E-38  4.5055E-38
  4.5055E-38  4.5055E-38  4.5055E-38  4.5055E-38  4.5055E-38
  4.5055E-38  4.5055E-38  4.5055E-38  4.5055E-38  4.5055E-38
  4.5055E-38  4.5055E-38  4.5055E-38  4.5055E-38  4.5055E-38
  4.5055E-38  4.5055E-38  4.5055E-38  4.5055E-38  4.5055E-38
  4.5055E-38  4.5055E-38  4.5055E-38  4.5055E-38  4.5055E-38
  4.5055E-38  4.5055E-38  4.5055E-38  4.5055E-38  4.5055E-38
  4.5055E-38  4.5055E-38  4.5055E-38  4.5055E-38  4.5055E-38
  4.5049E-38  4.5049E-38  4.5049E-38  4.5049E-38  4.5049E-38
  4.5049E-38  4.5049E-38  4.5049E-38  4.5049E-38  4.5049E-38
  4.5049E-38  4.5049E-38  4.5049E-38  4.5049E-38  4.5049E-38
  4.5049E-38  4.5049E-38  4.5049E-38  4.5049E-38  4.5049E-38
  4.5049E-38  4.5049E-38  4.5049E-38  4.5049E-38  4.5049E-38
  4.5049E-38  4.5049E-38  4.5049E-38  4.5049E-38  4.5049E-38
  4.5049E-38  4.5049E-38  4.5049E-38  4.5049E-38  4.5049E-38
  4.5049E-38  4.5049E-38  4.5049E-38  4.5049E-38  4.5049E-38
  4.5053E-38  4.5053E-38  4.5053E-38  4.5053E-38  4.5053E-38
  4.5054E-38  4.5054E-38  4.5054E-38  4.5054E-38  4.5054E-38
  4.5055E-38  4.5055E-38  4.5055E-38  4.5055E-38  4.5055E-38
  4.5055E-38  4.5055E-38  4.5055E-38  4.5055E-38  4.5055E-38
  4.5055E-38  4.5055E-38  4.5055E-38  4.5055E-38  4.5055E-38
  4.5055E-38  4.5055E-38  4.5055E-38  4.5055E-38  4.5055E-38
  4.5055E-38  4.5055E-38  4.5055E-38  4.5055E-38  4.5055E-38
  4.5055E-38  4.5055E-38  4.5055E-38  4.5055E-38  4.5055E-38
  4.5055E-38  4.5055E-38  4.5055E-38  4.5055E-38  4.5055E-38
  4.5048E-38  4.5048E-38  4.5048E-38  4.5048E-38  4.5048E-38
  4.5048E-38  4.5048E-38  4.5048E-38  4.5048E-38  4.5048E-38
  4.5049E-38  4.5049E-38  4.5049E-38  4.5049E-38  4.5049E-38
  4.5049E-38  4.5049E-38  4.5049E-38  4.5049E-38  4.5049E-38
  4.5049E-38  4.5049E-38  4.5049E-38  4.5049E-38  4.5049E-38
  4.5049E-38  4.5049E-38  4.5049E-38  4.5049E-38  4.5049E-38
  4.5049E-38  4.5049E-38  4.5049E-38  4.5049E-38  4.5049E-38
  4.5049E-38  4.5049E-38  4.5049E-38  4.5049E-38  4.5049E-38
  4.5049E-38  4.5049E-38  4.5049E-38  4.5049E-38  4.5049E-38
  4.5049E-38  4.5049E-38  4.5049E-38  4.5049E-38  4.5049E-38
  4.5053E-38  4.5053E-38  4.5053E-38  4.5053E-38  4.5053E-38
  4.5054E-38  4.5054E-38  4.5054E-38  4.5054E-38  4.5054E-38
  4.5055E-38  4.5055E-38  4.5055E-38  4.5055E-38  4.5055E-38
  4.5055E-38  4.5055E-38  4.5055E-38  4.5055E-38  4.5055E-38
  4.5055E-38  4.5055E-38  4.5055E-38  4.5055E-38  4.5055E-38
  4.5055E-38  4.5055E-38  4.5055E-38  4.5055E-38  4.5055E-38
  4.5055E-38  4.5055E-38  4.5055E-38  4.5055E-38  4.5055E-38
  4.5047E-38  4.5047E-38  4.5047E-38  4.5047E-38  4.5047E-38
  4.5047E-38  4.5047E-38  4.5047E-38  4.5047E-38  4.5047E-38
  4.5048E-38  4.5048E-38  4.5048E-38  4.5048E-38  4.5048E-38
  4.5048E-38  4.5048E-38  4.5048E-38  4.5048E-38  4.5048E-38
  4.5048E-38  4.5048E-38  4.5048E-38  4.5048E-38  4.5048E-38
  4.5049E-38  4.5049E-38  4.5049E-38  4.5049E-38  4.5049E-38
  4.5049E-38  4.5049E-38  4.5049E-38  4.5049E-38  4.5049E-38
  4.5049E-38  4.5049E-38  4.5049E-38  4.5049E-38  4.5049E-38
  4.5049E-38  4.5049E-38  4.5049E-38  4.5049E-38  4.5049E-38
  4.5049E-38  4.5049E-38  4.5049E-38  4.5049E-38  4.5049E-38
  4.5049E-38  4.5049E-38  4.5049E-38  4.5049E-38  4.5049E-38
  4.5049E-38  4.5049E-38  4.5049E-38  4.5049E-38  4.5049E-38
  4.5053E-38  4.5053E-38  4.5053E-38  4.5053E-38  4.5053E-38
  4.5054E-38  4.5054E-38  4.5054E-38  4.5054E-38  4.5054E-38
  4.5055E-38  4.5055E-38  4.5055E-38  4.5055E-38  4.5055E-38
  4.5055E-38  4.5055E-38  4.5055E-38  4.5055E-38  4.5055E-38
  4.5055E-38  4.5055E-38  4.5055E-38  4.5055E-38  4.5055E-38
  4.5045E-38  4.5045E-38  4.5045E-38  4.5045E-38  4.5045E-38
  4.5047E-38  4.5047E-38  4.5047E-38  4.5047E-38  4.5047E-38
  4.5047E-38  4.5047E-38  4.5047E-38  4.5047E-38  4.5047E-38
  4.5047E-38  4.5047E-38  4.5047E-38  4.5047E-38  4.5047E-38
  4.5047E-38  4.5047E-38  4.5047E-38  4.5047E-38  4.5047E-38
  4.5048E-38  4.5048E-38  4.5048E-38  4.5048E-38  4.5048E-38
  4.5048E-38  4.5048E-38  4.5048E-38  4.5048E-38  4.5048E-38
  4.5049E-38  4.5049E-38  4.5049E-38  4.5049E-38  4.5049E-38
  4.5049E-38  4.5049E-38  4.5049E-38  4.5049E-38  4.5049E-38
  4.5049E-38  4.5049E-38  4.5049E-38  4.5049E-38  4.5049E-38
  4.5049E-38  4.5049E-38  4.5049E-38  4.5049E-38  4.5049E-38
  4.5049E-38  4.5049E-38  4.5049E-38  4.5049E-38  4.5049E-38
  4.5049E-38  4.5049E-38  4.5049E-38  4.5049E-38  4.5049E-38
  4.5052E-38  4.5052E-38  4.5052E-38  4.5052E-38  4.5052E-38
  4.5054E-38  4.5054E-38  4.5054E-38  4.5054E-38  4.5054E-38
  4.5054E-38  4.5054E-38  4.5054E-38  4.5054E-38  4.5054E-38
  4.5055E-38  4.5055E-38  4.5055E-38  4.5055E-38  4.5055E-38
  4.5014E-38  4.5014E-38  4.5014E-38  4.5014E-38  4.5014E-38
  4.5036E-38  4.5036E-38  4.5036E-38  4.5036E-38  4.5036E-38
  4.5043E-38  4.5043E-38  4.5043E-38  4.5043E-38  4.5043E-38
  4.5046E-38  4.5046E-38  4.5046E-38  4.5046E-38  4.5046E-38
  4.5047E-38  4.5047E-38  4.5047E-38  4.5047E-38  4.5047E-38
  4.5047E-38  4.5047E-38  4.5047E-38  4.5047E-38  4.5047E-38
  4.5047E-38  4.5047E-38  4.5047E-38  4.5047E-38  4.5047E-38
  4.5048E-38  4.5048E-38  4.5048E-38  4.5048E-38  4.5048E-38
  4.5048E-38  4.5048E-38  4.5048E-38  4.5048E-38  4.5048E-38
  4.5049E-38  4.5049E-38  4.5049E-38  4.5049E-38  4.5049E-38
  4.5049E-38  4.5049E-38  4.5049E-38  4.5049E-38  4.5049E-38
  4.5049E-38  4.5049E-38  4.5049E-38  4.5049E-38  4.5049E-38
  4.5049E-38  4.5049E-38  4.5049E-38  4.5049E-38  4.5049E-38
  4.5049E-38  4.5049E-38  4.5049E-38  4.5049E-38  4.5049E-38
  4.5051E-38  4.5051E-38  4.5051E-38  4.5051E-38  4.5051E-38
  4.5053E-38  4.5053E-38  4.5053E-38  4.5053E-38  4.5053E-38
  4.5054E-38  4.5054E-38  4.5054E-38  4.5054E-38  4.5054E-38
  4.5010E-38  4.5010E-38  4.5010E-38  4.5010E-38  4.5010E-38
  4.5010E-38  4.5010E-38  4.5010E-38  4.5010E-38  4.5010E-38
  4.5015E-38  4.5015E-38  4.5015E-38  4.5015E-38  4.5015E-38
  4.5036E-38  4.5036E-38  4.5036E-38  4.5036E-38  4.5036E-38
  4.5043E-38  4.5043E-38  4.5043E-38  4.5043E-38  4.5043E-38
  4.5046E-38  4.5046E-38  4.5046E-38  4.5046E-38  4.5046E-38
  4.5047E-38  4.5047E-38  4.5047E-38  4.5047E-38  4.5047E-38
  4.5047E-38  4.5047E-38  4.5047E-38  4.5047E-38  4.5047E-38
  4.5047E-38  4.5047E-38  4.5047E-38  4.5047E-38  4.5047E-38
  4.5048E-38  4.5048E-38  4.5048E-38  4.5048E-38  4.5048E-38
  4.5048E-38  4.5048E-38  4.5048E-38  4.5048E-38  4.5048E-38
  4.5049E-38  4.5049E-38  4.5049E-38  4.5049E-38  4.5049E-38
  4.5048E-38  4.5048E-38  4.5048E-38  4.5048E-38  4.5048E-38
  4.5049E-38  4.5049E-38  4.5049E-38  4.5049E-38  4.5049E-38
  4.5049E-38  4.5049E-38  4.5049E-38  4.5049E-38  4.5049E-38
  4.5049E-38  4.5049E-38  4.5049E-38  4.5049E-38  4.5049E-38
  4.5053E-38  4.5053E-38  4.5053E-38  4.5053E-38  4.5053E-38
  4.5010E-38  4.5010E-38  4.5010E-38  4.5010E-38  4.5010E-38
  4.5010E-38  4.5010E-38  4.5010E-38  4.5010E-38  4.5010E-38
  4.5010E-38  4.5010E-38  4.5010E-38  4.5010E-38  4.5010E-38
  4.5010E-38  4.5010E-38  4.5010E-38  4.5010E-38  4.5010E-38
  4.5024E-38  4.5024E-38  4.5024E-38  4.5024E-38  4.5024E-38
  4.5039E-38  4.5039E-38  4.5039E-38  4.5039E-38  4.5039E-38
  4.5045E-38  4.5045E-38  4.5045E-38  4.5045E-38  4.5045E-38
  4.5046E-38  4.5046E-38  4.5046E-38  4.5046E-38  4.5046E-38
  4.5047E-38  4.5047E-38  4.5047E-38  4.5047E-38  4.5047E-38
  4.5048E-38  4.5048E-38  4.5048E-38  4.5048E-38  4.5048E-38
  4.5048E-38  4.5048E-38  4.5048E-38  4.5048E-38  4.5048E-38
  4.5049E-38  4.5049E-38  4.5049E-38  4.5049E-38  4.5049E-38
  4.5049E-38  4.5049E-38  4.5049E-38  4.5049E-38  4.5049E-38
  4.5049E-38  4.5049E-38  4.5049E-38  4.5049E-38  4.5049E-38
  4.5049E-38  4.5049E-38  4.5049E-38  4.5049E-38  4.5049E-38
  4.5049E-38  4.5049E-38  4.5049E-38  4.5049E-38  4.5049E-38
  4.5050E-38  4.5050E-38  4.5050E-38  4.5050E-38  4.5050E-38
  4.5011E-38  4.5011E-38  4.5011E-38  4.5011E-38  4.5011E-38
  4.5011E-38  4.5011E-38  4.5011E-38  4.5011E-38  4.5011E-38
  4.5011E-38  4.5011E-38  4.5011E-38  4.5011E-38  4.5011E-38
  4.5011E-38  4.5011E-38  4.5011E-38  4.5011E-38  4.5011E-38
  4.5011E-38  4.5011E-38  4.5011E-38  4.5011E-38  4.5011E-38
  4.5011E-38  4.5011E-38  4.5011E-38  4.5011E-38  4.5011E-38
  4.5033E-38  4.5033E-38  4.5033E-38  4.5033E-38  4.5033E-38
  4.5043E-38  4.5043E-38  4.5043E-38  4.5043E-38  4.5043E-38
  4.5046E-38  4.5046E-38  4.5046E-38  4.5046E-38  4.5046E-38
  4.5048E-38  4.5048E-38  4.5048E-38  4.5048E-38  4.5048E-38
  4.5049E-38  4.5049E-38  4.5049E-38  4.5049E-38  4.5049E-38
  4.5049E-38  4.5049E-38  4.5049E-38  4.5049E-38  4.5049E-38
  4.5050E-38  4.5050E-38  4.5050E-38  4.5050E-38  4.5050E-38
  4.5050E-38  4.5050E-38  4.5050E-38  4.5050E-38  4.5050E-38
  4.5050E-38  4.5050E-38  4.5050E-38  4.5050E-38  4.5050E-38
  4.5050E-38  4.5050E-38  4.5050E-38  4.5050E-38  4.5050E-38
  4.5050E-38  4.5050E-38  4.5050E-38  4.5050E-38  4.5050E-38
  4.5010E-38  4.5010E-38  4.5010E-38  4.5010E-38  4.5010E-38
  4.5011E-38  4.5011E-38  4.5011E-38  4.5011E-38  4.5011E-38
  4.5010E-38  4.5010E-38  4.5010E-38  4.5010E-38  4.5010E-38
  4.5011E-38  4.5011E-38  4.5011E-38  4.5011E-38  4.5011E-38
  4.5010E-38  4.5010E-38  4.5010E-38  4.5010E-38  4.5010E-38
  4.5011E-38  4.5011E-38  4.5011E-38  4.5011E-38  4.5011E-38
  4.5011E-38  4.5011E-38  4.5011E-38  4.5011E-38  4.5011E-38
  4.5023E-38  4.5023E-38  4.5023E-38  4.5023E-38  4.5023E-38
  4.5041E-38  4.5041E-38  4.5041E-38  4.5041E-38  4.5041E-38
  4.5046E-38  4.5046E-38  4.5046E-38  4.5046E-38  4.5046E-38
  4.5048E-38  4.5048E-38  4.5048E-38  4.5048E-38  4.5048E-38
  4.5049E-38  4.5049E-38  4.5049E-38  4.5049E-38  4.5049E-38
  4.5049E-38  4.5049E-38  4.5049E-38  4.5049E-38  4.5049E-38
  4.5049E-38  4.5049E-38  4.5049E-38  4.5049E-38  4.5049E-38
  4.5050E-38  4.5050E-38  4.5050E-38  4.5050E-38  4.5050E-38
  4.5050E-38  4.5050E-38  4.5050E-38  4.5050E-38  4.5050E-38
  4.5050E-38  4.5050E-38  4.5050E-38  4.5050E-38  4.5050E-38
  4.5011E-38  4.5011E-38  4.5011E-38  4.5011E-38  4.5011E-38
  4.5010E-38  4.5010E-38  4.5010E-38  4.5010E-38  4.5010E-38
  4.5011E-38  4.5011E-38  4.5011E-38  4.5011E-38  4.5011E-38
  4.5010E-38  4.5010E-38  4.5010E-38  4.5010E-38  4.5010E-38
  4.5011E-38  4.5011E-38  4.5011E-38  4.5011E-38  4.5011E-38
  4.5010E-38  4.5010E-38  4.5010E-38  4.5010E-38  4.5010E-38
  4.5011E-38  4.5011E-38  4.5011E-38  4.5011E-38  4.5011E-38
  4.5011E-38  4.5011E-38  4.5011E-38  4.5011E-38  4.5011E-38
  4.5017E-38  4.5017E-38  4.5017E-38  4.5017E-38  4.5017E-38
  4.5038E-38  4.5038E-38  4.5038E-38  4.5038E-38  4.5038E-38
  4.5046E-38  4.5046E-38  4.5046E-38  4.5046E-38  4.5046E-38
  4.5048E-38  4.5048E-38  4.5048E-38  4.5048E-38  4.5048E-38
  4.5048E-38  4.5048E-38  4.5048E-38  4.5048E-38  4.5048E-38
  4.5049E-38  4.5049E-38  4.5049E-38  4.5049E-38  4.5049E-38
  4.5049E-38  4.5049E-38  4.5049E-38  4.5049E-38  4.5049E-38
  4.5050E-38  4.5050E-38  4.5050E-38  4.5050E-38  4.5050E-38
  4.5050E-38  4.5050E-38  4.5050E-38  4.5050E-38  4.5050E-38
  4.5011E-38  4.5011E-38  4.5011E-38  4.5011E-38  4.5011E-38
  4.5011E-38  4.5011E-38  4.5011E-38  4.5011E-38  4.5011E-38
  4.5011E-38  4.5011E-38  4.5011E-38  4.5011E-38  4.5011E-38
  4.5011E-38  4.5011E-38  4.5011E-38  4.5011E-38  4.5011E-38
  4.5011E-38  4.5011E-38  4.5011E-38  4.5011E-38  4.5011E-38
  4.5011E-38  4.5011E-38  4.5011E-38  4.5011E-38  4.5011E-38
  4.5011E-38  4.5011E-38  4.5011E-38  4.5011E-38  4.5011E-38
  4.5011E-38  4.5011E-38  4.5011E-38  4.5011E-38  4.5011E-38
  4.5011E-38  4.5011E-38  4.5011E-38  4.5011E-38  4.5011E-38
  4.5011E-38  4.5011E-38  4.5011E-38  4.5011E-38  4.5011E-38
  4.5037E-38  4.5037E-38  4.5037E-38  4.5037E-38  4.5037E-38
  4.5045E-38  4.5045E-38  4.5045E-38  4.5045E-38  4.5045E-38
  4.5048E-38  4.5048E-38  4.5048E-38  4.5048E-38  4.5048E-38
  4.5048E-38  4.5048E-38  4.5048E-38  4.5048E-38  4.5048E-38
  4.5049E-38  4.5049E-38  4.5049E-38  4.5049E-38  4.5049E-38
  4.5049E-38  4.5049E-38  4.5049E-38  4.5049E-38  4.5049E-38
  4.5050E-38  4.5050E-38  4.5050E-38  4.5050E-38  4.5050E-38
  4.5011E-38  4.5011E-38  4.5011E-38  4.5011E-38  4.5011E-38
  4.5011E-38  4.5011E-38  4.5011E-38  4.5011E-38  4.5011E-38
  4.5011E-38  4.5011E-38  4.5011E-38  4.5011E-38  4.5011E-38
  4.5011E-38  4.5011E-38  4.5011E-38  4.5011E-38  4.5011E-38
  4.5011E-38  4.5011E-38  4.5011E-38  4.5011E-38  4.5011E-38
  4.5011E-38  4.5011E-38  4.5011E-38  4.5011E-38  4.5011E-38
  4.5010E-38  4.5010E-38  4.5010E-38  4.5010E-38  4.5010E-38
  4.5011E-38  4.5011E-38  4.5011E-38  4.5011E-38  4.5011E-38
  4.5011E-38  4.5011E-38  4.5011E-38  4.5011E-38  4.5011E-38
  4.5011E-38  4.5011E-38  4.5011E-38  4.5011E-38  4.5011E-38
  4.5011E-38  4.5011E-38  4.5011E-38  4.5011E-38  4.5011E-38
  4.5035E-38  4.5035E-38  4.5035E-38  4.5035E-38  4.5035E-38
  4.5045E-38  4.5045E-38  4.5045E-38  4.5045E-38  4.5045E-38
  4.5048E-38  4.5048E-38  4.5048E-38  4.5048E-38  4.5048E-38
  4.5048E-38  4.5048E-38  4.5048E-38  4.5048E-38  4.5048E-38
  4.5049E-38  4.5049E-38  4.5049E-38  4.5049E-38  4.5049E-38
  4.5049E-38  4.5049E-38  4.5049E-38  4.5049E-38  4.5049E-38
  4.5012E-38  4.5012E-38  4.5012E-38  4.5012E-38  4.5012E-38
  4.5011E-38  4.5011E-38  4.5011E-38  4.5011E-38  4.5011E-38
  4.5011E-38  4.5011E-38  4.5011E-38  4.5011E-38  4.5011E-38
  4.5011E-38  4.5011E-38  4.5011E-38  4.5011E-38  4.5011E-38
  4.5011E-38  4.5011E-38  4.5011E-38  4.5011E-38  4.5011E-38
  4.5011E-38  4.5011E-38  4.5011E-38  4.5011E-38  4.5011E-38
  4.5011E-38  4.5011E-38  4.5011E-38  4.5011E-38  4.5011E-38
  4.5011E-38  4.5011E-38  4.5011E-38  4.5011E-38  4.5011E-38
  4.5011E-38  4.5011E-38  4.5011E-38  4.5011E-38  4.5011E-38
  4.5011E-38  4.5011E-38  4.5011E-38  4.5011E-38  4.5011E-38
  4.5011E-38  4.5011E-38  4.5011E-38  4.5011E-38  4.5011E-38
  4.5012E-38  4.5012E-38  4.5012E-38  4.5012E-38  4.5012E-38
  4.5036E-38  4.5036E-38  4.5036E-38  4.5036E-38  4.5036E-38
  4.5045E-38  4.5045E-38  4.5045E-38  4.5045E-38  4.5045E-38
  4.5048E-38  4.5048E-38  4.5048E-38  4.5048E-38  4.5048E-38
  4.5048E-38  4.5048E-38  4.5048E-38  4.5048E-38  4.5048E-38
  4.5049E-38  4.5049E-38  4.5049E-38  4.5049E-38  4.5049E-38
  4.5012E-38  4.5012E-38  4.5012E-38  4.5012E-38  4.5012E-38
  4.5012E-38  4.5012E-38  4.5012E-38  4.5012E-38  4.5012E-38
  4.5011E-38  4.5011E-38  4.5011E-38  4.5011E-38  4.5011E-38
  4.5011E-38  4.5011E-38  4.5011E-38  4.5011E-38  4.5011E-38
  4.5011E-38  4.5011E-38  4.5011E-38  4.5011E-38  4.5011E-38
  4.5011E-38  4.5011E-38  4.5011E-38  4.5011E-38  4.5011E-38
  4.5011E-38  4.5011E-38  4.5011E-38  4.5011E-38  4.5011E-38
  4.5011E-38  4.5011E-38  4.5011E-38  4.5011E-38  4.5011E-38
  4.5011E-38  4.5011E-38  4.5011E-38  4.5011E-38  4.5011E-38
  4.5011E-38  4.5011E-38  4.5011E-38  4.5011E-38  4.5011E-38
  4.5011E-38  4.5011E-38  4.5011E-38  4.5011E-38  4.5011E-38
  4.5012E-38  4.5012E-38  4.5012E-38  4.5012E-38  4.5012E-38
  4.5014E-38  4.5014E-38  4.5014E-38  4.5014E-38  4.5014E-38
  4.5037E-38  4.5037E-38  4.5037E-38  4.5037E-38  4.5037E-38
  4.5045E-38  4.5045E-38  4.5045E-38  4.5045E-38  4.5045E-38
  4.5048E-38  4.5048E-38  4.5048E-38  4.5048E-38  4.5048E-38
  4.5048E-38  4.5048E-38  4.5048E-38  4.5048E-38  4.5048E-38
  4.5013E-38  4.5013E-38  4.5013E-38  4.5013E-38  4.5013E-38
  4.5013E-38  4.5013E-38  4.5013E-38  4.5013E-38  4.5013E-38
  4.5012E-38  4.5012E-38  4.5012E-38  4.5012E-38  4.5012E-38
  4.5012E-38  4.5012E-38  4.5012E-38  4.5012E-38  4.5012E-38
  4.5011E-38  4.5011E-38  4.5011E-38  4.5011E-38  4.5011E-38
  4.5011E-38  4.5011E-38  4.5011E-38  4.5011E-38  4.5011E-38
  4.5011E-38  4.5011E-38  4.5011E-38  4.5011E-38  4.5011E-38
  4.5011E-38  4.5011E-38  4.5011E-38  4.5011E-38  4.5011E-38
  4.5011E-38  4.5011E-38  4.5011E-38  4.5011E-38  4.5011E-38
  4.5011E-38  4.5011E-38  4.5011E-38  4.5011E-38  4.5011E-38
  4.5011E-38  4.5011E-38  4.5011E-38  4.5011E-38  4.5011E-38
  4.5012E-38  4.5012E-38  4.5012E-38  4.5012E-38  4.5012E-38
  4.5012E-38  4.5012E-38  4.5012E-38  4.5012E-38  4.5012E-38
  4.5019E-38  4.5019E-38  4.5019E-38  4.5019E-38  4.5019E-38
  4.5040E-38  4.5040E-38  4.5040E-38  4.5040E-38  4.5040E-38
  4.5046E-38  4.5046E-38  4.5046E-38  4.5046E-38  4.5046E-38
  4.5048E-38  4.5048E-38  4.5048E-38  4.5048E-38  4.5048E-38
  4.5048E-38  4.5048E-38  4.5048E-38  4.5048E-38  4.5048E-38
  4.5013E-38  4.5013E-38  4.5013E-38  4.5013E-38  4.5013E-38
  4.5013E-38  4.5013E-38  4.5013E-38  4.5013E-38  4.5013E-38
  4.5012E-38  4.5012E-38  4.5012E-38  4.5012E-38  4.5012E-38
  4.5012E-38  4.5012E-38  4.5012E-38  4.5012E-38  4.5012E-38
  4.5012E-38  4.5012E-38  4.5012E-38  4.5012E-38  4.5012E-38
  4.5011E-38  4.5011E-38  4.5011E-38  4.5011E-38  4.5011E-38
  4.5011E-38  4.5011E-38  4.5011E-38  4.5011E-38  4.5011E-38
  4.5011E-38  4.5011E-38  4.5011E-38  4.5011E-38  4.5011E-38
  4.5011E-38  4.5011E-38  4.5011E-38  4.5011E-38  4.5011E-38
  4.5011E-38  4.5011E-38  4.5011E-38  4.5011E-38  4.5011E-38
  4.5011E-38  4.5011E-38  4.5011E-38  4.5011E-38  4.5011E-38
  4.5012E-38  4.5012E-38  4.5012E-38  4.5012E-38  4.5012E-38
  4.5012E-38  4.5012E-38  4.5012E-38  4.5012E-38  4.5012E-38
  4.5012E-38  4.5012E-38  4.5012E-38  4.5012E-38  4.5012E-38
  4.5027E-38  4.5027E-38  4.5027E-38  4.5027E-38  4.5027E-38
  4.5042E-38  4.5042E-38  4.5042E-38  4.5042E-38  4.5042E-38
  4.5047E-38  4.5047E-38  4.5047E-38  4.5047E-38  4.5047E-38
  4.5048E-38  4.5048E-38  4.5048E-38  4.5048E-38  4.5048E-38
  4.5013E-38  4.5013E-38  4.5013E-38  4.5013E-38  4.5013E-38
  4.5013E-38  4.5013E-38  4.5013E-38  4.5013E-38  4.5013E-38
  4.5013E-38  4.5013E-38  4.5013E-38  4.5013E-38  4.5013E-38
  4.5012E-38  4.5012E-38  4.5012E-38  4.5012E-38  4.5012E-38
  4.5012E-38  4.5012E-38  4.5012E-38  4.5012E-38  4.5012E-38
  4.5011E-38  4.5011E-38  4.5011E-38  4.5011E-38  4.5011E-38
  4.5011E-38  4.5011E-38  4.5011E-38  4.5011E-38  4.5011E-38
  4.5011E-38  4.5011E-38  4.5011E-38  4.5011E-38  4.5011E-38
  4.5011E-38  4.5011E-38  4.5011E-38  4.5011E-38  4.5011E-38
  4.5011E-38  4.5011E-38  4.5011E-38  4.5011E-38  4.5011E-38
  4.5011E-38  4.5011E-38  4.5011E-38  4.5011E-38  4.5011E-38
  4.5012E-38  4.5012E-38  4.5012E-38  4.5012E-38  4.5012E-38
  4.5012E-38  4.5012E-38  4.5012E-38  4.5012E-38  4.5012E-38
  4.5012E-38  4.5012E-38  4.5012E-38  4.5012E-38  4.5012E-38
  4.5016E-38  4.5016E-38  4.5016E-38  4.5016E-38  4.5016E-38
  4.5038E-38  4.5038E-38  4.5038E-38  4.5038E-38  4.5038E-38
  4.5046E-38  4.5046E-38  4.5046E-38  4.5046E-38  4.5046E-38
  4.5048E-38  4.5048E-38  4.5048E-38  4.5048E-38  4.5048E-38
  4.5013E-38  4.5013E-38  4.5013E-38  4.5013E-38  4.5013E-38
  4.5013E-38  4.5013E-38  4.5013E-38  4.5013E-38  4.5013E-38
  4.5013E-38  4.5013E-38  4.5013E-38  4.5013E-38  4.5013E-38
  4.5013E-38  4.5013E-38  4.5013E-38  4.5013E-38  4.5013E-38
  4.5012E-38  4.5012E-38  4.5012E-38  4.5012E-38  4.5012E-38
  4.5012E-38  4.5012E-38  4.5012E-38  4.5012E-38  4.5012E-38
  4.5011E-38  4.5011E-38  4.5011E-38  4.5011E-38  4.5011E-38
  4.5012E-38  4.5012E-38  4.5012E-38  4.5012E-38  4.5012E-38
  4.5011E-38  4.5011E-38  4.5011E-38  4.5011E-38  4.5011E-38
  4.5011E-38  4.5011E-38  4.5011E-38  4.5011E-38  4.5011E-38
  4.5011E-38  4.5011E-38  4.5011E-38  4.5011E-38  4.5011E-38
  4.5012E-38  4.5012E-38  4.5012E-38  4.5012E-38  4.5012E-38
  4.5012E-38  4.5012E-38  4.5012E-38  4.5012E-38  4.5012E-38
  4.5012E-38  4.5012E-38  4.5012E-38  4.5012E-38  4.5012E-38
  4.5012E-38  4.5012E-38  4.5012E-38  4.5012E-38  4.5012E-38
  4.5034E-38  4.5034E-38  4.5034E-38  4.5034E-38  4.5034E-38
  4.5044E-38  4.5044E-38  4.5044E-38  4.5044E-38  4.5044E-38
  4.5047E-38  4.5047E-38  4.5047E-38  4.5047E-38  4.5047E-38
  4.5013E-38  4.5013E-38  4.5013E-38  4.5013E-38  4.5013E-38
  4.5013E-38  4.5013E-38  4.5013E-38  4.5013E-38  4.5013E-38
  4.5013E-38  4.5013E-38  4.5013E-38  4.5013E-38  4.5013E-38
  4.5013E-38  4.5013E-38  4.5013E-38  4.5013E-38  4.5013E-38
  4.5012E-38  4.5012E-38  4.5012E-38  4.5012E-38  4.5012E-38
  4.5012E-38  4.5012E-38  4.5012E-38  4.5012E-38  4.5012E-38
  4.5012E-38  4.5012E-38  4.5012E-38  4.5012E-38  4.5012E-38
  4.5011E-38  4.5011E-38  4.5011E-38  4.5011E-38  4.5011E-38
  4.5011E-38  4.5011E-38  4.5011E-38  4.5011E-38  4.5011E-38
  4.5011E-38  4.5011E-38  4.5011E-38  4.5011E-38  4.5011E-38
  4.5011E-38  4.5011E-38  4.5011E-38  4.5011E-38  4.5011E-38
  4.5012E-38  4.5012E-38  4.5012E-38  4.5012E-38  4.5012E-38
  4.5012E-38  4.5012E-38  4.5012E-38  4.5012E-38  4.5012E-38
  4.5012E-38  4.5012E-38  4.5012E-38  4.5012E-38  4.5012E-38
  4.5012E-38  4.5012E-38  4.5012E-38  4.5012E-38  4.5012E-38
  4.5020E-38  4.5020E-38  4.5020E-38  4.5020E-38  4.5020E-38
  4.5040E-38  4.5040E-38  4.5040E-38  4.5040E-38  4.5040E-38
  4.5046E-38  4.5046E-38  4.5046E-38  4.5046E-38  4.5046E-38
  4.5000E-38  4.5000E-38  4.5000E-38  4.5000E-38  4.5000E-38
  4.5000E-38  4.5000E-38  4.5000E-38  4.5000E-38  4.5000E-38
  4.5000E-38  4.5000E-38  4.5000E-38  4.5000E-38  4.5000E-38
  4.5000E-38  4.5000E-38  4.5000E-38  4.5000E-38  4.5000E-38
  4.5000E-38  4.5000E-38  4.5000E-38  4.5000E-38  4.5000E-38
  4.5000E-38  4.5000E-38  4.5000E-38  4.5000E-38  4.5000E-38
  4.5000E-38  4.5000E-38  4.5000E-38  4.5000E-38  4.5000E-38
  4.5000E-38  4.5000E-38  4.5000E-38  4.5000E-38  4.5000E-38
  4.5000E-38  4.5000E-38  4.5000E-38  4.5000E-38  4.5000E-38
  4.5000E-38  4.5000E-38  4.5000E-38  4.5000E-38  4.5000E-38
  4.5000E-38  4.5000E-38  4.5000E-38  4.5000E-38  4.5000E-38
  4.5000E-38  4.5000E-38  4.5000E-38  4.5000E-38  4.5000E-38
  4.5000E-38  4.5000E-38  4.5000E-38  4.5000E-38  4.5000E-38
  4.5000E-38  4.5000E-38  4.5000E-38  4.5000E-38  4.5000E-38
  4.5000E-38  4.5000E-38  4.5000E-38  4.5000E-38  4.5000E-38
  4.5000E-38  4.5000E-38  4.5000E-38  4.5000E-38  4.5000E-38
  4.5021E-38  4.5021E-38  4.5021E-38  4.5021E-38  4.5021E-38
  4.5032E-38  4.5032E-38  4.5032E-38  4.5032E-38  4.5032E-38
  4.5000E-38  4.5000E-38  4.5000E-38  4.5000E-38  4.5000E-38
  4.5000E-38  4.5000E-38  4.5000E-38  4.5000E-38  4.5000E-38
  4.5000E-38  4.5000E-38  4.5000E-38  4.5000E-38  4.5000E-38
  4.5000E-38  4.5000E-38  4.5000E-38  4.5000E-38  4.5000E-38
  4.5000E-38  4.5000E-38  4.5000E-38  4.5000E-38  4.5000E-38
  4.5000E-38  4.5000E-38  4.5000E-38  4.5000E-38  4.5000E-38
  4.5000E-38  4.5000E-38  4.5000E-38  4.5000E-38  4.5000E-38
  4.5000E-38  4.5000E-38  4.5000E-38  4.5000E-38  4.5000E-38
  4.5000E-38  4.5000E-38  4.5000E-38  4.5000E-38  4.5000E-38
  4.5000E-38  4.5000E-38  4.5000E-38  4.5000E-38  4.5000E-38
  4.5000E-38  4.5000E-38  4.5000E-38  4.5000E-38  4.5000E-38
  4.5000E-38  4.5000E-38  4.5000E-38  4.5000E-38  4.5000E-38
  4.5000E-38  4.5000E-38  4.5000E-38  4.5000E-38  4.5000E-38
  4.5000E-38  4.5000E-38  4.5000E-38  4.5000E-38  4.5000E-38
  4.5000E-38  4.5000E-38  4.5000E-38  4.5000E-38  4.5000E-38
  4.5000E-38  4.5000E-38  4.5000E-38  4.5000E-38  4.5000E-38
  4.5010E-38  4.5010E-38  4.5010E-38  4.5010E-38  4.5010E-38
  4.5028E-38  4.5028E-38  4.5028E-38  4.5028E-38  4.5028E-38
  4.5000E-38  4.5000E-38  4.5000E-38  4.5000E-38  4.5000E-38
  4.5000E-38  4.5000E-38  4.5000E-38  4.5000E-38  4.5000E-38
  4.5000E-38  4.5000E-38  4.5000E-38  4.5000E-38  4.5000E-38
  4.5000E-38  4.5000E-38  4.5000E-38  4.5000E-38  4.5000E-38
  4.5000E-38  4.5000E-38  4.5000E-38  4.5000E-38  4.5000E-38
  4.5000E-38  4.5000E-38  4.5000E-38  4.5000E-38  4.5000E-38
  4.5000E-38  4.5000E-38  4.5000E-38  4.5000E-38  4.5000E-38
  4.5000E-38  4.5000E-38  4.5000E-38  4.5000E-38  4.5000E-38
  4.5000E-38  4.5000E-38  4.5000E-38  4.5000E-38  4.5000E-38
  4.5000E-38  4.5000E-38  4.5000E-38  4.5000E-38  4.5000E-38
  4.5000E-38  4.5000E-38  4.5000E-38  4.5000E-38  4.5000E-38
  4.5000E-38  4.5000E-38  4.5000E-38  4.5000E-38  4.5000E-38
  4.5000E-38  4.5000E-38  4.5000E-38  4.5000E-38  4.5000E-38
  4.5000E-38  4.5000E-38  4.5000E-38  4.5000E-38  4.5000E-38
  4.5000E-38  4.5000E-38  4.5000E-38  4.5000E-38  4.5000E-38
  4.5000E-38  4.5000E-38  4.5000E-38  4.5000E-38  4.5000E-38
  4.5000E-38  4.5000E-38  4.5000E-38  4.5000E-38  4.5000E-38
  4.5022E-38  4.5022E-38  4.5022E-38  4.5022E-38  4.5022E-38
  4.5000E-38  4.5000E-38  4.5000E-38  4.5000E-38  4.5000E-38
  4.5000E-38  4.5000E-38  4.5000E-38  4.5000E-38  4.5000E-38
  4.5000E-38  4.5000E-38  4.5000E-38  4.5000E-38  4.5000E-38
  4.5000E-38  4.5000E-38  4.5000E-38  4.5000E-38  4.5000E-38
  4.5000E-38  4.5000E-38  4.5000E-38  4.5000E-38  4.5000E-38
  4.5000E-38  4.5000E-38  4.5000E-38  4.5000E-38  4.5000E-38
  4.5000E-38  4.5000E-38  4.5000E-38  4.5000E-38  4.5000E-38
  4.5000E-38  4.5000E-38  4.5000E-38  4.5000E-38  4.5000E-38
  4.5000E-38  4.5000E-38  4.5000E-38  4.5000E-38  4.5000E-38
  4.5000E-38  4.5000E-38  4.5000E-38  4.5000E-38  4.5000E-38
  4.5000E-38  4.5000E-38  4.5000E-38  4.5000E-38  4.5000E-38
  4.5000E-38  4.5000E-38  4.5000E-38  4.5000E-38  4.5000E-38
  4.5000E-38  4.5000E-38  4.5000E-38  4.5000E-38  4.5000E-38
  4.5000E-38  4.5000E-38  4.5000E-38  4.5000E-38  4.5000E-38
  4.5000E-38  4.5000E-38  4.5000E-38  4.5000E-38  4.5000E-38
  4.5000E-38  4.5000E-38  4.5000E-38  4.5000E-38  4.5000E-38
  4.5000E-38  4.5000E-38  4.5000E-38  4.5000E-38  4.5000E-38
  4.5012E-38  4.5012E-38  4.5012E-38  4.5012E-38  4.5012E-38
  4.5000E-38  4.5000E-38  4.5000E-38  4.5000E-38  4.5000E-38
  4.5000E-38  4.5000E-38  4.5000E-38  4.5000E-38  4.5000E-38
  4.5000E-38  4.5000E-38  4.5000E-38  4.5000E-38  4.5000E-38
  4.5000E-38  4.5000E-38  4.5000E-38  4.5000E-38  4.5000E-38
  4.5000E-38  4.5000E-38  4.5000E-38  4.5000E-38  4.5000E-38
  4.5000E-38  4.5000E-38  4.5000E-38  4.5000E-38  4.5000E-38
  4.5000E-38  4.5000E-38  4.5000E-38  4.5000E-38  4.5000E-38
  4.5000E-38  4.5000E-38  4.5000E-38  4.5000E-38  4.5000E-38
  4.5000E-38  4.5000E-38  4.5000E-38  4.5000E-38  4.5000E-38
  4.5000E-38  4.5000E-38  4.5000E-38  4.5000E-38  4.5000E-38
  4.5000E-38  4.5000E-38  4.5000E-38  4.5000E-38  4.5000E-38
  4.5000E-38  4.5000E-38  4.5000E-38  4.5000E-38  4.5000E-38
  4.5000E-38  4.5000E-38  4.5000E-38  4.5000E-38  4.5000E-38
  4.5000E-38  4.5000E-38  4.5000E-38  4.5000E-38  4.5000E-38
  4.5000E-38  4.5000E-38  4.5000E-38  4.5000E-38  4.5000E-38
  4.5000E-38  4.5000E-38  4.5000E-38  4.5000E-38  4.5000E-38
  4.5000E-38  4.5000E-38  4.5000E-38  4.5000E-38  4.5000E-38
  4.5000E-38  4.5000E-38  4.5000E-38  4.5000E-38  4.5000E-38
  4.5000E-38  4.5000E-38  4.5000E-38  4.5000E-38  4.5000E-38
  4.5000E-38  4.5000E-38  4.5000E-38  4.5000E-38  4.5000E-38
  4.5000E-38  4.5000E-38  4.5000E-38  4.5000E-38  4.5000E-38
  4.5000E-38  4.5000E-38  4.5000E-38  4.5000E-38  4.5000E-38
  4.5000E-38  4.5000E-38  4.5000E-38  4.5000E-38  4.5000E-38
  4.5000E-38  4.5000E-38  4.5000E-38  4.5000E-38  4.5000E-38
  4.5000E-38  4.5000E-38  4.5000E-38  4.5000E-38  4.5000E-38
  4.5000E-38  4.5000E-38  4.5000E-38  4.5000E-38  4.5000E-38
  4.5000E-38  4.5000E-38  4.5000E-38  4.5000E-38  4.5000E-38
  4.5000E-38  4.5000E-38  4.5000E-38  4.5000E-38  4.5000E-38
  4.5000E-38  4.5000E-38  4.5000E-38  4.5000E-38  4.5000E-38
  4.5000E-38  4.5000E-38  4.5000E-38  4.5000E-38  4.5000E-38
  4.5000E-38  4.5000E-38  4.5000E-38  4.5000E-38  4.5000E-38
  4.5000E-38  4.5000E-38  4.5000E-38  4.5000E-38  4.5000E-38
  4.5000E-38  4.5000E-38  4.5000E-38  4.5000E-38  4.5000E-38
  4.5000E-38  4.5000E-38  4.5000E-38  4.5000E-38  4.5000E-38
  4.5000E-38  4.5000E-38  4.5000E-38  4.5000E-38  4.5000E-38
  4.5000E-38  4.5000E-38  4.5000E-38  4.5000E-38  4.5000E-38
  4.5000E-38  4.5000E-38  4.5000E-38  4.5000E-38  4.5000E-38
  4.5000E-38  4.5000E-38  4.5000E-38  4.5000E-38  4.5000E-38
  4.5000E-38  4.5000E-38  4.5000E-38  4.5000E-38  4.5000E-38
  4.5000E-38  4.5000E-38  4.5000E-38  4.5000E-38  4.5000E-38
  4.5000E-38  4.5000E-38  4.5000E-38  4.5000E-38  4.5000E-38
  4.5000E-38  4.5000E-38  4.5000E-38  4.5000E-38  4.5000E-38
  4.5000E-38  4.5000E-38  4.5000E-38  4.5000E-38  4.5000E-38
  4.5000E-38  4.5000E-38  4.5000E-38  4.5000E-38  4.5000E-38
  4.5000E-38  4.5000E-38  4.5000E-38  4.5000E-38  4.5000E-38
  4.5000E-38  4.5000E-38  4.5000E-38  4.5000E-38  4.5000E-38
  4.5000E-38  4.5000E-38  4.5000E-38  4.5000E-38  4.5000E-38
  4.5000E-38  4.5000E-38  4.5000E-38  4.5000E-38  4.5000E-38
  4.5000E-38  4.5000E-38  4.5000E-38  4.5000E-38  4.5000E-38
  4.5000E-38  4.5000E-38  4.5000E-38  4.5000E-38  4.5000E-38
  4.5000E-38  4.5000E-38  4.5000E-38  4.5000E-38  4.5000E-38
  4.5000E-38  4.5000E-38  4.5000E-38  4.5000E-38  4.5000E-38
  4.5000E-38  4.5000E-38  4.5000E-38  4.5000E-38  4.5000E-38
  4.5000E-38  4.5000E-38  4.5000E-38  4.5000E-38  4.5000E-38
  4.5006E-38  1.2697E-21  8.4085E-31  9.8802E-30  4.1664E-30
  4.5006E-38  4.2326E-22  1.4655E-31  1.7220E-30  7.2617E-31
  4.5006E-38  1.2699E-22  2.2530E-32  2.6474E-31  1.1164E-31
  4.5005E-38  4.2329E-23  4.1832E-33  4.9154E-32  2.0728E-32
  4.5006E-38  1.2699E-23  6.7186E-34  7.8946E-33  3.3291E-33
  4.5006E-38  4.2330E-24  1.2778E-34  1.5014E-33  6.3312E-34
  4.5005E-38  1.2698E-24  2.0839E-35  2.4487E-34  1.0326E-34
  4.5006E-38  4.2328E-25  3.9950E-36  4.6943E-35  1.9795E-35
  4.5005E-38  1.2698E-25  6.5485E-37  7.6947E-36  3.2448E-36
  4.5006E-38  4.2326E-26  1.2588E-37  1.4790E-36  6.2370E-37
  4.5006E-38  1.2698E-26  4.5006E-38  2.4285E-37  1.0240E-37
  4.5006E-38  4.2326E-27  4.5006E-38  4.6718E-38  4.5006E-38
  4.5006E-38  1.2698E-27  4.5006E-38  4.5006E-38  4.5006E-38
  4.5006E-38  4.2326E-28  4.5006E-38  4.5006E-38  4.5006E-38
  4.5006E-38  1.2698E-28  4.5006E-38  4.5006E-38  4.5006E-38
  4.5006E-38  4.2326E-29  4.5006E-38  4.5006E-38  4.5006E-38
  4.5006E-38  1.2698E-29  4.5006E-38  4.5006E-38  4.5006E-38
  4.5006E-38  4.2326E-30  4.5006E-38  4.5006E-38  4.5006E-38
  2.0989E-35  1.7395E-19  2.9731E-27  2.9555E-26  1.1031E-26
  4.0394E-36  5.7991E-20  4.3948E-28  4.3688E-27  1.9294E-27
  6.6373E-37  1.7399E-20  5.8743E-29  5.8396E-28  2.5789E-28
  1.2774E-37  5.8003E-21  9.9778E-30  9.9189E-29  4.3805E-29
  4.5005E-38  1.7402E-21  1.5048E-30  1.4959E-29  6.6063E-30
  4.5006E-38  5.8010E-22  2.7632E-31  2.7469E-30  1.2131E-30
  4.5006E-38  1.7403E-22  4.4056E-32  4.3795E-31  1.9341E-31
  4.5005E-38  5.8009E-23  8.3454E-33  8.2960E-32  3.6638E-32
  4.5005E-38  1.7402E-23  1.3577E-33  1.3497E-32  5.9606E-33
  4.5006E-38  5.8005E-24  2.5995E-34  2.5841E-33  1.1412E-33
  4.5006E-38  1.7401E-24  4.2579E-35  4.2327E-34  1.8693E-34
  4.5006E-38  5.8005E-25  8.1811E-36  8.1327E-35  3.5916E-35
  4.5006E-38  1.7401E-25  1.3430E-36  1.3350E-35  5.8958E-36
  4.5006E-38  5.8005E-26  2.5831E-37  2.5679E-36  1.1340E-36
  4.5006E-38  1.7401E-26  4.5006E-38  4.2181E-37  1.8628E-37
  4.5006E-38  5.8005E-27  4.5006E-38  8.1165E-38  4.5006E-38
  4.5006E-38  1.7401E-27  4.5006E-38  4.5006E-38  4.5006E-38
  4.5006E-38  5.8005E-28  4.5006E-38  4.5006E-38  4.5006E-38
  5.7033E-32  1.3699E-17  6.2773E-24  5.3773E-23  9.3308E-25
  1.0976E-32  4.5665E-18  7.9290E-25  6.7920E-24  3.5357E-25
  1.8035E-33  1.3701E-18  8.8136E-26  7.5498E-25  1.3101E-25
  3.4709E-34  4.5676E-19  1.2810E-26  1.0972E-25  5.0472E-26
  5.7033E-35  1.3705E-19  1.6832E-27  1.4419E-26  6.6322E-27
  1.0976E-35  4.5686E-20  2.8239E-28  2.4191E-27  1.1127E-27
  1.8035E-36  1.3707E-20  4.2185E-29  3.6137E-28  1.6622E-28
  3.4708E-37  4.5690E-21  7.7029E-30  6.5984E-29  3.0352E-29
  5.7028E-38  1.3707E-21  1.2235E-30  1.0480E-29  4.8208E-30
  4.5005E-38  4.5688E-22  2.3129E-31  1.9812E-30  9.1133E-31
  4.5006E-38  1.3707E-22  3.7582E-32  3.2193E-31  1.4808E-31
  4.5006E-38  4.5688E-23  7.1910E-33  6.1599E-32  2.8335E-32
  4.5006E-38  1.3707E-23  1.1773E-33  1.0085E-32  4.6392E-33
  4.5006E-38  4.5688E-24  2.2617E-34  1.9374E-33  8.9117E-34
  4.5006E-38  1.3707E-24  3.7122E-35  3.1799E-34  1.4627E-34
  4.5006E-38  4.5689E-25  7.1399E-36  6.1162E-35  2.8132E-35
  4.5006E-38  1.3707E-25  1.1727E-36  1.0046E-35  4.6211E-36
  4.5006E-38  4.5689E-26  2.2566E-37  1.9330E-36  8.8915E-37
  6.7121E-29  6.7699E-16  7.2622E-21  5.2119E-20  6.1023E-23
  1.2917E-29  2.2567E-16  8.4752E-22  6.3538E-21  2.1365E-23
  2.1225E-30  6.7704E-17  8.3419E-23  6.2539E-22  7.0097E-24
  4.0847E-31  2.2570E-17  1.0553E-23  7.9117E-23  2.6603E-24
  6.7118E-32  6.7719E-18  1.1755E-24  8.8134E-24  9.8784E-25
  1.2917E-32  2.2576E-18  1.7122E-25  1.2837E-24  4.3164E-25
  2.1225E-33  6.7735E-19  2.2549E-26  1.6905E-25  8.0617E-26
  4.0846E-34  2.2581E-19  3.7893E-27  2.8408E-26  1.3547E-26
  6.7115E-35  6.7744E-20  5.6674E-28  4.2488E-27  2.0261E-27
  1.2916E-35  2.2582E-20  1.0356E-28  7.7638E-28  3.7024E-28
  2.1222E-36  6.7743E-21  1.6456E-29  1.2337E-28  5.8835E-29
  4.0839E-37  2.2582E-21  3.1120E-30  2.3330E-29  1.1125E-29
  6.7106E-38  6.7744E-22  5.0576E-31  3.7917E-30  1.8081E-30
  4.5006E-38  2.2582E-22  9.6783E-32  7.2558E-31  3.4601E-31
  4.5006E-38  6.7745E-23  1.5847E-32  1.1880E-31  5.6656E-32
  4.5006E-38  2.2582E-23  3.0443E-33  2.2823E-32  1.0883E-32
  4.5006E-38  6.7745E-24  4.9967E-34  3.7460E-33  1.7864E-33
  4.5006E-38  2.2582E-24  9.6106E-35  7.2051E-34  3.4359E-34
  3.8798E-26  2.2528E-14  4.4352E-18  2.0064E-18  2.8221E-21
  7.4645E-27  7.5080E-15  5.0198E-19  6.8137E-19  9.5842E-22
  1.2265E-27  2.2524E-15  4.6826E-20  2.1188E-19  2.9802E-22
  2.3604E-28  7.5083E-16  5.4996E-21  3.6563E-20  1.0500E-22
  3.8785E-29  2.2527E-16  5.4714E-22  3.6375E-21  3.4822E-23
  7.4641E-30  7.5096E-17  7.0174E-23  4.6655E-22  1.3399E-23
  1.2264E-30  2.2532E-17  7.9650E-24  5.2955E-23  5.0693E-24
  2.3604E-31  7.5115E-18  1.1816E-24  7.8558E-24  2.2561E-24
  3.8784E-32  2.2537E-18  1.5849E-25  1.0537E-24  5.1893E-25
  7.4636E-33  7.5126E-19  2.6985E-26  1.7941E-25  8.8358E-26
  1.2263E-33  2.2539E-19  4.0771E-27  2.7106E-26  1.3350E-26
  2.3600E-34  7.5129E-20  7.4948E-28  4.9828E-27  2.4540E-27
  3.8778E-35  2.2539E-20  1.1958E-28  7.9505E-28  3.9155E-28
  7.4627E-36  7.5131E-21  2.2663E-29  1.5067E-28  7.4204E-29
  1.2263E-36  2.2540E-21  3.6882E-30  2.4520E-29  1.2076E-29
  2.3599E-37  7.5132E-22  7.0627E-31  4.6956E-30  2.3126E-30
  4.5006E-38  2.2540E-22  1.1569E-31  7.6920E-31  3.7882E-31
  4.5006E-38  7.5132E-23  2.2231E-32  1.4780E-31  7.2789E-32
  1.3276E-19  6.4940E-11  5.9900E-12  9.0440E-15  2.0042E-17
  2.5557E-20  2.1638E-11  1.9995E-12  3.0186E-15  6.6890E-18
  8.3947E-21  1.2975E-11  3.6923E-13  1.8159E-15  4.0240E-18
  1.6145E-21  4.3226E-12  4.1187E-14  6.0803E-16  1.3474E-18
  2.6525E-22  1.2966E-12  3.7418E-15  1.8417E-16  4.0813E-19
  5.1050E-23  4.3218E-13  4.2231E-16  6.2360E-17  1.3819E-19
  8.3886E-24  1.2966E-13  3.9163E-17  1.9276E-17  4.2716E-20
  1.6144E-24  4.3221E-14  4.5591E-18  6.7320E-18  1.4918E-20
  2.6528E-25  1.2967E-14  4.4682E-19  2.1993E-18  4.8736E-21
  5.1053E-26  4.3227E-15  5.6211E-20  2.7738E-19  1.8393E-21
  8.3886E-27  1.2970E-15  6.2130E-21  3.0658E-20  6.7768E-22
  1.6143E-27  4.3235E-16  8.9780E-22  4.4302E-21  2.9380E-22
  2.6524E-28  1.2972E-16  1.1728E-22  5.7873E-22  1.2794E-22
  5.1044E-29  4.3242E-17  1.9591E-23  9.6676E-23  5.1512E-23
  8.3874E-30  1.2974E-17  2.9169E-24  1.4393E-23  7.6692E-24
  1.6142E-30  4.3247E-18  5.3155E-25  2.6229E-24  1.3976E-24
  2.6523E-31  1.2975E-18  8.4317E-26  4.1607E-25  2.2170E-25
  5.1044E-32  4.3249E-19  1.5929E-26  7.8603E-26  4.1882E-26
  2.6436E-15  4.9017E-08  5.4480E-09  8.4205E-12  2.7395E-14
  8.8175E-16  1.6350E-08  2.0078E-09  3.0853E-12  9.8195E-15
  2.6456E-16  4.9054E-09  6.2800E-10  9.6275E-13  3.0379E-15
  1.7633E-16  3.2695E-09  4.2415E-10  6.4981E-13  2.0452E-15
  4.6377E-17  9.8045E-10  1.2795E-10  1.9597E-13  6.1624E-16
  8.9468E-18  3.2662E-10  4.2782E-11  6.5524E-14  2.0599E-16
  1.4725E-18  9.7959E-11  7.3975E-12  1.9756E-14  6.2099E-17
  2.8368E-19  3.2652E-11  8.2824E-13  6.6360E-15  2.0859E-17
  4.6643E-20  9.7956E-12  7.5645E-14  2.0203E-15  6.3505E-18
  8.9793E-21  3.2653E-12  8.6034E-15  6.8934E-16  2.1668E-18
  1.4758E-21  9.7961E-13  8.0921E-16  2.1613E-16  6.7935E-19
  2.8402E-22  3.2655E-13  9.6185E-17  7.7070E-17  2.4225E-19
  4.6670E-23  9.7968E-14  9.7593E-18  2.6067E-17  8.1936E-20
  8.9815E-24  3.2658E-14  1.2828E-18  5.0306E-18  3.2309E-20
  1.4758E-24  9.7987E-15  1.5032E-19  5.8954E-19  1.2622E-20
  2.8403E-25  3.2666E-15  2.2975E-20  9.0105E-20  5.7871E-21
  4.6670E-26  9.8009E-16  3.1706E-21  1.2435E-20  2.6621E-21
  8.9816E-27  3.2672E-16  5.5062E-22  2.1595E-21  1.2216E-21
  3.1768E-13  1.7569E-06  6.2125E-08  1.0684E-10  7.6445E-13
  2.1832E-13  1.7569E-06  6.2120E-08  1.0684E-10  7.6440E-13
  1.2162E-13  9.0045E-07  4.6760E-08  7.8285E-11  4.6918E-13
  6.4425E-14  3.0370E-07  2.6019E-08  4.2049E-11  2.0896E-13
  5.9892E-14  1.8297E-07  2.2760E-08  3.5905E-11  1.6023E-13
  1.9988E-14  6.1063E-08  9.1650E-09  1.4301E-11  6.1025E-14
  5.9964E-15  1.8318E-08  3.0077E-09  4.6702E-12  1.9549E-14
  1.9979E-15  6.1034E-09  1.0337E-09  1.6027E-12  6.6681E-15
  5.9928E-16  1.8307E-09  3.1474E-10  4.8764E-13  2.0243E-15
  1.2542E-16  6.1025E-10  1.0588E-10  1.6401E-13  6.8043E-16
  2.0705E-17  1.8307E-10  1.1372E-11  4.9822E-14  2.0664E-16
  3.9943E-18  6.1026E-11  1.2857E-12  1.6898E-14  7.0087E-17
  6.5730E-19  1.8307E-11  1.1953E-13  5.2377E-15  2.1723E-17
  1.2659E-19  6.1025E-12  1.3970E-14  1.8364E-15  7.6164E-18
  2.0809E-20  1.8308E-12  1.3784E-15  6.0400E-16  2.5050E-18
  4.0055E-21  6.1033E-13  1.7492E-16  2.2997E-16  9.5376E-19
  6.5826E-22  1.8312E-13  1.9572E-17  6.3973E-17  3.5572E-19
  1.2669E-22  6.1048E-14  2.8634E-18  9.3588E-18  1.5612E-19
  2.1928E-12  1.7524E-06  6.7550E-08  1.1783E-10  1.1198E-12
  1.9802E-12  1.7521E-06  6.7460E-08  1.1766E-10  1.1167E-12
  1.6753E-12  1.7519E-06  6.7405E-08  1.1756E-10  1.1149E-12
  1.3509E-12  1.7519E-06  6.7380E-08  1.1751E-10  1.1140E-12
  9.9255E-13  1.7519E-06  6.7360E-08  1.1748E-10  1.1134E-12
  7.0750E-13  1.7522E-06  6.7355E-08  1.1747E-10  1.1133E-12
  7.0941E-13  1.2424E-06  8.7117E-08  1.4598E-10  1.0543E-12
  3.5275E-13  4.1746E-07  4.7211E-08  7.6629E-11  4.6695E-13
  1.5399E-13  1.2555E-07  1.9993E-08  3.1791E-11  1.7597E-13
  5.9610E-14  4.1872E-08  7.9038E-09  1.2448E-11  6.6279E-14
  1.7888E-14  1.2565E-08  2.5864E-09  4.0543E-12  2.1233E-14
  5.9634E-15  4.1886E-09  8.9275E-10  1.3970E-12  7.2779E-15
  1.4814E-15  1.2566E-09  2.6980E-10  4.2837E-13  2.2274E-15
  2.8787E-16  4.1888E-10  3.0623E-11  1.4599E-13  7.5866E-16
  4.7584E-17  1.2567E-10  2.8466E-12  4.5258E-14  2.3514E-16
  9.1854E-18  4.1888E-11  3.3230E-13  1.5852E-14  8.2353E-17
  1.5121E-18  1.2568E-11  3.2718E-14  5.2029E-15  2.7029E-17
  2.9128E-19  4.1894E-12  4.1409E-15  1.9755E-15  1.0263E-17
  8.3196E-12  1.7634E-06  7.7751E-08  1.3860E-10  1.8974E-12
  7.7216E-12  1.7568E-06  7.5851E-08  1.3479E-10  1.7926E-12
  7.2780E-12  1.7522E-06  7.4580E-08  1.3224E-10  1.7259E-12
  6.9420E-12  1.7498E-06  7.3895E-08  1.3088E-10  1.6912E-12
  6.5425E-12  1.7482E-06  7.3455E-08  1.3001E-10  1.6696E-12
  6.0715E-12  1.7474E-06  7.3225E-08  1.2956E-10  1.6583E-12
  5.3760E-12  1.7471E-06  7.3090E-08  1.2930E-10  1.6516E-12
  9.1163E-12  3.4941E-06  1.4604E-07  2.5833E-10  3.2961E-12
  6.8202E-12  3.4938E-06  1.4575E-07  2.5787E-10  3.2851E-12
  4.2459E-12  3.4929E-06  1.4435E-07  2.5590E-10  3.2404E-12
  1.7042E-12  1.1365E-06  9.0691E-08  1.5472E-10  1.4419E-12
  8.3693E-13  3.8167E-07  4.9580E-08  8.1987E-11  6.4182E-13
  3.9383E-13  1.1483E-07  2.1593E-08  3.4889E-11  2.4735E-13
  1.8754E-13  3.8311E-08  8.7968E-09  1.4046E-11  9.5553E-14
  7.6343E-14  1.1496E-08  2.9596E-09  4.6953E-12  3.1364E-14
  2.6608E-14  3.8326E-09  1.0445E-09  1.6526E-12  1.0973E-14
  5.8094E-15  1.1498E-09  1.1298E-10  5.2432E-13  3.4735E-15
  1.1352E-15  3.8330E-10  1.3184E-11  1.8385E-13  1.2171E-15
  5.3262E-11  1.8259E-06  1.0388E-07  1.9380E-10  5.1602E-12
  3.8153E-11  1.8109E-06  9.8099E-08  1.8129E-10  4.2062E-12
  2.8468E-11  1.7934E-06  9.1997E-08  1.6832E-10  3.4422E-12
  2.3319E-11  1.7785E-06  8.7311E-08  1.5853E-10  2.9755E-12
  1.9990E-11  1.7653E-06  8.3481E-08  1.5066E-10  2.6520E-12
  1.8157E-11  1.7567E-06  8.1120E-08  1.4586E-10  2.4735E-12
  1.6834E-11  1.7506E-06  7.9480E-08  1.4255E-10  2.3579E-12
  1.5888E-11  1.7472E-06  7.8575E-08  1.4074E-10  2.2971E-12
  2.9631E-11  3.4903E-06  1.5602E-07  2.7919E-10  4.5181E-12
  2.6672E-11  3.4879E-06  1.5536E-07  2.7786E-10  4.4752E-12
  1.9513E-11  3.4859E-06  1.5419E-07  2.7596E-10  4.4162E-12
  1.1076E-11  3.4816E-06  1.5111E-07  2.7137E-10  4.2818E-12
  5.9979E-12  3.4710E-06  1.4544E-07  2.6296E-10  4.0485E-12
  3.2211E-12  1.3683E-06  1.0141E-07  1.7791E-10  2.1203E-12
  1.6137E-12  4.1447E-07  5.4668E-08  9.2487E-11  8.9692E-13
  8.3959E-13  1.3857E-07  2.6680E-08  4.4048E-11  3.8604E-13
  3.8968E-13  4.1618E-08  1.0516E-08  1.7069E-11  1.4186E-13
  1.8136E-13  1.3878E-08  4.0845E-09  6.5702E-12  5.3499E-14
  4.8662E-10  1.8575E-06  1.1851E-07  2.2595E-10  9.5699E-12
  3.2796E-10  1.8533E-06  1.1673E-07  2.2223E-10  9.0924E-12
  2.0879E-10  1.8458E-06  1.1368E-07  2.1557E-10  8.1109E-12
  1.3963E-10  1.8358E-06  1.0977E-07  2.0692E-10  6.9859E-12
  9.3405E-11  1.8211E-06  1.0439E-07  1.9514E-10  5.7578E-12
  6.8281E-11  1.8053E-06  9.9027E-08  1.8355E-10  4.8105E-12
  5.2046E-11  1.7873E-06  9.3481E-08  1.7178E-10  4.0416E-12
  4.3333E-11  1.7726E-06  8.9321E-08  1.6309E-10  3.5670E-12
  3.7600E-11  1.7602E-06  8.5985E-08  1.5624E-10  3.2366E-12
  6.8332E-11  3.5045E-06  1.6797E-07  3.0419E-10  6.1071E-12
  5.8455E-11  3.4929E-06  1.6517E-07  2.9843E-10  5.8660E-12
  3.4636E-11  3.4859E-06  1.6308E-07  2.9449E-10  5.7084E-12
  1.2458E-11  3.4777E-06  1.5939E-07  2.8844E-10  5.4829E-12
  5.9185E-12  3.4657E-06  1.5429E-07  2.8045E-10  5.2049E-12
  3.2116E-12  3.4465E-06  1.4710E-07  2.6924E-10  4.8415E-12
  1.8690E-12  2.5003E-06  1.2645E-07  2.3087E-10  3.7029E-12
  1.0047E-12  7.6300E-07  7.5282E-08  1.3259E-10  1.6466E-12
  5.6751E-13  2.5570E-07  4.0142E-08  6.8635E-11  7.4194E-13
  1.4202E-09  1.8625E-06  1.2024E-07  2.2559E-10  8.0072E-12
  1.2348E-09  1.8619E-06  1.2025E-07  2.2777E-10  9.1429E-12
  9.8824E-10  1.8604E-06  1.1984E-07  2.2819E-10  9.8524E-12
  7.5328E-10  1.8580E-06  1.1899E-07  2.2697E-10  9.9934E-12
  5.2427E-10  1.8535E-06  1.1735E-07  2.2368E-10  9.6289E-12
  3.6275E-10  1.8470E-06  1.1496E-07  2.1853E-10  8.8874E-12
  2.4011E-10  1.8362E-06  1.1120E-07  2.1025E-10  7.7764E-12
  1.6812E-10  1.8231E-06  1.0676E-07  2.0056E-10  6.6817E-12
  1.1948E-10  1.8055E-06  1.0129E-07  1.8875E-10  5.6006E-12
  1.8582E-10  3.5777E-06  1.9288E-07  3.5692E-10  9.6642E-12
  1.5041E-10  3.5436E-06  1.8408E-07  3.3816E-10  8.4807E-12
  1.2525E-10  3.5186E-06  1.7800E-07  3.2542E-10  7.7724E-12
  8.0111E-11  3.4982E-06  1.7276E-07  3.1496E-10  7.2421E-12
  3.8660E-11  3.4815E-06  1.6754E-07  3.0558E-10  6.8095E-12
  1.9434E-11  3.4604E-06  1.6088E-07  2.9434E-10  6.3384E-12
  1.1658E-11  3.4357E-06  1.5370E-07  2.8258E-10  5.8880E-12
  6.6732E-12  3.3948E-06  1.4262E-07  2.6463E-10  5.2604E-12
  3.9293E-12  2.7632E-06  1.2281E-07  2.2921E-10  4.1470E-12
  1.7329E-09  1.8625E-06  1.1714E-07  2.0230E-10  4.1008E-12
  1.6905E-09  1.8628E-06  1.1885E-07  2.1436E-10  5.6911E-12
  1.6135E-09  1.8627E-06  1.1982E-07  2.2226E-10  7.4381E-12
  1.5033E-09  1.8623E-06  1.2019E-07  2.2621E-10  8.7738E-12
  1.3287E-09  1.8614E-06  1.2015E-07  2.2813E-10  9.7739E-12
  1.1227E-09  1.8597E-06  1.1971E-07  2.2818E-10  1.0218E-11
  8.7054E-10  1.8563E-06  1.1867E-07  2.2650E-10  1.0217E-11
  6.5038E-10  1.8514E-06  1.1704E-07  2.2318E-10  9.8069E-12
  4.5225E-10  1.8430E-06  1.1425E-07  2.1721E-10  8.9774E-12
  3.2088E-10  1.8319E-06  1.1068E-07  2.0949E-10  7.9939E-12
  4.4865E-10  3.6317E-06  2.1181E-07  3.9800E-10  1.3713E-11
  3.3686E-10  3.5972E-06  2.0246E-07  3.7761E-10  1.1884E-11
  2.4580E-10  3.5586E-06  1.9275E-07  3.5686E-10  1.0322E-11
  1.5305E-10  3.5262E-06  1.8460E-07  3.4024E-10  9.2466E-12
  7.4950E-11  3.4917E-06  1.7551E-07  3.2299E-10  8.2782E-12
  4.3917E-11  3.4587E-06  1.6735E-07  3.0831E-10  7.5557E-12
  2.6063E-11  3.4154E-06  1.5752E-07  2.9135E-10  6.8168E-12
  1.5943E-11  3.3587E-06  1.4571E-07  2.7147E-10  6.0442E-12
  1.7804E-09  1.8592E-06  1.0406E-07  1.4228E-10  1.5583E-12
  1.7738E-09  1.8611E-06  1.1106E-07  1.7191E-10  2.5297E-12
  1.7587E-09  1.8621E-06  1.1560E-07  1.9578E-10  3.9852E-12
  1.7338E-09  1.8626E-06  1.1796E-07  2.1021E-10  5.5746E-12
  1.6867E-09  1.8626E-06  1.1937E-07  2.1992E-10  7.3441E-12
  1.6159E-09  1.8624E-06  1.1998E-07  2.2495E-10  8.7247E-12
  1.4947E-09  1.8616E-06  1.2014E-07  2.2771E-10  9.7989E-12
  1.3359E-09  1.8601E-06  1.1988E-07  2.2839E-10  1.0339E-11
  1.1132E-09  1.8572E-06  1.1907E-07  2.2743E-10  1.0478E-11
  8.8805E-10  1.8528E-06  1.1771E-07  2.2492E-10  1.0226E-11
  1.3095E-09  3.6904E-06  2.3085E-07  4.4006E-10  1.9155E-11
  9.5832E-10  3.6693E-06  2.2481E-07  4.2670E-10  1.7429E-11
  6.7115E-10  3.6370E-06  2.1619E-07  4.0765E-10  1.5270E-11
  4.5208E-10  3.6004E-06  2.0691E-07  3.8767E-10  1.3351E-11
  2.3436E-10  3.5544E-06  1.9538E-07  3.6398E-10  1.1453E-11
  1.2540E-10  3.5069E-06  1.8405E-07  3.4190E-10  9.9832E-12
  7.3445E-11  3.4488E-06  1.7207E-07  3.1945E-10  8.7245E-12
  4.6151E-11  3.3838E-06  1.6019E-07  2.9817E-10  7.7046E-12
  1.7786E-09  1.8461E-06  7.0323E-08  6.5668E-11  5.0317E-13
  1.7828E-09  1.8537E-06  8.8278E-08  1.0067E-10  9.3809E-13
  1.7828E-09  1.8582E-06  1.0189E-07  1.3957E-10  1.7109E-12
  1.7787E-09  1.8605E-06  1.0971E-07  1.6986E-10  2.7605E-12
  1.7679E-09  1.8619E-06  1.1482E-07  1.9443E-10  4.2952E-12
  1.7496E-09  1.8624E-06  1.1749E-07  2.0935E-10  5.9207E-12
  1.7142E-09  1.8625E-06  1.1910E-07  2.1942E-10  7.6702E-12
  1.6599E-09  1.8622E-06  1.1981E-07  2.2468E-10  8.9953E-12
  1.5642E-09  1.8614E-06  1.2003E-07  2.2760E-10  1.0003E-11
  1.4330E-09  1.8598E-06  1.1977E-07  2.2840E-10  1.0504E-11
  2.4752E-09  3.7136E-06  2.3793E-07  4.5516E-10  2.1274E-11
  2.0481E-09  3.7035E-06  2.3563E-07  4.5037E-10  2.0826E-11
  1.5593E-09  3.6863E-06  2.3126E-07  4.4092E-10  1.9637E-11
  1.1301E-09  3.6621E-06  2.2523E-07  4.2776E-10  1.8014E-11
  6.4792E-10  3.6234E-06  2.1584E-07  4.0771E-10  1.5826E-11
  3.2489E-10  3.5743E-06  2.0407E-07  3.8377E-10  1.3636E-11
  1.7288E-10  3.5042E-06  1.8942E-07  3.5486E-10  1.1480E-11
  1.0766E-10  3.4246E-06  1.7548E-07  3.2827E-10  9.8610E-12
  1.7489E-09  1.8004E-06  2.7477E-08  1.9229E-11  1.3647E-13
  1.7679E-09  1.8290E-06  4.7849E-08  3.8888E-11  2.9986E-13
  1.7789E-09  1.8454E-06  7.1533E-08  7.1473E-11  6.4288E-13
  1.7832E-09  1.8533E-06  8.9124E-08  1.0725E-10  1.1798E-12
  1.7834E-09  1.8580E-06  1.0241E-07  1.4571E-10  2.1075E-12
  1.7796E-09  1.8604E-06  1.1001E-07  1.7477E-10  3.3174E-12
  1.7695E-09  1.8617E-06  1.1497E-07  1.9779E-10  4.9900E-12
  1.7523E-09  1.8622E-06  1.1755E-07  2.1153E-10  6.6462E-12
  1.7188E-09  1.8622E-06  1.1906E-07  2.2066E-10  8.3072E-12
  1.6675E-09  1.8617E-06  1.1969E-07  2.2534E-10  9.4824E-12
  1.5765E-09  1.8604E-06  1.1976E-07  2.2782E-10  1.0320E-11
  2.9017E-09  3.7165E-06  2.3905E-07  4.5656E-10  2.1388E-11
  2.5178E-09  3.7071E-06  2.3748E-07  4.5404E-10  2.1453E-11
  2.0622E-09  3.6932E-06  2.3462E-07  4.4825E-10  2.0873E-11
  1.4194E-09  3.6679E-06  2.2917E-07  4.3681E-10  1.9529E-11
  7.6869E-10  3.6297E-06  2.2072E-07  4.1938E-10  1.7602E-11
  3.7060E-10  3.5634E-06  2.0692E-07  3.9171E-10  1.4992E-11
  2.2047E-10  3.4773E-06  1.9193E-07  3.6216E-10  1.2723E-11
  1.6661E-09  1.6520E-06  7.9209E-09  5.2313E-12  3.9625E-14
  3.4409E-09  3.4968E-06  3.2876E-08  2.2858E-11  1.7732E-13
  3.5085E-09  3.6104E-06  6.6986E-08  5.2024E-11  4.2806E-13
  3.5418E-09  3.6636E-06  1.0927E-07  9.9157E-11  9.0148E-13
  3.5604E-09  3.6939E-06  1.5458E-07  1.7101E-10  1.8552E-12
  3.5666E-09  3.7083E-06  1.8653E-07  2.4394E-10  3.2824E-12
  3.5643E-09  3.7170E-06  2.0998E-07  3.1696E-10  5.6311E-12
  1.7766E-09  1.8605E-06  1.1157E-07  1.8448E-10  4.2353E-12
  1.7638E-09  1.8615E-06  1.1580E-07  2.0417E-10  6.0337E-12
  3.4851E-09  3.7237E-06  2.3589E-07  4.3107E-10  1.5287E-11
  3.4034E-09  3.7227E-06  2.3826E-07  4.4571E-10  1.8210E-11
  3.2797E-09  3.7204E-06  2.3916E-07  4.5281E-10  2.0089E-11
  3.0626E-09  3.7149E-06  2.3915E-07  4.5577E-10  2.1275E-11
  2.7558E-09  3.7054E-06  2.3811E-07  4.5492E-10  2.1650E-11
  2.2109E-09  3.6879E-06  2.3531E-07  4.4988E-10  2.1339E-11
  1.4564E-09  3.6597E-06  2.3020E-07  4.3976E-10  2.0303E-11
  7.1856E-10  3.6040E-06  2.1974E-07  4.1899E-10  1.8181E-11
  4.0690E-10  3.5214E-06  2.0602E-07  3.9186E-10  1.5775E-11
  2.9649E-09  2.6123E-06  5.1421E-09  3.5002E-12  2.9165E-14
  3.2143E-09  3.0654E-06  1.0946E-08  7.5751E-12  6.3538E-14
  3.3823E-09  3.3769E-06  2.4147E-08  1.7356E-11  1.4828E-13
  3.4707E-09  3.5382E-06  4.7497E-08  3.6619E-11  3.2464E-13
  3.5242E-09  3.6315E-06  8.8018E-08  7.7573E-11  7.4687E-13
  3.5495E-09  3.6748E-06  1.3090E-07  1.3584E-10  1.4913E-12
  3.5617E-09  3.6995E-06  1.7167E-07  2.1415E-10  2.8850E-12
  3.5626E-09  3.7113E-06  1.9837E-07  2.8517E-10  4.8476E-12
  3.5531E-09  3.7181E-06  2.1716E-07  3.4980E-10  7.8038E-12
  3.5322E-09  3.7211E-06  2.2742E-07  3.9246E-10  1.1036E-11
  3.4885E-09  3.7219E-06  2.3381E-07  4.2301E-10  1.4645E-11
  3.4188E-09  3.7206E-06  2.3687E-07  4.3977E-10  1.7488E-11
  3.2896E-09  3.7169E-06  2.3844E-07  4.4984E-10  1.9771E-11
  3.0953E-09  3.7095E-06  2.3866E-07  4.5371E-10  2.1044E-11
  2.7198E-09  3.6949E-06  2.3743E-07  4.5326E-10  2.1625E-11
  2.0860E-09  3.6713E-06  2.3430E-07  4.4804E-10  2.1416E-11
  1.1920E-09  3.6234E-06  2.2685E-07  4.3391E-10  2.0168E-11
  6.6993E-10  3.5460E-06  2.1525E-07  4.1131E-10  1.8157E-11
  2.2961E-09  1.5286E-06  1.6519E-09  1.1763E-12  1.0730E-14
  2.7647E-09  2.2422E-06  3.9337E-09  2.8199E-12  2.5844E-14
  3.1120E-09  2.8540E-06  9.1823E-09  6.6788E-12  6.1603E-14
  3.3096E-09  3.2247E-06  1.8841E-08  1.4074E-11  1.3153E-13
  3.4371E-09  3.4671E-06  3.9523E-08  3.1319E-11  3.0249E-13
  3.5016E-09  3.5876E-06  7.1567E-08  6.2562E-11  6.4137E-13
  3.5385E-09  3.6559E-06  1.1704E-07  1.1975E-10  1.3850E-12
  3.5534E-09  3.6877E-06  1.5696E-07  1.8870E-10  2.5801E-12
  3.5556E-09  3.7057E-06  1.9039E-07  2.6819E-10  4.6422E-12
  3.5456E-09  3.7141E-06  2.1068E-07  3.3139E-10  7.2707E-12
  3.5185E-09  3.7182E-06  2.2430E-07  3.8318E-10  1.0776E-11
  3.4715E-09  3.7187E-06  2.3141E-07  4.1468E-10  1.4115E-11
  3.3807E-09  3.7160E-06  2.3558E-07  4.3572E-10  1.7294E-11
  3.2410E-09  3.7099E-06  2.3730E-07  4.4613E-10  1.9453E-11
  2.9766E-09  3.6963E-06  2.3739E-07  4.5064E-10  2.0908E-11
  2.5046E-09  3.6738E-06  2.3551E-07  4.4919E-10  2.1419E-11
  1.6593E-09  3.6286E-06  2.2997E-07  4.3979E-10  2.0975E-11
  9.7510E-10  3.5536E-06  2.2008E-07  4.2116E-10  1.9530E-11
  1.3143E-09  5.5715E-07  4.5845E-10  3.4185E-13  3.3956E-15
  2.0084E-09  1.1768E-06  1.3094E-09  9.7911E-13  9.7411E-15
  2.6149E-09  1.9878E-06  3.5620E-09  2.6807E-12  2.6749E-14
  2.9943E-09  2.6224E-06  7.8909E-09  6.0089E-12  6.0334E-14
  3.2563E-09  3.1084E-06  1.7397E-08  1.3589E-11  1.3831E-13
  3.3974E-09  3.3822E-06  3.4022E-08  2.7813E-11  2.9088E-13
  3.4840E-09  3.5515E-06  6.5606E-08  5.8795E-11  6.5097E-13
  3.5246E-09  3.6323E-06  1.0534E-07  1.0733E-10  1.3114E-12
  3.5435E-09  3.6776E-06  1.4994E-07  1.8040E-10  2.6095E-12
  3.5441E-09  3.6985E-06  1.8266E-07  2.5336E-10  4.4882E-12
  3.5274E-09  3.7098E-06  2.0720E-07  3.2477E-10  7.3709E-12
  3.4922E-09  3.7138E-06  2.2107E-07  3.7444E-10  1.0580E-11
  3.4203E-09  3.7132E-06  2.2982E-07  4.1109E-10  1.4220E-11
  3.3070E-09  3.7077E-06  2.3397E-07  4.3127E-10  1.7121E-11
  3.0964E-09  3.6946E-06  2.3572E-07  4.4272E-10  1.9442E-11
  2.7451E-09  3.6721E-06  2.3501E-07  4.4555E-10  2.0669E-11
  2.0244E-09  3.6264E-06  2.3073E-07  4.3998E-10  2.0941E-11
  1.2755E-09  3.5509E-06  2.2204E-07  4.2448E-10  2.0068E-11
  2.4027E-10  6.9867E-08  6.3330E-11  5.0381E-14  5.6088E-16
  6.1805E-10  2.0818E-07  2.0092E-10  1.5992E-13  1.7821E-15
  1.3493E-09  6.1157E-07  7.0571E-10  5.6269E-13  6.2721E-15
  2.0725E-09  1.2681E-06  1.9948E-09  1.5967E-12  1.7851E-14
  2.6801E-09  2.0833E-06  5.2745E-09  4.2593E-12  4.7826E-14
  3.0443E-09  2.6968E-06  1.1363E-08  9.3210E-12  1.0568E-13
  3.2874E-09  3.1554E-06  2.4218E-08  2.0534E-11  2.3745E-13
  3.4140E-09  3.4094E-06  4.5357E-08  4.0685E-11  4.8742E-13
  3.4873E-09  3.5643E-06  8.1677E-08  8.1309E-11  1.0513E-12
  3.5165E-09  3.6378E-06  1.2233E-07  1.3878E-10  2.0203E-12
  3.5196E-09  3.6784E-06  1.6379E-07  2.1656E-10  3.8005E-12
  3.4986E-09  3.6960E-06  1.9228E-07  2.8705E-10  6.1943E-12
  3.4436E-09  3.7028E-06  2.1271E-07  3.5053E-10  9.5453E-12
  3.3508E-09  3.7007E-06  2.2368E-07  3.9148E-10  1.2882E-11
  3.1771E-09  3.6885E-06  2.2987E-07  4.1909E-10  1.6210E-11
  2.9096E-09  3.6649E-06  2.3159E-07  4.3147E-10  1.8482E-11
  2.3858E-09  3.6168E-06  2.2927E-07  4.3299E-10  1.9842E-11
  1.6725E-09  3.5372E-06  2.2199E-07  4.2204E-10  1.9828E-11
  3.4712E-11  1.0243E-08  1.1960E-11  1.0076E-14  1.2401E-16
  9.8831E-11  2.9757E-08  3.5065E-11  2.9547E-14  3.6364E-16
  3.0916E-10  1.0028E-07  1.2204E-10  1.0286E-13  1.2662E-15
  7.7910E-10  2.9939E-07  3.9704E-10  3.3499E-13  4.1258E-15
  1.5891E-09  8.2447E-07  1.3695E-09  1.1589E-12  1.4299E-14
  2.2932E-09  1.5500E-06  3.6504E-09  3.1081E-12  3.8493E-14
  2.8372E-09  2.3359E-06  9.0344E-09  7.7969E-12  9.7348E-14
  3.1458E-09  2.8794E-06  1.8528E-08  1.6368E-11  2.0753E-13
  3.3421E-09  3.2659E-06  3.7441E-08  3.4682E-11  4.5370E-13
  3.4371E-09  3.4718E-06  6.5664E-08  6.5541E-11  9.0567E-13
  3.4818E-09  3.5937E-06  1.0727E-07  1.2082E-10  1.8587E-12
  3.4834E-09  3.6497E-06  1.4672E-07  1.8818E-10  3.3557E-12
  3.4458E-09  3.6778E-06  1.8194E-07  2.6658E-10  5.8347E-12
  3.3681E-09  3.6852E-06  2.0390E-07  3.2865E-10  8.8021E-12
  3.2148E-09  3.6775E-06  2.1819E-07  3.7798E-10  1.2404E-11
  2.9831E-09  3.6542E-06  2.2437E-07  4.0512E-10  1.5417E-11
  2.5622E-09  3.6029E-06  2.2496E-07  4.1725E-10  1.7787E-11
  1.9633E-09  3.5181E-06  2.1945E-07  4.1267E-10  1.8687E-11
  8.0364E-12  2.5548E-09  3.8050E-12  3.3723E-15  4.5351E-17
  1.9423E-11  6.1866E-09  9.2303E-12  8.1807E-15  1.1011E-16
  5.7031E-11  1.8322E-08  2.7494E-11  2.4368E-14  3.2767E-16
  1.6243E-10  5.3952E-08  8.2285E-11  7.2949E-14  9.8269E-16
  4.9794E-10  1.8488E-07  2.9826E-10  2.6462E-13  3.5595E-15
  1.1379E-09  5.2324E-07  9.6979E-10  8.6215E-13  1.1613E-14
  1.9882E-09  1.2245E-06  3.0752E-09  2.7492E-12  3.7162E-14
  2.5993E-09  1.9795E-06  7.4240E-09  6.7081E-12  9.1297E-14
  3.0288E-09  2.6712E-06  1.6838E-08  1.5557E-11  2.1490E-13
  3.2567E-09  3.1047E-06  3.2365E-08  3.1031E-11  4.3989E-13
  3.3882E-09  3.3939E-06  6.0436E-08  6.2156E-11  9.2968E-13
  3.4358E-09  3.5397E-06  9.6212E-08  1.0900E-10  1.7780E-12
  3.4283E-09  3.6207E-06  1.3913E-07  1.7959E-10  3.3901E-12
  3.3691E-09  3.6523E-06  1.7272E-07  2.5057E-10  5.6285E-12
  3.2341E-09  3.6571E-06  1.9839E-07  3.1927E-10  8.8372E-12
  3.0237E-09  3.6379E-06  2.1183E-07  3.6439E-10  1.2041E-11
  2.6549E-09  3.5855E-06  2.1733E-07  3.9159E-10  1.5114E-11
  2.1417E-09  3.4954E-06  2.1444E-07  3.9614E-10  1.6854E-11
  3.2320E-12  1.0942E-09  2.0272E-12  1.8790E-15  2.7331E-17
  6.5906E-12  2.2388E-09  4.1498E-12  3.8464E-15  5.5991E-17
  1.5621E-11  5.3265E-09  9.8878E-12  9.1650E-15  1.3329E-16
  3.8148E-11  1.3076E-08  2.4362E-11  2.2582E-14  3.2880E-16
  1.1423E-10  3.9989E-08  7.5420E-11  6.9924E-14  1.0171E-15
  3.2650E-10  1.2201E-07  2.3831E-10  2.2106E-13  3.2164E-15
  9.0489E-10  4.0399E-07  8.8324E-10  8.2089E-13  1.1959E-14
  1.6892E-09  9.6517E-07  2.6498E-09  2.4741E-12  3.6158E-14
  2.4450E-09  1.7868E-06  7.2709E-09  6.8637E-12  1.0105E-13
  2.9025E-09  2.4693E-06  1.5674E-08  1.5083E-11  2.2506E-13
  3.1945E-09  3.0061E-06  3.2309E-08  3.2299E-11  4.9562E-13
  3.3298E-09  3.3115E-06  5.7079E-08  6.0533E-11  9.7384E-13
  3.3789E-09  3.4995E-06  9.4963E-08  1.1103E-10  1.9553E-12
  3.3507E-09  3.5846E-06  1.3342E-07  1.7427E-10  3.4844E-12
  3.2390E-09  3.6191E-06  1.6983E-07  2.5024E-10  6.0004E-12
  3.0478E-09  3.6120E-06  1.9263E-07  3.1061E-10  8.9132E-12
  2.7102E-09  3.5629E-06  2.0542E-07  3.5515E-10  1.2224E-11
  2.2513E-09  3.4695E-06  2.0664E-07  3.7189E-10  1.4581E-11
  1.3585E-12  4.9591E-10  1.1864E-12  1.1588E-15  1.8502E-17
  2.6413E-12  9.6576E-10  2.3109E-12  2.2571E-15  3.6005E-17
  5.4722E-12  2.0066E-09  4.8036E-12  4.6919E-15  7.4916E-17
  1.0969E-11  4.0372E-09  9.6744E-12  9.4495E-15  1.5075E-16
  2.5346E-11  9.3804E-09  2.2534E-11  2.2011E-14  3.5136E-16
  6.0752E-11  2.2698E-08  5.4860E-11  5.3593E-14  8.5610E-16
  1.8144E-10  7.0073E-08  1.7284E-10  1.6892E-13  2.6953E-15
  5.0697E-10  2.1451E-07  5.6024E-10  5.4815E-13  8.7557E-15
  1.2452E-09  6.4855E-07  1.9985E-09  1.9626E-12  3.1429E-14
  2.0309E-09  1.3325E-06  5.4533E-09  5.3983E-12  8.6950E-14
  2.6756E-09  2.1457E-06  1.3493E-08  1.3594E-11  2.2181E-13
  3.0291E-09  2.7376E-06  2.6954E-08  2.7961E-11  4.6660E-13
  3.2245E-09  3.1665E-06  5.1328E-08  5.6236E-11  9.8204E-13
  3.2756E-09  3.3928E-06  8.3215E-08  9.8409E-11  1.8466E-12
  3.2168E-09  3.5152E-06  1.2376E-07  1.6309E-10  3.4615E-12
  3.0583E-09  3.5487E-06  1.5710E-07  2.2955E-10  5.6639E-12
  2.7543E-09  3.5184E-06  1.8180E-07  2.9251E-10  8.6665E-12
  2.3407E-09  3.4273E-06  1.9103E-07  3.2750E-10  1.1348E-11
  5.7760E-13  2.2559E-10  6.7411E-13  6.8911E-16  1.1923E-17
  1.2146E-12  4.7471E-10  1.4186E-12  1.4502E-15  2.5092E-17
  2.5898E-12  1.0135E-09  3.0294E-12  3.0969E-15  5.3592E-17
  5.0231E-12  1.9694E-09  5.8898E-12  6.0209E-15  1.0429E-16
  1.0389E-11  4.0875E-09  1.2236E-11  1.2509E-14  2.1654E-16
  2.0857E-11  8.2451E-09  2.4730E-11  2.5283E-14  4.3745E-16
  4.8785E-11  1.9459E-08  5.8660E-11  5.9977E-14  1.0378E-15
  1.2030E-10  4.8904E-08  1.4929E-10  1.5268E-13  2.6428E-15
  3.6369E-10  1.5745E-07  5.0150E-10  5.1341E-13  8.8937E-15
  9.1029E-10  4.5361E-07  1.6109E-09  1.6537E-12  2.8706E-14
  1.7713E-09  1.1114E-06  5.0820E-09  5.2578E-12  9.1805E-14
  2.4421E-09  1.8619E-06  1.2075E-08  1.2678E-11  2.2415E-13
  2.8991E-09  2.5721E-06  2.6383E-08  2.8535E-11  5.1672E-13
  3.1004E-09  3.0190E-06  4.7834E-08  5.4161E-11  1.0207E-12
  3.1408E-09  3.3050E-06  8.1275E-08  9.9352E-11  2.0179E-12
  3.0372E-09  3.4255E-06  1.1657E-07  1.5605E-10  3.5237E-12
  2.7738E-09  3.4436E-06  1.5045E-07  2.2363E-10  5.8894E-12
  2.3944E-09  3.3695E-06  1.6908E-07  2.7280E-10  8.4011E-12
  1.7120E-13  7.1972E-11  2.7361E-13  2.9385E-16  5.5603E-18
  4.1525E-13  1.7460E-10  6.6379E-13  7.1292E-16  1.3490E-17
  1.0187E-12  4.2854E-10  1.6294E-12  1.7500E-15  3.3112E-17
  2.1574E-12  9.0822E-10  3.4540E-12  3.7097E-15  7.0194E-17
  4.6201E-12  1.9478E-09  7.4113E-12  7.9600E-15  1.5061E-16
  8.9660E-12  3.7888E-09  1.4428E-11  1.5496E-14  2.9335E-16
  1.8507E-11  7.8541E-09  2.9965E-11  3.2186E-14  6.0906E-16
  3.7134E-11  1.5866E-08  6.0751E-11  6.5259E-14  1.2353E-15
  8.7749E-11  3.8038E-08  1.4703E-10  1.5798E-13  2.9941E-15
  2.1915E-10  9.8122E-08  3.8826E-10  4.1746E-13  7.9085E-15
  6.2416E-10  3.0740E-07  1.3110E-09  1.4127E-12  2.6808E-14
  1.3234E-09  7.7110E-07  3.8786E-09  4.2028E-12  8.0180E-14
  2.1390E-09  1.5462E-06  1.0660E-08  1.1710E-11  2.2581E-13
  2.6490E-09  2.2509E-06  2.2613E-08  2.5434E-11  5.0042E-13
  2.9157E-09  2.8223E-06  4.4374E-08  5.2160E-11  1.0681E-12
  2.9379E-09  3.1316E-06  7.2606E-08  9.0777E-11  1.9788E-12
  2.7575E-09  3.2743E-06  1.0798E-07  1.4756E-10  3.5745E-12
  2.4274E-09  3.2574E-06  1.3505E-07  2.0140E-10  5.5519E-12
  4.6069E-14  2.0626E-11  9.6532E-14  1.0821E-16  2.2163E-18
  1.2644E-13  5.6612E-11  2.6495E-13  2.9700E-16  6.0829E-18
  3.5578E-13  1.5932E-10  7.4570E-13  8.3592E-16  1.7120E-17
  8.5540E-13  3.8318E-10  1.7936E-12  2.0106E-15  4.1178E-17
  2.0726E-12  9.2903E-10  4.3496E-12  4.8760E-15  9.9862E-17
  4.3405E-12  1.9476E-09  9.1231E-12  1.0227E-14  2.0945E-16
  9.2146E-12  4.1435E-09  1.9428E-11  2.1781E-14  4.4610E-16
  1.7845E-11  8.0520E-09  3.7822E-11  4.2403E-14  8.6943E-16
  3.7197E-11  1.6897E-08  7.9677E-11  8.9340E-14  1.8301E-15
  7.6922E-11  3.5348E-08  1.6799E-10  1.8841E-13  3.8624E-15
  1.9197E-10  9.0717E-08  4.4036E-10  4.9423E-13  1.0133E-14
  4.7763E-10  2.4042E-07  1.2297E-09  1.3826E-12  2.8388E-14
  1.1358E-09  6.6225E-07  3.9108E-09  4.4214E-12  9.1227E-14
  1.8777E-09  1.3167E-06  9.9525E-09  1.1384E-11  2.3728E-13
  2.4704E-09  2.0914E-06  2.2999E-08  2.6964E-11  5.7454E-13
  2.7083E-09  2.6355E-06  4.2500E-08  5.1775E-11  1.1444E-12
  2.6733E-09  2.9776E-06  7.1701E-08  9.3083E-11  2.2031E-12
  2.4203E-09  3.0727E-06  1.0007E-07  1.4002E-10  3.6395E-12
  1.2672E-14  5.9900E-12  3.3627E-14  3.9144E-17  8.6090E-19
  3.6869E-14  1.7427E-11  9.7836E-14  1.1389E-16  2.5046E-18
  1.1567E-13  5.4681E-11  3.0698E-13  3.5734E-16  7.8589E-18
  3.1098E-13  1.4701E-10  8.2540E-13  9.6080E-16  2.1130E-17
  8.5281E-13  4.0327E-10  2.2643E-12  2.6359E-15  5.7968E-17
  1.9973E-12  9.4494E-10  5.3071E-12  6.1778E-15  1.3586E-16
  4.6915E-12  2.2220E-09  1.2486E-11  1.4535E-14  3.1968E-16
  9.5921E-12  4.5513E-09  2.5603E-11  2.9805E-14  6.5639E-16
  2.0079E-11  9.5620E-09  5.3911E-11  6.2765E-14  1.3805E-15
  3.9096E-11  1.8731E-08  1.0603E-10  1.2346E-13  2.7208E-15
  8.4728E-11  4.1112E-08  2.3486E-10  2.7357E-13  6.0201E-15
  1.8703E-10  9.2968E-08  5.4146E-10  6.3118E-13  1.3919E-14
  4.7749E-10  2.5239E-07  1.5513E-09  1.8121E-12  3.9977E-14
  1.0266E-09  6.1011E-07  4.2194E-09  4.9546E-12  1.0982E-13
  1.7905E-09  1.2849E-06  1.1373E-08  1.3530E-11  3.0349E-13
  2.2974E-09  1.9668E-06  2.3941E-08  2.9151E-11  6.6831E-13
  2.4871E-09  2.5298E-06  4.5534E-08  5.7853E-11  1.3854E-12
  2.3580E-09  2.7878E-06  7.0266E-08  9.4505E-11  2.4137E-12
  4.5502E-15  2.2538E-12  1.4865E-14  1.7897E-17  4.2006E-19
  1.2182E-14  6.0349E-12  3.9805E-14  4.7921E-17  1.1248E-18
  3.8152E-14  1.8902E-11  1.2467E-13  1.5009E-16  3.5228E-18
  1.0905E-13  5.4029E-11  3.5637E-13  4.2903E-16  1.0070E-17
  3.3176E-13  1.6439E-10  1.0843E-12  1.3055E-15  3.0640E-17
  8.5944E-13  4.2594E-10  2.8099E-12  3.3830E-15  7.9400E-17
  2.2576E-12  1.1195E-09  7.3873E-12  8.8939E-15  2.0874E-16
  5.0689E-12  2.5160E-09  1.6613E-11  2.0002E-14  4.7041E-16
  1.1400E-11  5.6705E-09  3.7495E-11  4.5145E-14  1.0607E-15
  2.2708E-11  1.1334E-08  7.5133E-11  9.0472E-14  2.1257E-15
  4.7473E-11  2.3867E-08  1.5906E-10  1.9157E-13  4.4981E-15
  9.5898E-11  4.8823E-08  3.2861E-10  3.9596E-13  9.3011E-15
  2.2368E-10  1.1718E-07  8.0815E-10  9.7482E-13  2.2939E-14
  5.0189E-10  2.7829E-07  2.0227E-09  2.4457E-12  5.7668E-14
  1.0857E-09  6.8166E-07  5.6461E-09  6.8720E-12  1.6292E-13
  1.7236E-09  1.2798E-06  1.3188E-08  1.6267E-11  3.9063E-13
  2.1707E-09  1.9664E-06  2.8210E-08  3.5771E-11  8.8327E-13
  2.2203E-09  2.3962E-06  4.7841E-08  6.3189E-11  1.6302E-12
